0.0011100227005451
0.001115516643513
0.0011106937983048
0.0011196099379108
0.0011103150140403
0.0011218075202406
0.0011115885427135
0.0011181049441844
0.0011082267744009
0.0011201917727358
0.0011102873902985
0.0011179043913798
0.0010993172173221
0.001104245603539
0.0010988988118054
0.0011062149273734
0.0010944127604883
0.0010960388809438
0.0010887819515249
0.001098236779655
0.0010909636350477
0.0011032991346224
0.0010977036832717
0.0011087101449275
0.0011042683745645
0.0011079479162971
0.0011075285496182
0.0011245951825668
0.0011175025365019
0.0011342862241909
0.0011245004078524
0.0011280398877819
0.0011187652145418
0.0011262123139571
0.0011136493627263
0.0011247357787545
0.0011128617289779
0.0011204703548681
0.0011134598991081
0.0011212442116869
0.0011047961313869
0.0011118195435491
0.0011078675873125
0.0011247655801013
0.0011172951048444
0.0011335002223127
0.0011186570289497
0.0011287658955306
0.0011258600133338
0.0011303849208516
0.0011321633500983
0.0011376576408622
0.0011246954049458
0.0011311134056832
0.0011139913991454
0.0011123026604297
0.0011031517333381
0.0011065264984573
0.0011007355035604
0.0010386926348542