0.0061023657810524
0.0063067760852176
0.006288850900933
0.0061151391020998
0.0061039498432024
0.0061914971784753
0.0062120383843409
0.0061047831732157
0.0060275184401013
0.0058084009763027
0.0056233453662169
0.0053605423883983
0.0050640857158446
0.0048991903814926
0.0048745503647225
0.0045495130909945
0.0044178150638019
0.00424234462836
0.0041614882135705
0.0041115041863982
0.004271840577336
0.0044384653904969
0.0047271968414813
0.0047830424849773
0.0050464042239505
0.0050506935519569
0.0053570842254235
0.0054843247767049
0.005635165712823
0.0056556798086653
0.0059084538280847
0.0058028437175588
0.005862008784719
0.0056899354966078
0.0058244930659427
0.0058438993983066
0.0057965786734858
0.0057248912196639
0.0057935906335087
0.0057191478896401
0.0058384702488021
0.0056489954205356
0.0057221960284496
0.0056486530597513
0.005648000740955
0.0054906963451596
0.0055034180101883
0.0056142609997991
0.0056867431269598
0.00579227157342
0.005731969015242
0.0056158936189775
0.0057755379104476
0.0056403995968111
0.0058796852492887
0.0058391961627644
0.0060379837691941
0.0059167853161923
0.0060050281430345
0.0055518548745182