0.0012359326691481
0.0012580386126711
0.0012485327605897
0.0012545681494986
0.0012362135829089
0.0012379687756032
0.001230856902722
0.0012420804100879
0.0012406136843037
0.0012467320316566
0.0012353793605444
0.0012371970700756
0.0012297903660536
0.0012401317072295
0.0012240253793204
0.001235295330095
0.0012214250680181
0.0012354800600303
0.0012353315054377
0.0012639891282575
0.0012669890101971
0.0012766378729066
0.0012749793407697
0.001290401645967
0.0012970930630993
0.0013145510956709
0.0013106188332602
0.0013280299720284
0.0013228799920524
0.0013215310229585
0.001298275570395
0.0013003690862924
0.0012949468853307
0.001302494833175
0.0012748466455954
0.0012745481186751
0.0012614664595038
0.0012626230922835
0.0012485750655118
0.0012574384844998
0.0012457564385843
0.0012544151793008
0.0012496094593876
0.0012543210374537
0.0012362391748068
0.0012337191942478
0.0012198444229913
0.0012449466591084
0.0012456566880492
0.0012408469536133
0.0012245154711028
0.0012379235337653
0.0012181212432988
0.0012220076909156
0.0021445122910889
0.0021466614418321
0.0021363553461398
0.0021602482974515
0.0021479025901103
0.0022395780979828