0.0055762499909869
0.0056476314145711
0.0055831437458181
0.0058241404987133
0.0057451042278171
0.0059612580277755
0.0055516153915783
0.0056371242109205
0.0052733940339105
0.0054671858845634
0.0052723189098471
0.0052548073546462
0.0050503567729927
0.0050056896589084
0.0048310835159216
0.0047941221193547
0.0045564179203978
0.0047618124403808
0.0046102805007427
0.0047091391461322
0.0046137280798311
0.0048904123160742
0.0049307589896953
0.0052058977537075
0.0052685540134206
0.0054152017108017
0.0054636411330137
0.0057720787159674
0.0057241296806612
0.0058223806927284
0.0057741057116954
0.005930166067776
0.0056783056523882
0.0058646231750477
0.0056572407599369
0.0056749277038751
0.0055721062332195
0.0056415435477753
0.0054676465534504
0.0054642800065618
0.0054367952742955
0.005645169496279
0.0054063343710971
0.005586851438277
0.005453633788327
0.0056071016607029
0.0055899508166903
0.0057065479787081
0.005536286202944
0.0056651477046642
0.005604790752437
0.0056744853350659
0.0055754313556186
0.0058507905034072
0.0056865884404946
0.0057422638030289
0.0055859285340608
0.0055484482639771
0.0053102381880796
0.0051465572126131