0.011739061533968
0.0160751076757696
0.0199073145591577
0.0214723360759609
0.0212163873614432
0.0212046510942832
0.0211649865113419
0.0215129421560338
0.0198213643126119
0.0162866999835002
0.0131806347485907
0.0107691675361269
0.0064289166697009
0.0030282631684102
0.0011909782128356
0.0011662140914895
0.0011495603256448
0.0011563730997419
0.0011410213024632
0.0011427552882554
0.0011500555827575
0.0011650150040027
0.0011557639214551
0.0015899419010515
0.0059570273488577
0.0089967600851553
0.0128329833996391
0.015786641068571
0.0208239957090828
0.0224426289707758
0.0233011423189842
0.0231335847156621
0.022652638619627
0.0225166248107842
0.0222478406311638
0.0180723098416863
0.0151715454195618
0.011106572889887
0.0085087187745042
0.0031210579295154
0.0016240917434514
0.0011500433151185
0.0011547337021804
0.0011668169257981
0.0011772920634924
0.0011804527339538
0.0011828434976338
0.0011797095049792
0.0011792240475228
0.0016327753862438
0.0063404958369732
0.0082361785520474
0.0119658715006148
0.0155674321019063
0.0200758864584648
0.0250179334395312
0.0263236074245013
0.0260518807291662
0.0262738552734131
0.0270428750663369