0.0087305564781909
0.0122391634354653
0.0146219195379188
0.0157353895991022
0.0155689658501705
0.015572295188464
0.0156577767698362
0.0160358943839675
0.0146225133562924
0.0124928459265065
0.0102199945983191
0.0081996750049556
0.0047376489051097
0.0023630729645283
0.0011064327895473
0.0011133775528902
0.0010801015466277
0.0010731668242381
0.0010613271288895
0.0010696314413537
0.0010624345167951
0.0010631659685291
0.0010708116661445
0.0021527003380212
0.0047532873629137
0.0061469597874322
0.0099244639397406
0.0125547515795564
0.0159925107392425
0.0169263342472249
0.0172789382718314
0.0170224450220342
0.0169628522845367
0.0171150988118702
0.0159394552381975
0.0136650487552436
0.0120369595320499
0.0082546102704756
0.0056352304097838
0.0024261881955593
0.0014031760675151
0.0011121060268452
0.0010842933214338
0.001080877505368
0.0010706757843203
0.0010798094946176
0.0010823223056738
0.0010893939836341
0.0011035449743346
0.0014633876428431
0.0031465190229653
0.0062699017028008
0.0079591205558358
0.0118545189479338
0.0151185408508994
0.0195619894856126
0.0202665554626129
0.0199897727427352
0.0204974140392184
0.0205590788378474