0.0066979658331955
0.0067974594109518
0.007195385829527
0.0071914601596184
0.0073066795015148
0.0070493844397355
0.0070686294347372
0.0068769995834314
0.0065862028700258
0.006197542662116
0.0059827706327435
0.005593981640674
0.0053522661592724
0.0048281950075777
0.0048040147993095
0.0045885286655237
0.0046562224650113
0.0044909334218133
0.0047201126494999
0.0047296668988142
0.0047649166391851
0.0048352362239216
0.0050100196895319
0.0051246956560281
0.0054737652560122
0.0055599544358942
0.0059150102646113
0.0060533982915493
0.0063590488188123
0.0062018545228019
0.0063601701505392
0.0063872654713188
0.0064239853059141
0.006381745110798
0.0063202001584173
0.0061362091906977
0.0060592653397186
0.005937452426087
0.005851876326538
0.0056325398412177
0.005709583150369
0.0056254476533636
0.0057860744237301
0.005708113575738
0.0057754770235081
0.0057214171581576
0.0058394147204527
0.0057289572731979
0.0057233557697419
0.005755429140027
0.0060256322251741
0.0061540006685579
0.0063496617307406
0.0064643707825031
0.0067891941003268
0.0069130111395508
0.0070511792325385
0.0069109106992891
0.0069233704118902
0.0066814474121083