0.0033251350870504
0.0037216605229011
0.0044749873944236
0.0048750034372428
0.004822065052514
0.0047916150592666
0.0048582329526914
0.0048437433656956
0.0044847425327604
0.0037922602862093
0.0034043030060345
0.0026301756255368
0.0021886398198635
0.0014745598415082
0.0011266619966548
0.0011278987987495
0.0011025722220152
0.0011141642477813
0.0010969373576309
0.0011188791526326
0.0011127593726848
0.0011270320766243
0.0011096100258286
0.0021248951345737
0.0027367325853536
0.0031558138071066
0.0039071239337953
0.0044878633693693
0.00516191672166
0.0057349504986335
0.0058432839838004
0.0059617890781191
0.0058466008328806
0.0058708322368419
0.004902198375913
0.0043020432483119
0.0037979126832263
0.0030130128040974
0.0024226571974477
0.0018083449508166
0.0012041139589905
0.0011461845499853
0.001122065248666
0.0011246934436871
0.0011217334098611
0.0011350995437874
0.001117300556017
0.001131235768896
0.0011292149868808
0.0012338188085043
0.0020296970722747
0.0030262029178444
0.0037365940624216
0.004246808603147
0.0049842586036103
0.0055211018633095
0.0057052521444571
0.0055899988857051
0.0055740140007434
0.0060884838410178