0.0008782622850687
0.0008689883142173
0.000862449049931
0.0008692116113661
0.0008691784747543
0.0008679201786358
0.0008647409294264
0.0008705180167336
0.0008570555228915
0.0008574614358575
0.0008711762730644
0.0008789222857151
0.0008954250391769
0.0008990262749513
0.0008927632291588
0.0008850024168971
0.0008848831927435
0.000896846973679
0.0009051609275396
0.0009090700759931
0.0009045260296238
0.0008995763262713
0.0008892515281938
0.0008788818500517
0.000878569000107
0.000881262848778
0.0008884860513626
0.0008889734096853
0.0008779695750629
0.0008713942917184
0.0008644968964465
0.0008622659482681
0.0008589793104697
0.0008591679354208
0.0008550169439189
0.000858830361857
0.0008542734962423
0.0008467018883035
0.0008503244535898
0.00084914951992
0.0008454495731429
0.0008502789665073
0.0008564262147859
0.0008511444071934
0.0008530098734463
0.0008482779166295
0.0008409829907893
0.000853698791014
0.0008571835744379
0.0008511953516166
0.000860816969848
0.000866794130953
0.0008747171776019
0.0008742541047002
0.0008742365707203
0.0008747860235134
0.0008852965974976
0.0008910323365276
0.0008847058963319
0.000838912220538