0.0011065000983108
0.001105168921496
0.0011113034962509
0.0011073142162682
0.0011039594626275
0.0010222903698415
0.0010159780735527
0.0010047392536859
0.0010010493759976
0.0010014183237858
0.0057975571610553
0.009264821675718
0.0135057985647434
0.0176186122313635
0.020510033970276
0.0255766645189709
0.0292987342509833
0.0332790687327398
0.0372763320406995
0.039634818440204
0.0424276863703432
0.0405722354042677
0.0411409409821348
0.0399985347386263
0.0400773892387583
0.0393397597265363
0.0396475225409102
0.0382405693059449
0.0368221207453237
0.0352242020126055
0.035493306132479
0.0331108551129199
0.0304339055168953
0.0265471605476617
0.0237278851907052
0.0196764892804802
0.0172960005538382
0.0127250034024741
0.0097907127857376
0.0074948482533344
0.0058979050824329
0.0030731998936151
0.0030340925659645
0.0028888297662888
0.0024868986755445
0.002462571446444
0.0023595381718776
0.0021860357892434
0.0018382526605066
0.0019975890053318
0.0019732660157311
0.0018139242792137
0.0018164522073276
0.0018248932625972
0.0021678366350067
0.0019347439596951
0.0019615112791614
0.0019408258944156
0.00193072779828
0.0016793902769051