0.0056121093739776
0.0060556849954237
0.0060225316012496
0.0060065700567439
0.0061561352453179
0.0061878975211775
0.0055480052510415
0.0059291926965362
0.0056463333888641
0.0057098745724467
0.0056830813650668
0.0073670592167404
0.0108125490803198
0.0146769953591118
0.0202006371981532
0.02478993378962
0.0293336950876747
0.0346444671938642
0.0395278848877532
0.0442566452010724
0.0495309497469867
0.0549307973852644
0.0571312497018541
0.0579846822562648
0.0586183473614752
0.0610198096718351
0.0652167568306505
0.0683708605668015
0.0724788165019497
0.0781440063971613
0.0823904716725548
0.0898364533017247
0.0940021028987096
0.099026862463181
0.1028140439059107
0.1100608954369591
0.1103140326649304
0.1121663471713472
0.1128330746409572
0.11475463996151
0.1156263584870952
0.1207368725363256
0.1199202397001031
0.1228073441558442
0.1246114892843715
0.1245310674437819
0.1266007300236237
0.12662354130933
0.1239706746437213
0.1236356583121341
0.1222363972169158
0.1235482572208858
0.1209695570808575
0.1213955916609707
0.1187228844804622
0.1208944376676704
0.1205851027873289
0.123394849010937
0.1231326564028776
0.1247620818314926