0.0062635082147757
0.0063242509069143
0.0062036165167474
0.0063693069917153
0.0061956789610485
0.0061280864128874
0.0060530352601677
0.0061775451632869
0.0060957841647987
0.0061280594237251
0.0058544273849853
0.0059074041818116
0.0057459271451994
0.0056847766465218
0.0054083347734554
0.0053951581742887
0.0053242532527029
0.0052574845678449
0.0050652018031391
0.0049128337199608
0.0047406265526004
0.0048618418731586
0.0047076491828131
0.0048790944956295
0.0048617154906011
0.0049150040284186
0.0048365996477516
0.0048031523350086
0.0046248978447003
0.0046740818764568
0.0044702925384421
0.0045625320439687
0.0044653489563324
0.0044932014652667
0.0042258661410153
0.004273823958819
0.004247331976083
0.004247331976083
0.0041762678951353
0.0043709548425218
0.0042211110771773
0.0043474575892045
0.0042974055268975
0.0043663811987845
0.004228170087116
0.0043402383562149
0.0042006149548307
0.0043845088322594
0.0040737873778741
0.0044182177873408
0.0043237563158941
0.004469673172704
0.0044312649877014
0.0045038493740574
0.0044608302290995
0.0045466300751336
0.0045538914215641
0.0046916693252099
0.0045272862312252
0.0046989505197274