0.0011771167422738
0.0011706497509396
0.0011756891086642
0.0011627605731496
0.0011605346216357
0.0011618844369916
0.0011529565418935
0.0010859890117635
0.0011404170034667
0.0011439814868071
0.0011191085483144
0.0064397727836732
0.0198259607747221
0.0374342560086662
0.0552105348622523
0.0741332083279354
0.0955420753324286
0.1147733524364367
0.1364628159840883
0.1561121225160698
0.1744638280982194
0.1931319417288043
0.202098574021482
0.2149002943536457
0.2114866733714408
0.2192962310764171
0.2351005071102765
0.2482533446858271
0.2728863950116524
0.2903187427106521
0.3044591987480723
0.3361570791247326
0.3358165146135344
0.3527897233980009
0.3538017498197677
0.3606554315922911
0.3493320294596356
0.3410819699082636
0.3309553819900477
0.32224784641714
0.3125438041586162
0.3243223984500843
0.311507926030928
0.3188109327954558
0.3089943978879138
0.3281402083806025
0.3349174442392779
0.3347485546656799
0.3287690369511692
0.342983527984776
0.3333080981581721
0.3482644049064191
0.3421017771373151
0.3326028860973059
0.3292048023963269
0.3349196846879667
0.334487768983666
0.3475801943437404
0.3400215305485132
0.3514908526358713