0.0010529061559204
0.0010440790231456
0.001043712026467
0.0010445325311293
0.0010435426701131
0.0010368196230499
0.0010193022844881
0.001007942446611
0.0009351903212467
0.0009979239036259
0.0009883633119967
0.0009825386440008
0.0009842870034438
0.0009870099149373
0.0009824242170277
0.0009792040005014
0.0009854860398753
0.0009934608520384
0.0009968534397527
0.0009967669057833
0.001008950049132
0.0010158631481823
0.0010236523386727
0.0010562754203651
0.0010523181842657
0.0010574265749535
0.0010514995040845
0.0010454594962559
0.0010334475515649
0.00102352507925
0.0010158429706769
0.0009942635962851
0.0009795195325781
0.0009698795872604
0.0009291265339366
0.0009203448596566
0.000905109931077
0.0008941037813662
0.0008985230735663
0.000893590549021
0.0008913119195912
0.0008896773737891
0.0008861141848466
0.0008854190126629
0.000884043637418
0.0008803496499701
0.000885068931859
0.0008901660470192
0.0008885104748348
0.0008724479449805
0.0008743313579256
0.0008376329854712
0.0008807342682552
0.0008905280450206
0.0008899000504068
0.0008876160916158
0.000882455955473
0.0008778062032637
0.000836266381262
0.0008876520186508