0.0058360003767308
0.0071638685410389
0.0095602543630586
0.0113588940678827
0.0133867267750693
0.0423228003185469
0.0446952183788235
0.0481306060759278
0.0511915752906098
0.0578385969768796
0.0601873758756373
0.0628205405588247
0.0660285107189929
0.0695193015150423
0.0718963749362237
0.0838925923653115
0.0610377616097435
0.0646082484869224
0.0668780785276944
0.071619773311489
0.0699967580265232
0.0737024539187814
0.0863201582593256
0.0902331434201587
0.0923034935639622
0.095229171532454
0.0985852386023501
0.1015868274269484
0.1059555493324135
0.1151537840874809
0.1183626011076755
0.1304898463367305
0.1338396055124567
0.1301502505779052
0.1301980926317327
0.1436308380385292
0.1460687924281746
0.1385600160555902
0.1522609333333376
0.1509633756482504
0.1435635048148082
0.143604353528818
0.1465623901822094
0.1458420127799065
0.1435997722162534
0.1436980777681131
0.1435812703715928
0.143838632559248
0.1439660896697583
0.1369273956479946
0.1433753259261914
0.1458326475477245
0.1453846043148207
0.1448085588539787
0.1434441209704819
0.1445861543978366
0.1468691900537139
0.1451162184781973
0.1447840636734587
0.1440876496908027