0.0058751294969231
0.0091577528726191
0.0120391009936445
0.0162632821196885
0.0217945214732636
0.0281442198743375
0.0331782048888888
0.0400839963326912
0.0493040582366971
0.0574119091054462
0.0668858711981382
0.0751729507585954
0.0850602159841704
0.0935613211036498
0.1021338643770785
0.1099583791502238
0.1183175071912393
0.1276922093422813
0.1380829657856107
0.1474720480309869
0.1551206503253711
0.1659301910637843
0.1759569002206585
0.185763982958494
0.1925447699091335
0.2058739199911262
0.2155035987495922
0.2254941703120228
0.2362715299916762
0.2422364921285541
0.2542837769292463
0.2640276753384948
0.2754010253148363
0.2858072020124262
0.2961677748706296
0.3108855328688883
0.3227089950526325
0.3409062327119685
0.3551130926258676
0.3661599335754785
0.3805158318633667
0.3900289344460108
0.4006543054513789
0.4088575796496179
0.414282360158384
0.4209299277071053
0.4225334714654261
0.4256872669264927
0.421464190556399
0.424647450530036
0.4217400177190333
0.4198263171787113
0.4233084672915661
0.4233493851068922
0.4240530090011294
0.4325376114209164
0.4339078757044526
0.4344951841407957
0.4342280014181839
0.4356386349037359