0.0050638035467908
0.0051708467045351
0.0050337164301014
0.0051366601865278
0.0050503844976215
0.0052027426731793
0.0051798076008651
0.0052897530722956
0.0051766351373461
0.0052741677801314
0.0052083815998061
0.0053046457624691
0.0053083431257132
0.0054444121057428
0.0053575468613775
0.0054905188931436
0.0053508858518013
0.0054603547019434
0.0053586928391623
0.0054530561502176
0.0053778695319891
0.0054784263371967
0.005394761882293
0.0054435531656359
0.0053465872759304
0.0053791009657924
0.0052070573246099
0.0052829370847408
0.0051259412314972
0.0051724914452739
0.0051392507713126
0.0051663352792792
0.0051057522472423
0.0051408607096881
0.0050502113334546
0.0052032041293623
0.0051791035987884
0.0053362065113013
0.0052417981665988
0.0054681914405737
0.0054066934466684
0.0055326160617276
0.005499810374714
0.0055403180259833
0.0055004044190392
0.0056241647285399
0.005432831662968
0.0055456584017516
0.0053979993140424
0.0055291196878337
0.0053170762871102
0.0053893129420148
0.005310844236257
0.0053334289144879
0.0051753194404016
0.0053252822802694
0.0051811181872413
0.0053220400391888
0.005196087017175
0.0053777513686713