0.0011219980430882
0.0011086454026954
0.0011162162239258
0.0011108110616588
0.0011258941531331
0.001045088978838
0.00111360618287
0.0010999258683543
0.0011023563888479
0.0010920722229299
0.0011042916666667
0.0011039206420454
0.0011195938367221
0.0011152538793417
0.0011258716319545
0.0011142441605109
0.0011226196231583
0.0011164925859015
0.0011304845526999
0.0011344423049469
0.0011472243567998
0.0011477206517735
0.0011550609724293
0.0012004620720559
0.0021285019982687
0.0046085159103713
0.0056609253377883
0.0069847952748701
0.0076115988491118
0.0074932249691424
0.007570665600882
0.0074657622078368
0.0076002705412303
0.0075150993175651
0.0074902239006686
0.0064675509174727
0.0040198191808373
0.0029700223113562
0.0016648347524947
0.0010974509396459
0.0011088893921335
0.0010937107446961
0.0011026554398001
0.0010931772289975
0.0011076582222951
0.0011065393070446
0.0011047813605196
0.0010962151255677
0.001100458919655
0.0010941889118906
0.0011019298038716
0.0011029950950226
0.0011122008028447
0.0011059996759836
0.0011121144106598
0.0011010278196443
0.0011081160707716
0.0010992813665851
0.0011007968027309
0.0010943366248915