0.0058997024896648
0.0058518703276588
0.0058796929678146
0.0056804430169987
0.0053542916761075
0.0057331772898241
0.0058154619116128
0.0056606234682039
0.0058730285988615
0.0057431702481501
0.0056406807908075
0.0052929915580966
0.0057877315175097
0.0056769782608694
0.0058628529706853
0.0057427350555391
0.0056970182069236
0.005688181593552
0.0057861746722505
0.0056612994809906
0.0054256549326438
0.0058111950996664
0.0058866167739066
0.0057171086705626
0.0059587921369898
0.0059083898673545
0.0061515510079414
0.0060894594089862
0.0061953422547681
0.0062439032915134
0.0063638362259971
0.006203296513326
0.006256649023346
0.0062262694962549
0.006310651944829
0.0061440771107857
0.0063226876542587
0.0062598972233885
0.0064159041809334
0.0063249638545559
0.0062270797433883
0.0061585005339076
0.0063192726218096
0.0061892294820717
0.0058291251332796
0.0062038273525813
0.0062308413165495
0.0061817943325903
0.0056880548898826
0.005845243319496
0.0058686430524298
0.0056652566992418
0.0056006668424209
0.0053512231516411
0.0053976194059621
0.0052982413418118
0.0053074720090416
0.0053447704147763
0.0051297145626049
0.0051599460536758