0.0011546068571008
0.0011470141516193
0.0011423991103041
0.0011453141089784
0.0011342837887
0.0010923106413088
0.0011544990055688
0.0011257626280467
0.001139704901658
0.0011506927046807
0.0011481279346962
0.0011455688016234
0.001140974329141
0.0011633032812075
0.0011432684827776
0.0011465667989296
0.0011290832213839
0.0010739109109036
0.0011375788148756
0.0011423459840489
0.0011420860786785
0.0011318627551958
0.001126101953032
0.0011277834609607
0.0011221333831734
0.0011498655274223
0.0011443163878811
0.0011446270949206
0.0010933510986903
0.0011467642038216
0.0011507632458495
0.0011351674636765
0.0011558528138528
0.0011693367031377
0.0011595946462019
0.0011468059195286
0.0011289563187116
0.0011485895054478
0.001066564438298
0.0011267809162682
0.0011605065882609
0.0011390155767179
0.0011474182017945
0.0011425654586886
0.0011267683956163
0.0011352924891803
0.0011581077977993
0.0011649394587022
0.0011534027803149
0.0011566647258524
0.0011586332119792
0.0011362958175606
0.0011487181541909
0.0011466658571139
0.0011623039961516
0.0011549425207247
0.0010633011704397
0.0011360762178812
0.0011334729981377
0.0011293880696062