0.0010883073645659
0.0010820094987838
0.0010873320798849
0.0010858830745397
0.0010902299996401
0.0010933097296202
0.0010904273241625
0.0010830735501087
0.0010877638952101
0.0010788486159326
0.001086792696989
0.001089994196127
0.0010938374031184
0.0011009434661253
0.0010964896499463
0.0010977855982574
0.0010930667721633
0.0010966130895439
0.0011018060928077
0.0010912398137795
0.0010992254507578
0.0010994676466594
0.001094098047507
0.0010841182272272
0.0010814959765114
0.0010657576032862
0.0010629798340115
0.0010537092071885
0.0010493785373091
0.0010454426648306
0.0010462580368009
0.0010400057207199
0.001044224391598
0.0009748394392317
0.0010419530604903
0.001034346127357
0.001036481270255
0.0010338051929396
0.0010443493334786
0.0010475976913133
0.001042439290295
0.0010502961732313
0.0010473450010898
0.0010488673681568
0.0010488642419229
0.0010553778692148
0.0009987705755576
0.0010521183365534
0.0010541965965817
0.0010527652652931
0.0010566348704176
0.0010664284193355
0.0010662453607216
0.0010726712929282
0.0010712161315152
0.0010665754544148
0.0010686441279814
0.0010743247125285
0.0010762522810949
0.0010779870328271