0.0058557874976693
0.0059433068563561
0.0057561131983286
0.0058350193865692
0.0057989049294476
0.0058441611768991
0.0058820405635349
0.005923270228388
0.0059456358649406
0.0061266238449482
0.006050307886745
0.0061201277128992
0.0057054220159643
0.0060539322243784
0.0059203899088003
0.0060231209964412
0.0060152924172826
0.0059973525161709
0.0059542219079595
0.0059589844620182
0.0057434393646157
0.0057367278861399
0.0056986423853178
0.005768056195235
0.0057363692833634
0.0058635271736165
0.0057162677442809
0.005763267166178
0.0056615822442207
0.00573996116684
0.0057283296474329
0.0058575012981789
0.0058268196373909
0.0059738510314754
0.0060617590940537
0.006122358948032
0.0060844266298502
0.0061985112446997
0.0062366556874957
0.0061138626034788
0.0061160591684337
0.0057276321073837
0.0059498564288958
0.0060452813347948
0.0058434330514318
0.0057955604260695
0.0056028118295994
0.005306767616916
0.0055709264939766
0.0056916014400524
0.0056606697310647
0.0053538441228645
0.0057159865106572
0.0057824777559374
0.005661529185069
0.0057320413447253
0.0058974367969138
0.0060459511249464
0.0056227270525968
0.0060290508518184