0.0010433631493686
0.0010365004972009
0.0010437164621397
0.0010403442404993
0.0010431296310086
0.0010395436148292
0.0010395503970678
0.0010295669825072
0.0010317317890286
0.0010415069592953
0.0010515938250054
0.0010527945102664
0.0010600444452434
0.0010608843758662
0.0010655306837466
0.0010637792418515
0.0010668241889094
0.0010148723449508
0.0010668604093179
0.0010669904671289
0.0010633617009591
0.0010627176328218
0.0010680858086424
0.0010584388594407
0.0010633608566007
0.0010709411307943
0.0010806412040872
0.0010842673251439
0.0010895946639393
0.0010975505839103
0.0010904435845731
0.0010820291982814
0.0010806040725223
0.0010165758253811
0.0010786207655484
0.0010740497318738
0.0010624081640091
0.00105607279047
0.0010512675381996
0.0010490277443568
0.0010413627370008
0.0010439110964647
0.001052702533224
0.0010572860758572
0.0010702442740355
0.0010192991465552
0.0010695444701465
0.0010714092676902
0.0010631671179195
0.0009933679056767
0.0010625449650375
0.0010606804560789
0.0010656068351261
0.0010630053764433
0.0011003076672044
0.0011012283775516
0.0010408656977277
0.0010937688869429
0.0010267526563121
0.0010911897375811