0.0011468343897577
0.0011438025259149
0.001140332543158
0.0011316918620895
0.0011444359638012
0.0011464430039094
0.001153134548611
0.0011543302807195
0.0011673675319172
0.0011605458258127
0.0011685347342575
0.0011546895668715
0.0011563833293614
0.0011605363178613
0.0011722218024441
0.0011618434976776
0.0011517015846201
0.0011508963149628
0.0011472490357018
0.0011446301703605
0.0011457974278291
0.0011420188501588
0.0011628018520523
0.0011624655527829
0.0011713421343329
0.0011562349439905
0.0011812501173667
0.0011725092747813
0.0011845060473757
0.0011726809920656
0.0011772754518825
0.0011726947662804
0.0011740359381528
0.0011706823480807
0.0011651156973789
0.0011583703584286
0.0011647232468367
0.0011384072903417
0.0011529268730536
0.001153949257054
0.0011538289340381
0.0011444297152215
0.001151331652253
0.0011492413380269
0.0011379962653453
0.0011325232581796
0.0011379865348278
0.0011326716211226
0.0011512074326954
0.0011313917278882
0.0011373082362881
0.0011355759919361
0.0011489898788783
0.0011424699163479
0.0011534313679331
0.0011563166076347
0.0011562894903478
0.0011561219978018
0.0011545484976181
0.0011425561912847