0.0010033904779756
0.0009997480076448
0.0010148487749981
0.0010043158426196
0.0010054771491056
0.0010016286582149
0.0009985460693152
0.0009918399214075
0.0009960732392814
0.0009938650678565
0.0010045314838474
0.0009962417692932
0.0009984260856769
0.0009918481257339
0.0010017345271178
0.0010003050514869
0.0010042771132961
0.0010144138892967
0.0010190258448209
0.0010191590732447
0.0010204498406217
0.0010183415577241
0.0010261696608632
0.0010283555989988
0.0010348392922026
0.0010345284433043
0.0010406763291116
0.0010408216271478
0.0010426694246786
0.0010401052323239
0.0010396781298645
0.0010471263206587
0.0010487478655669
0.0010459755612236
0.0010444873214701
0.0010413679754942
0.0010388302212373
0.0010285044338519
0.0010332647476704
0.0010296470598881
0.0010296492687532
0.0010265156344452
0.0010273571086389
0.001024956623767
0.0010307770307708
0.0010367542315628
0.0010435282594618
0.001042070338983
0.0010486962954783
0.0010445713669762
0.0010451786945301
0.0010482280322243
0.0010503015086363
0.0010468665226621
0.0010478563748218
0.0010387097775292
0.0010313647237105
0.0010201529528985
0.0010286681121711
0.0010308177323604