0.001372435508798
0.0013830157148053
0.0013629362422279
0.001384647920245
0.0013794411565435
0.0013983450819965
0.0013544549311676
0.0013386322795944
0.0013297286771507
0.0013331375443909
0.0013359697373635
0.0013352075596579
0.0013276297079204
0.0013507156048675
0.0013334935553069
0.0286343108940481
0.0289422056643433
0.0279892583377824
0.0286607417094047
0.0281871217512959
0.0282914761201821
0.0289040384849098
0.0287479150466775
0.0282103104159937
0.0291349265464396
0.0283268188841666
0.0013730520267372
0.00137769424873
0.0014078010208749
0.0014331349061093
0.0014565910799852
0.0014763542830456
0.0014866026654129
0.001488286987718
0.0014912730566596
0.0015142681895558
0.0015817633371064
0.0016282059558401
0.0016864702513637
0.0017424604980522
0.0017944195021822
0.0112852433881602
0.0116591898368298
0.0113572952394684
0.0113802333603676
0.0114694340545829
0.0112951292568971
0.0114310405578277
0.011552785543619
0.0115126274261298
0.0116448981626234
0.0113713297723694
0.002184843974569
0.002124238381079
0.0021798563216274
0.0022057454690445
0.0022382172338366
0.0022319418648123
0.0022171405945687
0.0022130053230142