0.0021463183040883
0.0021383012517585
0.002157656702785
0.0021362395936479
0.0021380947691197
0.0021523517739886
0.0021638398410815
0.002147135991004
0.0021343877532528
0.002127118057994
0.0022646938927184
0.0022534870735558
0.0022638599070631
0.0022537974782576
0.0022583991588955
0.0022339107034538
0.0022249175749698
0.0022408369284961
0.0022578435916783
0.0022643422010289
0.0022503415110371
0.0021286719871137
0.0021544706345654
0.002143694413377
0.0021677327224984
0.0021444460195097
0.0021797889195148
0.0021658095454297
0.002167952191235
0.0021427011844772
0.0021438241301199
0.0021712556761175
0.0021730018756601
0.0021647373183139
0.0021865087282245
0.0021653759315778
0.0021865472626251
0.0021735000088972
0.0021955324177809
0.0021773702295711
0.0021899958018918
0.0021830766515111
0.0021742508566275
0.0021897763812797
0.0021672893950709
0.0021854703026841
0.0021838329231053
0.0021780338294493
0.0021770261383259
0.0021722985835283
0.002160640575051
0.0021725085241198
0.0021906018987341
0.0021734536305073
0.0021823014839138
0.0021978444795568
0.0021511550136986
0.0021472954619124
0.0021625998140789
0.0021511872622878