0.0057811879951005
0.0068558703155902
0.0089264087557933
0.0093909745461945
0.0098896198683826
0.023277090359711
0.0244830088234702
0.0265614266284634
0.0266927696605328
0.0277881459966126
0.0276092122630201
0.0273260394657847
0.0268250430178817
0.0270004327345229
0.0272968557908345
0.0283562516975175
0.0169313974819155
0.0165646427744799
0.0162849012345666
0.0166841301752994
0.0161052708302334
0.0173054950003561
0.0175254468154699
0.0175769129739456
0.0166009822786633
0.0169174784283451
0.0166753207987774
0.0167492938479731
0.0167031885935065
0.0171481803694563
0.0166323597765416
0.0168427648748355
0.0158325515416901
0.0155663041913767
0.0157116027935607
0.016016554423012
0.0154903328449587
0.0153384790479108
0.0262000059836825
0.0266666381431149
0.026129626234157
0.0263450210869759
0.0261853536757761
0.0256999111593005
0.0251158083830201
0.0259593610498788
0.0253363221030099
0.025148345849979
0.0254357003134024
0.0136352715049374
0.014512273145656
0.0146106509610409
0.0151688993864828
0.0150246584911516
0.0151778204167171
0.0153260651769759
0.0154302646163169
0.0155156397399842
0.0161099846446993
0.0158220328008875