0.0053357684563158
0.0090303275158701
0.011201978737997
0.0157856466983733
0.0183317383128534
0.0217184567939565
0.0245717160998417
0.0285027192102617
0.0302400327034513
0.0343763007313111
0.0365013915761338
0.0381515535773179
0.0379079726267174
0.0384439770037321
0.0372608808693102
0.0378700222242554
0.0386651676342516
0.0386274210210966
0.0385273922127082
0.03906780860993
0.0392050994268459
0.0393092839669928
0.0398164898872328
0.040048952606459
0.0394005967487073
0.0403743625622817
0.040105924418497
0.0396524531976792
0.0398417083992519
0.0397972857403365
0.0399801656320219
0.040046226671978
0.0398972061382355
0.0399169590889326
0.0400019355911471
0.0405756596547405
0.0402603131445139
0.0403705929655687
0.040208735886555
0.0400766567665105
0.0404153391795479
0.0400805091814506
0.0398067017128261
0.0397284825849688
0.0406888569450335
0.0403248209340667
0.039863949541284
0.0401137165143556
0.0399933753976859
0.0401701026026672
0.0401324394728538
0.039807696647455
0.0401819502930398
0.0400191683274416
0.0405855348065495
0.0400676172367522
0.0395354127464502
0.0398693829306243
0.0397462563096305
0.0399896555177322