0.0974864770338288
0.0952740023801461
0.0956492652178812
0.0917902324735683
0.0915346315268063
0.088518780181426
0.088835659156281
0.0886966478345169
0.0881434855774396
0.0875442244561291
0.0872136273349967
0.0853297295016142
0.0848653457950935
0.0842342115823549
0.0854797827380985
0.0855141044874319
0.0868213996475346
0.0854381861374075
0.0831155856617524
0.0849256768860591
0.0838606404856385
0.0834770740840697
0.0835905608564354
0.0824142260250949
0.0832567913072365
0.0832007113631377
0.0832809986323371
0.0840381933653126
0.0858258559261367
0.0865060492760909
0.0842152121539188
0.0845909923331764
0.0857972433935532
0.0848139620038953
0.0861147466721057
0.0851881343015986
0.0857764143890463
0.086084084334317
0.0861538475645321
0.0851950246819601
0.0831413189841902
0.0848828223464096
0.0841400526493932
0.0831820387268607
0.0837783219400104
0.0834643552125696
0.0845498316103897
0.0851834175961012
0.0847183901384884
0.0849579300660217
0.0845518551525943
0.0861822606612613
0.0850328165701096
0.0847968027711629
0.084924607608184
0.0860215475715677
0.0875523524370434
0.0860914350416299
0.0848378737901317
0.0851381898507998