0.0068878746127506
0.0070794398455655
0.0075341129187285
0.0078094497738527
0.008348684081814
0.0085781490907085
0.0089616016344302
0.0092997235797411
0.0097794895071482
0.0100390876161963
0.0103652949884607
0.0111718053185779
0.0118226814297103
0.0125660851690294
0.0134181472637355
0.01407212058271
0.0153340383383657
0.0159197068323438
0.0168110764862338
0.0170951065461863
0.0168654221484773
0.0164504407936733
0.0158543986666666
0.0150367130156917
0.0145460540311901
0.0137674458693427
0.0127792772027768
0.0120768128772273
0.011612668197245
0.0109332967222646
0.0108049745924353
0.0107015120798705
0.0106716132350513
0.0104616523878331
0.0104633322318016
0.0100206508759713
0.0099274817028697
0.0099380353011307
0.0096335191369909
0.0093863171189195
0.0092308023890413
0.0091306144804117
0.009427194074074
0.0094608313859168
0.0096061784419293
0.0096191331776968
0.0097733927527549
0.0097277755817838
0.0099179771292243
0.0098936004256894
0.0102306342839176
0.0101585798146813
0.010441725375626
0.0105903189443682
0.0106767234710442
0.0103919696050801
0.010583566748791
0.0102102316918174
0.0101904956054771
0.0098439609287343