0.0011464085860047
0.0011437658452618
0.0011389299503283
0.0011390424384698
0.0011406438525802
0.0011234957133397
0.0011276482323924
0.0011137790137388
0.0011206818919164
0.0011195250956023
0.0013012797552325
0.0047167168018455
0.0066137499999999
0.007925914310229
0.0096650010073998
0.01076899842682
0.0135593403995257
0.0136058238114335
0.0136430098561728
0.013576884778224
0.0134676804654848
0.0133550998351181
0.0099405458208361
0.00797731566919
0.0067925186557243
0.0050985858153963
0.0038819665481075
0.0011742771191355
0.0011191823985658
0.0010985597351187
0.0011022885123722
0.0010986293492239
0.0011023414879417
0.0011038222306744
0.0011071332688023
0.001093537784594
0.0010846395246082
0.0010792899787548
0.0010909104687215
0.0010812214032163
0.0010829874520931
0.0010768572045876
0.0010862336825723
0.001079881323445
0.0010834676104519
0.0010835149813754
0.0010907243751264
0.0011006161623482
0.0011088524897179
0.0010979533847
0.0010942232293776
0.001098980812518
0.0011026612721797
0.0011017511050285
0.0011094931519423
0.0011075208412725
0.0011083286419797
0.0011000064833005
0.0010952167949207
0.0010868808301356