0.0010004993670322
0.0010024374242145
0.0009943465871799
0.0009919604115451
0.0009971423174258
0.0010042626087926
0.0010005934524465
0.0009937777453376
0.0009874368977252
0.0010004662147465
0.001008360361177
0.0010176544396982
0.001024871551693
0.0010337719355012
0.001038927565687
0.0010363702229003
0.0010318114631807
0.0010358922087335
0.0010390766090771
0.0010458992074337
0.0010363598867771
0.0010323426994845
0.0010257586770485
0.001021658045977
0.0010223957392932
0.0010175990588406
0.0010181991047863
0.0010234937018576
0.0010193217076805
0.0010155158551024
0.0010055238258919
0.0010049191993804
0.0010054784076316
0.0010034041749824
0.0010056313277249
0.0010006309905901
0.0009997601150246
0.0009862573015295
0.0009884389002782
0.0009907127081991
0.0009889209921156
0.000989165976624
0.0009878033660382
0.0009782435452238
0.0009806961548359
0.0009787630247528
0.0009765404489085
0.0009813468704512
0.0009799376752881
0.0009832755526777
0.0009938719797209
0.0010049404565653
0.0010201067138195
0.0010340153281942
0.0010489952068004
0.0010534386116667
0.0010578411240601
0.0010717554128176
0.0010719058844929
0.0010841154897743