0.001146976033234
0.0011529894930103
0.0011458570038374
0.0011535600043051
0.0011370055493697
0.0011483447955557
0.0011343991032993
0.0011481136561165
0.0011374332580421
0.0011596521244443
0.0011464617372841
0.0011564056520458
0.0011517288373208
0.0011620541911616
0.0011607747789326
0.0011790233801902
0.0011745904342239
0.0011858535108508
0.0011731345222978
0.0011805660869405
0.0011679625153169
0.001183067159515
0.0011766718744316
0.0011732236384704
0.0011758261778594
0.0011756985503101
0.0011620280632194
0.0011686845945648
0.0011562232157432
0.0011528012722691
0.0011518990812671
0.0011674908056906
0.0011444239858247
0.0011493710104914
0.001157578056123
0.0011512574334332
0.0011506314395806
0.001159363719803
0.0011468491966279
0.0011660868056815
0.0011737862221661
0.0011847124092955
0.001172928132006
0.0011828125501642
0.001184124089398
0.0011878340386885
0.0011842710622038
0.0011890289653427
0.001178646230428
0.0011861806243036
0.0011729709602643
0.0011801308646022
0.0011678750069214
0.001175151722752
0.0011789207350124
0.0011798201952977
0.0011727227986901
0.001176729093093
0.001165480070425
0.0011812214029529