0.0054299408730013
0.0055067950369003
0.0054768136189608
0.0056840285914558
0.0055802203705695
0.0058292872889178
0.005805899597002
0.0060898855645057
0.0060842810588065
0.0062789382356136
0.0061899889437606
0.0061960177309383
0.0060031815303907
0.0058102787046827
0.0055917367021751
0.0055118755119346
0.0052798200893107
0.0051947232832108
0.0050193020755372
0.005075712159583
0.0050207954383333
0.005200302004589
0.0051852167696221
0.005318258519389
0.005359746185853
0.00549367929696
0.0054870283774214
0.0056188963147145
0.0056298849257911
0.0056411665446559
0.0055084325978419
0.0055068775290958
0.0052335211423715
0.0052689319081407
0.0052602169348673
0.0053884697373499
0.0053237737345848
0.005487316804762
0.005358684668894
0.0054439149559063
0.005412142154767
0.0055619605746061
0.0054515779118036
0.0057517609151399
0.0056886665992163
0.0057753172026451
0.0055447789243332
0.0055998971063428
0.0055542352465788
0.0056173410813633
0.0055735692803633
0.0057722453261128
0.0056087018120126
0.005653038822124
0.0056016691913327
0.0057840362591994
0.0057024944952959
0.0059330210116731
0.0058509345949712
0.0058809399391187