0.0010973038008816
0.0011015111631239
0.0011020129118091
0.0010998379291048
0.0011014724173796
0.0011002178769944
0.001100487064813
0.0011093509411721
0.0011095881224678
0.0011112121336892
0.0033582165449255
0.0159081132927754
0.0289707717357619
0.0466603486439041
0.0645441952857623
0.085662726912904
0.1066236822502801
0.106824002199319
0.1077408150361037
0.107584150409926
0.1067775333175923
0.105090726412681
0.0916997222473535
0.0778587837465553
0.059975232173335
0.0438427009007379
0.0225444193168852
0.001190058613973
0.0011853764650215
0.0011593669795312
0.0011542696093657
0.0011611961749247
0.0011442740240378
0.0011444971761647
0.0011398750456056
0.0011449925436482
0.001576693825659
0.0076721056701509
0.0159022178817735
0.0207139554422897
0.0254186609738062
0.0368388874017562
0.0432970509574809
0.0449738739366799
0.0456249647416522
0.0455454568634603
0.0445867132178063
0.044950959716762
0.038993859515317
0.0302008073397827
0.0257130077610533
0.0213285247384672
0.0089301412876568
0.0027975374605182
0.0012016154567585
0.0011883841269842
0.0011786595083106
0.0011838983936829
0.0011636607636466
0.0011728676947759