0.0011349578320996
0.0011397624707894
0.0011166916904195
0.0011209320184945
0.0011089603047828
0.0011085886288821
0.0010884589303876
0.0011004289778945
0.0010962631817358
0.001107096916705
0.001806959801959
0.0047016637764242
0.0092706457296963
0.0124653855423852
0.0166021376411109
0.0208183727022724
0.0254070740049976
0.0256657552386656
0.0258398891059462
0.0254925155926652
0.0255188956054847
0.0253259513932343
0.0221516363918051
0.0173974597946655
0.0142461530094271
0.0102451774493368
0.006044418560396
0.0013902826218561
0.0011851297010065
0.0011674937782806
0.0011446335399263
0.0011574652913447
0.0011499331732257
0.0011615606218185
0.0011471320187896
0.0011466635663768
0.0012117658617205
0.0017617624069258
0.0028975638375442
0.0035996991990141
0.0042040137194295
0.0048755094022773
0.005918311786023
0.0059259364305409
0.005892759120911
0.0059544352714599
0.0059480045252184
0.0057281115687075
0.0052787243098648
0.0041119308850241
0.0033659924534537
0.0027773452211639
0.0022204283619643
0.0011873530299723
0.0011396850783183
0.001140313128893
0.0011266672185132
0.0011329131012255
0.0011319952806982
0.0011412949166268