0.0055664209338013
0.0057296639861437
0.0056309986871855
0.0057658932882665
0.0056187356491021
0.0058476312268871
0.0056389782426777
0.0057645930038968
0.0055717223978775
0.00563749205201
0.0057699223680128
0.0065775417317051
0.0073842171535498
0.0081924812526279
0.0088175048751094
0.0095465861696083
0.010133234487251
0.0112918526112186
0.0117580138238008
0.0128745988166548
0.0135406066613654
0.0140074120372045
0.0139619093240049
0.0136773189209977
0.0137842508353915
0.0140945262539041
0.0140997601269704
0.014472093322117
0.0139704431636303
0.0141204540031108
0.0136864889243115
0.013133164950913
0.01249950865741
0.0120205451430436
0.0113628030412352
0.0106703645890486
0.0098869515584202
0.009264995601979
0.0082653542868474
0.0080033274230576
0.0071021472937001
0.0066897607900379
0.0062912949620452
0.0063887677277478
0.0060871580208084
0.0062061386489113
0.0061147020480468
0.0061229504044701
0.0059662349060375
0.0060746427377143
0.0058963741947974
0.0061555519342627
0.0060749977600932
0.0062421928897954
0.0061947085145129
0.0062346776806192
0.0061309926515948
0.0062076394824224
0.0060679139950017
0.006304658038518