0.0010381749372783
0.0010363212981148
0.0010429682883483
0.0010416669560812
0.0010478234930897
0.0010412841505477
0.0010460337327441
0.0010550939692209
0.0010615230403628
0.001059536826934
0.0035909784744881
0.0156238591732213
0.0385196571120305
0.0605818725195966
0.0804495821255156
0.0939106066863149
0.1069438530000178
0.10882689145505
0.1083350411749752
0.1090934706172751
0.1087559389637141
0.1052250819228414
0.0921129805514004
0.0698206212752956
0.0472796950613007
0.0295514610916266
0.0134674863324072
0.0016678351002863
0.0010854675618069
0.0010522620172729
0.0010577481340898
0.0010546585251541
0.0010658048322479
0.0010587017996301
0.0010658859985388
0.0010664231515364
0.0010716905915159
0.0070948950049681
0.0148164494117229
0.0198946189730166
0.0285879042076327
0.0364084526393728
0.0437322364451996
0.0450834021194044
0.0433230693881145
0.0455534070780107
0.0446313625878182
0.0441975347269537
0.0389918328758104
0.0311805398954219
0.0259103073527029
0.0178078635456158
0.0091945046510785
0.0027579017162918
0.0010791875896759
0.0010988030425238
0.0011044008355683
0.0010994998080405
0.0010946073624111
0.0010921928122389