0.0010743952745141
0.0010772264855074
0.0010768791224676
0.0010638630469429
0.0010506109101591
0.001048516157076
0.0010682445106065
0.0010673574816025
0.0010609212629751
0.0010515921665642
0.0037521558920845
0.004741742885565
0.0062826875310115
0.0076804968539491
0.0091138394454215
0.0110331271009357
0.0119191855868493
0.0121974741797012
0.0119145777543584
0.0122074610384841
0.0122271800055031
0.0092435527151447
0.0084873915298983
0.0069274275680738
0.0056229137259167
0.0042733589436632
0.0022045466938349
0.0012089230576215
0.0011962701656269
0.0011466623395539
0.0011451057507929
0.0011114776761406
0.0010986504177011
0.0011029996240938
0.0010792144894674
0.0010936388696948
0.0010807739149608
0.0010737575912781
0.0010707097371345
0.0010758423563689
0.0010817045326652
0.0010711299102656
0.0010730827919373
0.0010878838106028
0.0010723544692582
0.0010885560390941
0.0010780617324322
0.0011008192536486
0.0010925832375135
0.0011000580900133
0.0010714698416803
0.0010794218277737
0.0010757039196453
0.0010910167778702
0.0010780191293353
0.0010905229944021
0.0010717242424242
0.0010910249608038
0.0010845425854963
0.0010741744273755