0.0010945043776665
0.0010764818143773
0.001072088289393
0.0010642918035193
0.0010672850548903
0.001065050837928
0.001076619732673
0.0010687032601106
0.001082875956121
0.0010774829535128
0.0010787046518326
0.0010741558227847
0.0010978451805123
0.0010992111876773
0.0011023468877128
0.001119634828564
0.0011238772849222
0.0011189096510751
0.0011292583255986
0.0011079007373695
0.0011134264359912
0.0011115976318305
0.0011234349756439
0.0011056605954653
0.0011141040056731
0.0011037246756099
0.0010917980272083
0.0010733088768279
0.0010793298777294
0.0010723380813639
0.0010887268708615
0.0010876282539564
0.001095382055314
0.0010729800969161
0.0010816562916446
0.0010697949860015
0.0010750364769647
0.0010606635598424
0.0010685296172344
0.0010529681533303
0.0010545957276611
0.001044412689184
0.001044744183528
0.0010304485672499
0.0010381368738511
0.0010366758207837
0.0010417971414976
0.0010416503423336
0.0010490807537498
0.001043750153247
0.0010542331899356
0.0010511140586462
0.0010608297884094
0.0010607598933659
0.0010773253817816
0.0010713355724569
0.0010688464857091
0.00105921744964
0.0010581035840323
0.001050979131067