0.0019965255000275
0.0019962971482475
0.0019653740207947
0.0020055605249494
0.0019868124059612
0.0020633880826578
0.0020742721700041
0.0021236089665821
0.0021277120174636
0.0021285675166774
0.0021256340221134
0.0021307254023917
0.0020958557244356
0.0021065734841078
0.0020497716078488
0.0020533429141353
0.0019774439360112
0.0019417230794757
0.0018870717411268
0.001869601004345
0.0018275374350304
0.0018551069739078
0.0018167439897464
0.0018351349908286
0.0018126449407721
0.0018254190511082
0.0018221463162852
0.0018697184643837
0.0018645705063835
0.0018876333166492
0.001886093353787
0.0019069272053946
0.0018720761144744
0.00188203594129
0.0019047005592456
0.0019546685983141
0.0019566772004165
0.0019856405120564
0.0019655744767549
0.0019716499945056
0.0019493832755145
0.0019665688946106
0.001965077412997
0.001999851260398
0.0019910394539946
0.0020146953764132
0.0019771887863346
0.0019949841281397
0.0019742951208473
0.0019762816266695
0.0019757432811059
0.00199675217724
0.0019928268228447
0.0020011603303995
0.0019801175464804
0.0020091546246477
0.0019896359455316
0.0020253134713613
0.0020045416283263
0.0019946642719876