0.000982832551151
0.0009837440735451
0.0009849875938912
0.0009941958045747
0.0009883443049018
0.0009830179583091
0.0009852145454544
0.0009848635756809
0.0009834118577218
0.0009794019043558
0.0009820531157051
0.0009753166252117
0.0009705624286399
0.0009708908421839
0.0009625179244763
0.0009763376802784
0.0009756896974353
0.0009767570755572
0.0009768143824812
0.0009801604806218
0.0009915679479731
0.0009889165084041
0.0009864966879072
0.0009917986593116
0.0009954613543154
0.0010001643835616
0.0009932789059941
0.0010081434599936
0.0009972585143182
0.001002723435623
0.001001717218869
0.0009926244692143
0.0009937175950357
0.0009993341217888
0.0009947608108842
0.0009906587591888
0.000992744301414
0.0009932044529262
0.0009995195018378
0.0010078113734218
0.0010088792591648
0.0010083060194175
0.001005833136739
0.0010191098170335
0.0010122166118151
0.0010172240894312
0.0010184682013336
0.0010189415276655
0.0010202154057968
0.0010184527516628
0.0010180648208944
0.001018126795842
0.001016477170006
0.0010259263366264
0.0010144998577676
0.0010224638283143
0.0010198160408757
0.0010223165163836
0.0010196980921953
0.0010171551621762