0.0057067107357624
0.0057020416100892
0.0057825842532584
0.0057800360783602
0.0057988325933081
0.0057239092315055
0.0058718734025339
0.0057405806164195
0.005980450170822
0.0059367333910448
0.006061808429532
0.0059777083470019
0.0060292820554559
0.0058178140260794
0.0059885234997978
0.0057669013436177
0.0057366360077568
0.0054878273603291
0.0055045638576744
0.0052357181163335
0.0051761604866322
0.0049811179981802
0.0050428621045766
0.0048796717368812
0.0050619424261583
0.004983492114986
0.0053323172903248
0.0053362676798671
0.0055910575162446
0.0055428160067058
0.0058406759630114
0.0058288370790564
0.0061482146610373
0.00615049341657
0.0064023281775633
0.0062265636386733
0.0062759979414292
0.0060594500194333
0.0060757487864958
0.0057628092846578
0.0059261218407809
0.0057097739705227
0.0057246656554166
0.0054515747050995
0.0054904811521079
0.005495993721125
0.0054369140989218
0.0053001218002033
0.005389887537402
0.0053865650723644
0.0056824957271134
0.0055585724293536
0.0055772865011235
0.005449688721333
0.0055333827097057
0.0055137146018099
0.0054260747954173
0.0055213849367783
0.005659291051182
0.0056249794676382