0.0060114887998069
0.0058978261132449
0.0059888013976191
0.0060358229168597
0.0061134491412751
0.0057634549023884
0.0059484261266815
0.0057865449494586
0.0059536966286064
0.0058037467800818
0.0062171231350927
0.0083534850072316
0.0114396965921115
0.0142640624109177
0.016724468537873
0.0191532433939083
0.0214116472367486
0.021376301655538
0.0216632572973171
0.0214294177777777
0.0211146059676723
0.0207414291316527
0.0186706433647995
0.0158068527301787
0.0125731373501543
0.0099084689799451
0.0079051256752287
0.0055868190225549
0.0056010275022135
0.0055714354434488
0.0057336589859237
0.005647446465906
0.0057113312407812
0.0056488761975746
0.005714887719549
0.0056473772424491
0.0060053174959697
0.0064320551802204
0.0072571183547945
0.0086058204251742
0.0097545373464831
0.0109828889685067
0.0122528747590469
0.012323020700169
0.0125956403575467
0.0125210860917266
0.0125004738791809
0.012407420972815
0.011502256447198
0.0107102849227179
0.0093874670322616
0.0082216647121347
0.006761856686143
0.0055643842891322
0.00556325843413
0.0053553358934881
0.0055127887836982
0.005323824199841
0.0053296890608639
0.0052517281392915