0.0011367621375102
0.0011247039860719
0.0011208602218944
0.0011134107297001
0.0010931351211967
0.0010848266777194
0.001089300430816
0.0010830573439004
0.0010847236186406
0.0010708971987887
0.0050875796822778
0.0128763530997309
0.0342550105525748
0.0491498499398242
0.0669446447602135
0.0835594985448036
0.097566424909568
0.0969059988327341
0.0971574801543045
0.0978302016532876
0.0974646433575409
0.0937784485750597
0.0847175661470491
0.0648147262452752
0.0474290433728014
0.0299000619010379
0.013649027554493
0.0011189180294998
0.0011276505572847
0.0011150322737681
0.0011232538487802
0.0011141773218772
0.0011226927044553
0.0011275453531264
0.0011256643101972
0.0011134843661996
0.0011148546472274
0.0069463657453742
0.013531802177695
0.0186357559024566
0.0261002029857844
0.0332506448880927
0.0396818143760308
0.0400296940258246
0.0399785372890485
0.0400551728406164
0.0412486844652095
0.0407180176346845
0.0344761006892313
0.0281060712034021
0.0229357571310686
0.0155402360431303
0.0087694174188876
0.0017741251180792
0.0011190042563379
0.0011092213078455
0.0011152171027227
0.0011176205393332
0.0011148505046179
0.0011093796179735