0.0008834558150658
0.0008821907428829
0.0008783361743624
0.0008785390239487
0.0008661508954226
0.0008745936582396
0.0008731033919823
0.0008731060193765
0.000873703060063
0.0008717795200058
0.0008699376939595
0.0008712341786001
0.0008798453625155
0.0008964552444512
0.0008956367157572
0.0009065206946919
0.0009049555099749
0.0009119392777339
0.0009149972864752
0.0009178050724516
0.000920689847848
0.0009206510522022
0.0009273065420229
0.0009200964856449
0.0009087692572229
0.0009008813414626
0.0008934435491264
0.0008848350455147
0.0008781086584008
0.0008780480422797
0.0008729690773069
0.0008723484963347
0.0008666534005044
0.0008627029118362
0.0008594959078199
0.0008612559755047
0.000864203144992
0.0008601856851503
0.0008648758525398
0.0008624631883433
0.0008596671878386
0.0008634927176871
0.0008599844486932
0.0008616085222346
0.0008599378960497
0.0008714641315957
0.0008674884178123
0.0008658203797761
0.0008741205253471
0.0008698769416548
0.0008711214160713
0.0008703869696848
0.0008744686594723
0.0008764413584239
0.0008707363284869
0.0008637374632361
0.0008508775865789
0.0008504232907918
0.0008512394640194
0.0008530809080611