0.0014712030133784
0.001897760816444
0.0024485535816939
0.0028224741343536
0.0032667613521149
0.0037340518425755
0.0041485603786197
0.0045894583848411
0.0050290040896418
0.0051641686826874
0.0056881830840921
0.0083300191302154
0.0117782504814208
0.0141449559434596
0.0172065378329467
0.0207468796040979
0.0236033439556257
0.0255839315038461
0.026599627540714
0.0275777498039917
0.0299044797236464
0.0307639361810974
0.031050627608782
0.031498995138876
0.0329283572700615
0.0339921707874956
0.0363294695386505
0.0381739002295895
0.0425447195154872
0.0474415688794495
0.0528220336371529
0.0555539958208843
0.0586918375539673
0.0614998671595471
0.0630174958369731
0.0647476132870875
0.0658553472499415
0.0669328781484248
0.067377471486725
0.0667707527818181
0.0664763956773346
0.0658754044415289
0.0655624484405985
0.0642473833063062
0.0631326785544895
0.0618330096752547
0.0605764841954793
0.0596641312817875
0.0594716343382802
0.0589263280577612
0.0587236912604066
0.0581561489281211
0.0581531169507147
0.0592641663692318
0.0605351470910068
0.06093353946913
0.0618621605313091
0.0619540741074382
0.0617152976246178
0.0613855632345688