0.0010113665131507
0.0010059676611533
0.0010156813419551
0.0010125242643075
0.0010084818967921
0.0010051005385998
0.0010033540755505
0.0010037657516198
0.0010035744888195
0.0009973453990562
0.0020175019492831
0.004790966376159
0.0091230562017986
0.014661829546265
0.0196150551610359
0.0239104257770205
0.0283985779263965
0.0312154808038229
0.0341628343980432
0.034950867240787
0.0359358530004464
0.0372653349442099
0.0349627932133787
0.0334332485585593
0.0304748061067588
0.029851278265
0.0285540086358015
0.0272094710364474
0.0266040293538182
0.0298856171070958
0.0316449745451222
0.0319532054247066
0.0309750056614122
0.0309691909635095
0.0298122971261654
0.029488173250411
0.0271700314454011
0.0280942815977384
0.0283301157521204
0.0273561292693317
0.0273468781267216
0.0287255627134569
0.0306541749831976
0.0311498645961592
0.0306610199483906
0.0305549892371354
0.030234078619616
0.0310471805672156
0.030265796553997
0.0300243016097647
0.0322171042662641
0.0297993215181932
0.0281916025869273
0.0291606336356408
0.0328263920559899
0.0341035804072707
0.033596818078876
0.0336653624735747
0.0325215951768543
0.031559006146112