0.0022084258470422
0.0022071700285045
0.002189340184901
0.0021999301536868
0.0021811531996248
0.0021788317974868
0.0021668887594319
0.0021558216208244
0.0021553066654575
0.0021532000145438
0.0021470380888988
0.0021345099162945
0.0021313895530287
0.0021218244903833
0.0021072907918059
0.0021210746540833
0.002097381836609
0.0020974876965571
0.0021201325584816
0.0021194635284927
0.0021154255032579
0.0021217722231181
0.0021269755851862
0.0021097528416358
0.0021346832602527
0.0021625094512418
0.0021512723119536
0.0021639813956868
0.0021657968601331
0.0021461163502204
0.0021483874686807
0.0021505712622559
0.0021423087380078
0.0021392250468434
0.0021546691108409
0.0021559353175107
0.0021454197175968
0.0021400270309574
0.0021377896007098
0.0021376727073726
0.0021506424999106
0.002143487213364
0.002153530732773
0.0021768882591685
0.0021633846615939
0.0021674119695555
0.0021625763577342
0.0021521428834536
0.0021479130340685
0.0021467102340267
0.0021486837453238
0.0021561683218124
0.0021619297677227
0.0021432518271596
0.0021236565723614
0.0021456211202737
0.0021304185739117
0.0021334365075131
0.002126191551229
0.0021700228629309