0.0057660276544279
0.0057855333321308
0.0057146896712855
0.0057637586546708
0.0054589372737795
0.005594424718025
0.0055026577185973
0.0056384197757464
0.0054583850114104
0.0056490375130504
0.0055415267203581
0.0057061266171207
0.0056573740256909
0.0057683447452521
0.0055864695701648
0.0057344315313825
0.0054686290289811
0.0055699151101997
0.005397520094092
0.0054844510155966
0.0051465563037852
0.0052649276515491
0.0052139069700615
0.0053792809198483
0.0052334717088166
0.0055482704178883
0.00547867266853
0.0056420410118271
0.0055389032925545
0.0057188521455394
0.0055947641971486
0.0058698644410078
0.0058010676271685
0.0057948092192613
0.005834935224655
0.0059791340406946
0.0058110533243642
0.0058983473657448
0.0058021214920911
0.0059556419904917
0.0058300520346652
0.0059662716593782
0.0057728744513683
0.0059364915183054
0.0059778045751633
0.0059610708046225
0.0058861443635037
0.0060213468530207
0.0059633590352771
0.0062817380403777
0.0061469795397333
0.006216049423303
0.0061361617570783
0.0062980989169155
0.0061793767704861
0.0059733407284396
0.005933494299599
0.0060672574235887
0.0059768917446901
0.0060451367847017