0.0239245713634046
0.0483675627845264
0.0725218408524354
0.1043921534782162
0.1083267277090088
0.1614338074324894
0.2484134051261174
0.2715673296896889
0.3618766925015053
0.4322821502161836
0.5068080748481946
0.5774890859453258
0.6615016188482962
0.7252192411350217
0.7944083098942163
0.8741462363849726
0.9042821701522552
0.8788372592456595
1.0850830518877186
1.1658873422003515
1.1136629792398984
1.297334955031376
1.3652563210350306
1.4350797449131518
1.507214774862658
1.565600056529186
1.6432372936818551
1.6927254962617326
1.7617819448943604
1.786775286257018
1.8670515017185072
1.9332333381956277
1.957963133475552
2.034395719998518
2.087540835701504
2.151948144321252
2.19826617270023
2.263999879229845
2.325041350912665
2.3827697129672405
2.435875589615084
2.3131119322234155
2.502026477001188
2.5375253643168496
2.562941031547343
2.6018757259185543
2.6095656453986686
2.621830769025088
2.6167194035806167
2.608157642202175
2.6009275810602737
2.5938306911022937
2.593507153512034
2.592690235347253
2.5889488913900807
2.582170697635014
2.578339047619892
2.5811673474568457
2.573442771254911
2.569603002512024