10.0
10.0
10.0
10.0
10.0
10.0
10.0
10.0
10.0
10.0
10.0
10.0
10.0
10.0
10.0
10.0
10.0
10.0
10.0
10.0
10.0
10.0
10.0
10.0
10.0
10.0
10.0
10.0
10.0
10.0
10.0
10.0
10.0
10.0
10.0
10.0
10.0
10.0
10.0
10.0
10.0
10.0
10.0
10.0
10.0
10.0
10.0
10.0
10.0
10.0
10.0
10.0
50.0
52.0
57.0
54.0
63.0
64.0
59.0
70.0
64.0
74.0
76.0
65.0
74.0
71.0
68.0
67.0
73.0
69.0
77.0
78.0
66.0
67.0
68.0
63.0
76.0
70.0
65.0
74.0
72.0
70.0
69.0
76.0
73.0
76.0
59.0
83.0
70.0
73.0
81.0
68.0
69.0
69.0
62.0
65.0
71.0
62.0
76.0
72.0
57.0
56.0
69.0
80.0
58.0
47.0
54.0
52.0
51.0
37.0
56.0
40.0
43.0
51.0
56.0
60.0
48.0
54.0
45.0
52.0
49.0
104.0
63.0
79.0
73.0
83.0
54.0
75.0
73.0
78.0
56.0
93.0
61.0
62.0
80.0
65.0
39.0
50.0
60.0
98.0
71.0
80.0
98.0
70.0
77.0
40.0
69.0
56.0
85.0
67.0
64.0
111.0
53.0
66.0
62.0
52.0
58.0
96.0
90.0
69.0
56.0
66.0
35.0
41.0
46.0
30.0
50.0
27.0
34.0
25.0
38.0
20.0
20.0
35.0
62.0
68.0
60.0
91.0
48.0
56.0
117.0
120.0
115.0
161.0
72.0
103.0
96.0
67.0
117.0
147.0
205.0
140.0
127.0
72.0
104.0
140.0
130.0
182.0
137.0
104.0
95.0
110.0
107.0
86.0
119.0
145.0
127.0
211.0
158.0
102.0
185.0
100.0
145.0
85.0
85.0
117.0
128.0
143.0
107.0
52.0
62.0
103.0
41.0
46.0
43.0
96.0
58.0
46.0
94.0
88.0
38.0
47.0
111.0
43.0
72.0
131.0
112.0
106.0
151.0
91.0
190.0
193.0
175.0
198.0
60.0
91.0
85.0
117.0
174.0
145.0
67.0
108.0
110.0
125.0
175.0
209.0
94.0
124.0
69.0
174.0
47.0
98.0
169.0
164.0
207.0
132.0
41.0
94.0
113.0
105.0
155.0
98.0
69.0
160.0
98.0
95.0
41.0
38.0
87.0
61.0
87.0
42.0
70.0
72.0
60.0
91.0
82.0
57.0
83.0
37.0
68.0