0.0003251121024399
0.0003396088880024
0.0003444503322137
0.0003183534746503
0.0003425025628864
0.0003414651481936
0.0003177637606534
0.0003417004962733
0.0003406588870861
0.0003208662279499
0.0003386431864615
0.0003394129650297
0.0003253190306641
0.0003449651580524
0.0003483055079198
0.000320817431519
0.0003421552315768
0.0003421310363686
0.0003173844962669
0.0003403573090949
0.0003404180594747
0.0003180587276887
0.0003446533278154
0.0003409182388809
0.0003212975232198
0.0003442019957285
0.000342936351191
0.0003213570830288
0.0003477203190733
0.0003461258945652
0.0003198327436184
0.0003429885084134
0.0003479226141345
0.0003172912964956
0.000345208648806
0.0003407261855297
0.0003200110985399
0.0003480738377225
0.0003459970494987
0.0003210936230706
0.0003487144411656
0.0003510411808985
0.0003220043233815
0.0003426305180261
0.0003495591409512
0.000322310565138
0.0003465348832971
0.0003458398835516
0.0003199521186516
0.0003410242035693
0.0003438389050036
0.0003168674645715
0.0003421097880707
0.0003449868450062
0.0003191752067014
0.0003408375436397
0.0003431687066358
0.0003194008408102
0.0003438755430798
0.0003459830380074