0.0011236530582647
0.0011221046882358
0.0011148679903952
0.0011215939526827
0.0011254187761391
0.0011378828215948
0.0011254253527742
0.0011378869392544
0.0011405588946646
0.00114624964132
0.0011379791123648
0.0011526825713862
0.0011594746164423
0.0011713048758481
0.0011709912852097
0.0011719345698276
0.0011631515030642
0.001174013989079
0.001169145403602
0.0011689311260204
0.0011627286098224
0.0011684627238882
0.0011581230808226
0.0011407469087888
0.0011295026386922
0.0011297813727116
0.0011178619630187
0.0011189344515842
0.0011029287361664
0.0011055582818791
0.0010987869889072
0.0011129798694332
0.0011014312801304
0.0011060509562292
0.0011102131369748
0.0011198259095422
0.0011144253707227
0.0011225678589795
0.0011318029134533
0.0011376783589444
0.0011328352760623
0.0011381989221776
0.0011285119454541
0.0011414742927069
0.0011438930543446
0.0011535824334953
0.0011524166256584
0.0011558527388534
0.0011401151672549
0.0011421393485994
0.0011393395240753
0.0011444641989631
0.001142257556675
0.0011489395794469
0.0011321530250391
0.0011289818129846
0.0011141795201057
0.0011140729917819
0.0011138323227483
0.0011285450962897