0.0059816669381861
0.0060724040842374
0.0059345442521609
0.0059515861870607
0.0055940715615805
0.0056608202131688
0.0054157066068618
0.0054432629537217
0.0053462219600072
0.0054518977851323
0.0053572077682783
0.0053341038464987
0.0052862996033892
0.0054755367081167
0.0053902410923793
0.0055066974315805
0.0053569561075498
0.0055505627936623
0.0055298743702375
0.0055701260407586
0.0054519479214419
0.0055104905843454
0.0054378442603592
0.0055207983353626
0.0053776332275399
0.0056625402062227
0.0056913224356729
0.0058345799847405
0.0056394279997797
0.0057576515251021
0.0057144035187391
0.0058498135662934
0.005714921818959
0.005727312806889
0.0056060818107145
0.0056317310448197
0.005330445446348
0.0054571539172966
0.0053720956484433
0.0056832393924563
0.0054395686278095
0.0056207653298743
0.0055709336831176
0.0058334621801801
0.0058188942457509
0.0060287951862526
0.0059864538870285
0.0062562747284788
0.006128883934929
0.0061806682326462
0.0060658148223388
0.0063825665446771
0.0062436936408841
0.006438310630375
0.0061824421885443
0.0062718714487205
0.0061146350870893
0.0060403840878409
0.0058452797410108
0.0058187908478693