0.0010822626445285
0.0011114020797226
0.001085517239485
0.0011078274521637
0.001094847412674
0.0010991589298758
0.0011073564599389
0.0010940515920849
0.0011044160819303
0.0010912540141999
0.0011043606037543
0.0011185317757855
0.001096316370584
0.0011144079826258
0.001101017557381
0.0011235195361063
0.0011081691373068
0.0010986430267443
0.0011180294505573
0.00110307281857
0.0010976735685023
0.0010924785957941
0.0011018904766195
0.0011103996809864
0.0010943120963327
0.0011071399408073
0.0010929728161046
0.0010966894071771
0.0011093016506731
0.0010900574859713
0.0010995871100484
0.0011101088727808
0.0011105647058823
0.0010891240192955
0.0010946843705358
0.0011054580423338
0.0011080849238375
0.0011122784770869
0.0011157852950318
0.0011345507396693
0.0011470223829938
0.0011369354464417
0.0011297608555242
0.0011301407197886
0.0011492211930954
0.0011429952052688
0.0011486634854771
0.0011396869864253
0.0011408759724905
0.0011281289445843
0.0011105402961434
0.0011149201806948
0.0011370214882823
0.0011399911953279
0.0011337633765724
0.0011206440301978
0.0011253010226362
0.0011069759038379
0.0011018455428392
0.0011112094034685