0.0097703929858583
0.0113435194148553
0.0121290731769926
0.0122386901444885
0.0118983984171728
0.0120491975512783
0.0116235301774935
0.0116426095241482
0.0112501354456758
0.0100640410160238
0.008504568550855
0.0076583789762141
0.0059340806368201
0.0050320130261617
0.0048850248772208
0.005098436609367
0.0049943114730596
0.0050507084652189
0.0049950528605491
0.0050180128747636
0.0049022603171775
0.0050480309047964
0.0049929808294425
0.0057429564086823
0.0070672815166385
0.0092015029298633
0.0102723968651694
0.0114692411645451
0.0128983371334613
0.0132557229473145
0.0131258189124953
0.0135688604608193
0.0134233680720382
0.0135814195385567
0.0129278261183259
0.0119207097373405
0.0098172404949584
0.0088479100691215
0.0077633455265268
0.0065235041913391
0.0063253980305869
0.0064105570014195
0.0060944825133583
0.0062019159006925
0.0059897654591222
0.005985348279804
0.0058011926411618
0.0058472994013074
0.0055996299211154
0.0057001685409643
0.0064518159795142
0.0075694547010413
0.0079814101617052
0.0087978320876477
0.0090586320243432
0.0095197536604812
0.009493959115426
0.0097520203200499
0.0096621180543067
0.0096986649210915