0.0287418122588707
0.035141704179715
0.0407044641852645
0.040971379107549
0.0402744271962135
0.0402746101811216
0.0403335918850954
0.0412237308446123
0.0375526077657536
0.0298980480340452
0.0222332370026396
0.0127357512033303
0.0064722038831362
0.001168142715687
0.001152465420222
0.0011571190222971
0.0011620818156754
0.0011646629038115
0.0011448345151529
0.0011605819288222
0.0011428415685848
0.0011539126642317
0.0011448301606787
0.0011570975363299
0.0103776572794992
0.0174917279740077
0.0276114183157437
0.0339539133883022
0.04313673039766
0.0426918868374148
0.0424480004160108
0.0426559735364147
0.0423753206082058
0.0430537387051787
0.0421042675505485
0.0337223262355025
0.0258217459251983
0.0162343542985607
0.0103074169428031
0.0011814788431211
0.0011460037215529
0.0011444752647319
0.0011445500009163
0.0011550641129978
0.0011350287969855
0.0011397996363305
0.0011252487005862
0.0011438706912176
0.0011328586738984
0.0011191315337155
0.0091258767986747
0.014558827061123
0.0194351146086292
0.0231929614921994
0.0264658557294151
0.028097959245809
0.0279898717153281
0.0272089507636149
0.0279052822687804
0.0278367587759106