0.0065860853829677
0.0067022643556164
0.0067594538555234
0.0068067415574962
0.0065858322211799
0.0066990761688347
0.0064404400073173
0.006606861379247
0.0064865787090907
0.0063227711965826
0.0060478100412274
0.0061009106172219
0.0058824532573288
0.0058662939485358
0.0057685906960436
0.0058244604814771
0.0055848500982501
0.0057035558136182
0.0055265335047376
0.0055812243169546
0.0054566307554118
0.0054849148734062
0.0052088727635287
0.0053357566059353
0.005387047504543
0.0058730556550391
0.0060855129714646
0.0064786440581666
0.0065215359490037
0.0068148856118122
0.0068209155130743
0.0070602074678857
0.0071248578729663
0.0072455006737938
0.007191877218313
0.0070687995893075
0.00649855421069
0.0065688381884261
0.0060596163468035
0.006077276663787
0.0058401670156688
0.0058710609584594
0.0056381887390091
0.0056204392807394
0.0055628552009236
0.0056128355129958
0.0055361822485425
0.0058739129286178
0.005611585775111
0.0058881802248975
0.0059622674445825
0.0063398012896626
0.0064783124355052
0.006829065817562
0.0069308062770366
0.0070599786022028
0.0068599050579613
0.0069558380655732
0.0066930523041602
0.0068575473288382