0.0010239050268193
0.0010322766335858
0.0010233435754189
0.0010261137868537
0.0010371860140107
0.0010338528073114
0.0010339088271255
0.001053900199494
0.0010470768153885
0.0010463689490388
0.0010465487429817
0.0010397097062742
0.0010280666678974
0.0010330740158918
0.0010221987116137
0.0010087036649982
0.0010203417964853
0.0010205098505188
0.0009953614925813
0.0010141794082712
0.0010108315383521
0.0010053412505443
0.0010090278018799
0.0010131330545592
0.0010167479212886
0.0010212987798294
0.0010290672927014
0.0010283455867427
0.0010227466047569
0.0010411529634967
0.0010387746543272
0.0010337414991991
0.0010375558119899
0.0010432816393082
0.001033777791915
0.0010393524399405
0.0010393202171712
0.0010375708423804
0.0010370090093329
0.0010525606311693
0.0010415131285834
0.0010548619102624
0.0010476165194442
0.001055438978274
0.0010556366723259
0.0010596593152119
0.0010541211425656
0.0010612693304809
0.0010527231057398
0.001045342634379
0.0010206510173295
0.0010461258167317
0.0010203277470501
0.0010352938432496
0.0010336538752607
0.0010436949992841
0.0010462292809179
0.0010654427007169
0.0010521209628165
0.001057918173754