0.0018483687869549
0.0018740977099503
0.0018684937332952
0.0018899976887512
0.0018921072997042
0.0018759005407163
0.0018911929023713
0.0018624022105525
0.0018988982278005
0.0018948011310445
0.0018972248533691
0.0019026517059634
0.0019013976947847
0.0019192289234293
0.0019275570244605
0.0019306342391813
0.0019612577351219
0.0019821896144484
0.0020183010283625
0.0020119893269142
0.0020363453538747
0.0020497421234782
0.00208039829125
0.0020910006678161
0.0020719324743368
0.0020655503295064
0.0020730004163197
0.0020700108875746
0.0020510637152695
0.0020627313723356
0.0020709626151271
0.0020813465330083
0.0020768729534909
0.0020514190669435
0.0020893320577613
0.0021028810327082
0.0021267530288055
0.0021607786850259
0.0021266092492441
0.002141205605236
0.0021271280757677
0.0021047995142182
0.0020800275756549
0.0020570536123747
0.0020675378060242
0.0020347208803103
0.0020197912426311
0.0019618222246381
0.0019541439250673
0.0019799291954191
0.0020046827596261
0.0019896223832384
0.0020244923306996
0.0020331275110209
0.0020569081720503
0.0020377510816512
0.0020436634555268
0.001922865031146
0.0020473419819892
0.0020315238531934