0.0058770435542925
0.0059374880931129
0.0058461307733522
0.0058930381985165
0.0057795070085344
0.005867507664595
0.0058502862385321
0.0060125021557188
0.0059023912782338
0.0060604457221627
0.0059980681960105
0.0059386422052689
0.0059197236834957
0.0060278072574428
0.0059949150527925
0.0062265409874284
0.0060632387487973
0.0062273519622723
0.0061789616365643
0.0062870849121502
0.0060483187441726
0.0060211358326444
0.0060057867289857
0.006066757840261
0.0059617068508367
0.006153924256629
0.0059595109455817
0.0061488579951614
0.0060010872262241
0.0061088558728109
0.0056997022384251
0.0062842854652025
0.0062437736901987
0.0064196468929657
0.0063194372173203
0.0064403927810457
0.0062220734887395
0.0062618364436296
0.0060439456947342
0.0060757497292614
0.0057935348380765
0.0058577755235364
0.0056486805572877
0.0056280084779976
0.00546866352411
0.0055163325533354
0.0052689575600765
0.0054161767816174
0.00528763193786
0.0054632870130344
0.0053267176282408
0.0056342329402387
0.0054958606942439
0.0055526687334248
0.0055837102696604
0.0057270775419689
0.0057088169116181
0.0058351390888598
0.0056468831417624
0.005657570987314