0.0146011770654659
0.014700808830471
0.0148832762592276
0.0148668533370001
0.0148327329790888
0.0052203644453306
0.0144672904025781
0.0144613985862876
0.0145741261901273
0.0141552435785461
0.0146624518510353
0.0143479680203049
0.0146668683459989
0.0143815155464939
0.014778650696348
0.0143569669710472
0.0144331791654614
0.0052676508822866
0.0148183859203939
0.0148450617408354
0.0151750214432986
0.0145891102085026
0.014909261558006
0.0144401900073661
0.0147652994503988
0.014331611844452
0.0148751719715844
0.0146515105511465
0.0145600051947589
0.0050427295478525
0.005153218593693
0.0142549004176662
0.0149328356530454
0.0147034961411246
0.0145559072429441
0.0145339453891612
0.0147780487987442
0.0143455306169841
0.0146448172934231
0.0147266027399772
0.0150268948885287
0.0144037758043438
0.0052609520211698
0.0146176095276059
0.0146703822179836
0.0148529156106416
0.0149636321017742
0.0148006952950922
0.015047475392204
0.0148661608736629
0.0146134194122085
0.0143373966994945
0.0150643290746687
0.0145670352282978
0.0052696104224732
0.0147121201332768
0.0145360090840815
0.0144597160398386
0.0147041765675074
0.01441688464075