0.0056757572248039
0.0057864978553201
0.0057466922007378
0.0058340811202407
0.0055637642332835
0.0056229574526339
0.0054201099627644
0.0054618707622001
0.0053142934082597
0.0055031917860518
0.0054504729162061
0.0056569693881244
0.0056508835495228
0.0056088189818649
0.0055021635908776
0.0058474518447616
0.0056736358180611
0.0059497716151565
0.0058607259524811
0.0060793963347113
0.0059827108699983
0.0060122307053191
0.0059481466042997
0.0060461846933362
0.0059506888605262
0.0060522356814046
0.0058453506925001
0.006157579388293
0.00595207887876
0.0061516911915631
0.0059714650035276
0.0060441321414119
0.006047854199451
0.0061639396181601
0.0060173998450142
0.0061512790291405
0.0060172620166046
0.0061945011513842
0.0059714275971686
0.0062569790749507
0.0060287776177019
0.006094322780391
0.0059168779693451
0.005926554836157
0.0057377754082402
0.0057757349836186
0.0057180363600451
0.0058347551987991
0.0056641752917663
0.0057663019052982
0.005556536840225
0.0057038243220884
0.0057189662475064
0.0058406383864717
0.0057813046004052
0.0059061732879858
0.0059392951375731
0.0059851627053071
0.0058387956056297
0.0059659529125413