0.0068040493617498
0.006617455167297
0.0062293033271
0.0056182461319775
0.0045233207858646
0.0031915947272167
0.0022461402844646
0.0014736868549101
0.0011311167371666
0.0011099707552163
0.001113866211518
0.0011081429181494
0.0011230113419817
0.0011156368443851
0.00112606978099
0.001124131323844
0.0011238655451323
0.0012992675540825
0.0021281752852329
0.002782199615252
0.0046751939619747
0.006726626759536
0.007648231880334
0.0094053869600322
0.0092592049187701
0.0093539251037192
0.0091534738159927
0.0094154058069367
0.0090317829974021
0.0083772740309578
0.0077734731315968
0.0057873306543785
0.003733639486066
0.0028735093700487
0.0011219366143726
0.0011123071028809
0.0022720728590913
0.0022854288829131
0.0022844260432324
0.0023123704631476
0.0022990338100728
0.0022958349896255
0.0022960997197145
0.0022932462878745
0.0030566164446485
0.0042862467343448
0.0052435331816727
0.0072458961162039
0.0087877853930529
0.0089648179575372
0.008987191966446
0.0091656590560945
0.0091719096565319
0.0093045659443062
0.0091591114217109
0.008327863555202
0.0073658478116709
0.0063992307650451
0.0041502741808602
0.0034257689118028