0.0490677433176251
0.0499834340975785
0.0453756759928631
0.0402765630430047
0.0357233213526544
0.0226959694506205
0.0139473213933843
0.0051264990961719
0.0011952286964829
0.0011652895335096
0.0011484030495878
0.0011515764302471
0.0011535605070172
0.0011451176021659
0.0011309230838299
0.0011209997746223
0.0011118734102683
0.0018973910449907
0.0119129240900635
0.0162798027145013
0.0303310425643054
0.0452372108155479
0.0546998826814613
0.0698210284708317
0.0702057582792754
0.0721179445285106
0.0699702005046161
0.0704886990445282
0.0705148531691745
0.0612488872958387
0.056406421845229
0.0416271047717858
0.0271784335622301
0.0174976375233645
0.0012921865464758
0.0013361508103273
0.0012886625821938
0.0013144716950349
0.001309760783097
0.0013140589831997
0.0013058848295198
0.0013100744402656
0.001293946271507
0.0012863879718692
0.0055037847989875
0.0146880943015058
0.0311809009756726
0.049251742461879
0.0635398513722531
0.0688587975369914
0.0684395913797427
0.0702883040373162
0.072671980827951
0.0725842229917907
0.0724337313337363
0.0677686993538782
0.0583300024023288
0.0437332824485646
0.0381943881743918
0.0299860135333988