0.0011747841021761
0.0011712125285656
0.0011754778871355
0.0011780589364819
0.0011194768247464
0.0011794670192449
0.0011836085524665
0.0011137493089105
0.0011683893545116
0.0011655816011236
0.0011846241744323
0.0011826827891391
0.0011818097136932
0.0011747983312171
0.0011687916810336
0.0011673953613307
0.0011534429556393
0.0010855602162386
0.0010857429377306
0.0011564588241275
0.0011503359308949
0.0011503359308949
0.0011467648233457
0.0010915029687159
0.0011549417677643
0.0011392262261343
0.0010774982384178
0.0011537922427105
0.0010806953842314
0.0011503725705838
0.00115527545291
0.0011560996938346
0.001087759326796
0.001151539071443
0.0011417822773712
0.0011488927885275
0.0010821489890132
0.0011665214591489
0.0011665214591489
0.001098924556329
0.0011495085979514
0.0011469899184935
0.001086617533227
0.0011617590296587
0.0011526881317182
0.0011513757230723
0.0011313460764948
0.0010688601739565
0.0010650026494281
0.0010703474369662
0.0011205149058399
0.0010556622149804
0.0011425740331815
0.0011333357336274
0.0011351449553
0.0011295590121681
0.0011273373718377
0.0011463401381909
0.0011379129406667
0.0010825295380062