0.0011726675075286
0.0011737320510034
0.001164677295459
0.0011524925632853
0.0011525594554699
0.0011378595664658
0.0011399685848849
0.0011294037269605
0.0011432063118624
0.0011502028946708
0.0010942316686172
0.0011527143851295
0.0011603374381063
0.0011114695237558
0.0011733237162742
0.0011886143668052
0.001175648914971
0.0011782952517258
0.0011676048069053
0.0010996395925542
0.0011654595207373
0.001101698000939
0.0011763345774073
0.0011834999068759
0.0011701583135794
0.0011744704913859
0.0011036299202992
0.0011018464554195
0.0011681619731137
0.0011800166516488
0.0011708874575024
0.0011761402079044
0.0011049663641638
0.0010983379720014
0.0011478294470014
0.0011515932059217
0.0011488100321519
0.0011579267645533
0.001095863290719
0.0011523925561288
0.00113941399649
0.0011552576094344
0.0011355428786899
0.0011504152854511
0.0011543021837776
0.0011563973675805
0.0011486783845618
0.0011476555533752
0.0010762663293202
0.0010804899491963
0.0011412921096192
0.0011466644904343
0.0011312091833968
0.0011475627918902
0.0011245842363636
0.0011323025659824
0.0011303691905743
0.0010756916170909
0.0011322150291952
0.001130213782216