0.0066644743967681
0.0063094330685255
0.0066859243755697
0.0067079971731708
0.0067346570032454
0.0067346570032454
0.0067171337043818
0.0067324659159461
0.0067379891955088
0.0067456290814576
0.0067418906264255
0.0067758120101596
0.0063763699124679
0.0067229667635429
0.0067223208573783
0.0066938364856287
0.0066701255819108
0.0066935544700956
0.0066851867283101
0.0063278628809013
0.0067018230695192
0.0067187527997364
0.0066948288402056
0.0066927220761711
0.006715726270235
0.0063969014296346
0.0067347309332157
0.0067425718067283
0.0067488328586914
0.0063937797947757
0.0063442703984433
0.0067376289137083
0.0067380906045156
0.0067380906045156
0.0067684548138094
0.0067697880101053
0.0067596974877305
0.0067640236826926
0.0067835154469335
0.006375723268179
0.0067725778837509
0.0068200150938129
0.0068375213305388
0.0064781374499374
0.006834159263315
0.006824016489024
0.0068032376225924
0.0068504332132108
0.0068430554023123
0.0068327330724603
0.0068250419051101
0.0068250419051101
0.0067850532057798
0.0067730786084354
0.0067362004741621
0.0067412409385939
0.0067369888346
0.0067225613205818
0.0067548329753952
0.0064183151756655