0.0010690235969885
0.0011141571443137
0.001121277757992
0.0010562567765159
0.0011191869167461
0.0010618353702139
0.0011154737421886
0.0011107906760501
0.0011056585152156
0.0010352655720799
0.0010881430208262
0.0010894668707115
0.001090568891344
0.0010847215650055
0.0010771262176958
0.0010830348600879
0.0010768526260673
0.0010755702154139
0.0010782549209258
0.0010196324895578
0.0010811789938154
0.0010815987938423
0.0010958087926795
0.0011026472217206
0.001104482968394
0.0011089664143244
0.0011082195968834
0.0010541498584717
0.0011103501906481
0.0011050091342199
0.0009923536699999
0.00110940825346
0.001116026475687
0.0011101375377698
0.0010592498344236
0.0011194668012448
0.001132235714527
0.0010654586584933
0.0011301528324114
0.0011306291113046
0.0011479291495623
0.0010906952427713
0.001146481608819
0.0011509536348123
0.0010807261698654
0.0011349867357137
0.0011309204243064
0.0011232095737208
0.001066918422067
0.001122012430823
0.0011207811087843
0.0011041521225334
0.0011245336835264
0.0011238621549208
0.0010643204653605
0.0011157049867299
0.0011175932097514
0.0011232798007353
0.0010695241964184
0.0011267294831606