0.0010584643172704
0.0010017343714084
0.0009969187829016
0.0010573956260749
0.0010620384907337
0.0010604477150017
0.0010640664019062
0.0010542822313745
0.0010542822313745
0.0010650168921561
0.0010716154849462
0.0010665515065294
0.0010213237587165
0.0010714253549115
0.0010661712280228
0.001008915481705
0.0010600014073325
0.0010624135673126
0.0010711143585077
0.001019282646879
0.0010758523645382
0.0010789837203774
0.0010834907094287
0.0010300569859809
0.0010904580245789
0.0010953509341109
0.0010450445742262
0.0010925212558108
0.0010887438866263
0.0010909314390869
0.0010849202564889
0.0010239264457069
0.0010815585601946
0.0010768588930292
0.0010249217323269
0.0010767683361944
0.0010737341283443
0.001075380475846
0.0010846806931184
0.0010887497561461
0.0010780471270389
0.0010767460185734
0.0010769025643067
0.0010829621142184
0.0010806284843205
0.001079993425988
0.0010865763896452
0.0010859216022319
0.0010862249029956
0.0010862249029956
0.0010768778142036
0.0010760365195299
0.001024807009681
0.0010221839856148
0.0010701347594169
0.0010756358701115
0.0010813525678792
0.0010220388420627
0.0010715089826938
0.0010715089826938