0.0003228835733913
0.0003472474954217
0.0003441548696209
0.0003221923572032
0.0003499783859318
0.0003508545014072
0.000324478378427
0.0003513499527753
0.0003498841551587
0.0003362012898905
0.0003505035427491
0.000353057628418
0.0003283242304511
0.0003539936182627
0.0003521781593727
0.0003255118149361
0.0003480494288982
0.0003468940639101
0.0003214120701677
0.0003389289803582
0.000345750299987
0.0003200529325243
0.000341492523837
0.0003422143253449
0.0003191325085371
0.0003438050373983
0.0003450051887309
0.0003165101656417
0.0003334796193409
0.0003385019813842
0.0003164135489478
0.0003313620645724
0.0003359869720064
0.0003123833986411
0.0003225921553978
0.0003327425451193
0.0003093509594258
0.0003277324394277
0.0003383063172825
0.0003204069823998
0.0003362796663604
0.0003436086288306
0.0003214382895123
0.0003329845054707
0.0003361079914003
0.0003250175503908
0.0003356717594695
0.0003387044086516
0.0003216048101311
0.0003340194705753
0.0003437340155335
0.0003238647608576
0.0003418751534779
0.0003410570731796
0.0003253415602785
0.0003448954155251
0.0003453577750844
0.0003248111768312
0.0003373148154776
0.0003413522374345