0.0146931650563021
0.0149590334674702
0.0150837592918748
0.0151077821571867
0.0153375041064111
0.014966481093278
0.0150801897884568
0.0053722611249977
0.0151457646700252
0.0151394028133221
0.0153943512431014
0.0151599351748878
0.0150581916192692
0.0152434792461919
0.014963316127056
0.0146937632571086
0.0149996746891297
0.0150100753805489
0.0150962247643216
0.0052313995258398
0.0051959493719768
0.0138647254628139
0.0140076866521582
0.0139107012308974
0.0137456401467466
0.0140010346585305
0.0140018232532551
0.0142261874138469
0.0141805270222599
0.0139046246926175
0.0141067300385873
0.0140482652548852
0.0051942836404857
0.0151416546157756
0.0153553593677788
0.0153585743793335
0.0150892766435425
0.0155123833650416
0.0151912579623083
0.0150137761068893
0.015276155063464
0.0152914993109949
0.0150887190484802
0.0153138734082395
0.0051636822635733
0.0152278439326228
0.0151085473121204
0.0152456445790849
0.0151555973810438
0.0150233614180808
0.0151774576066154
0.015294255580582
0.014892332165958
0.0154393609000421
0.0150592968606308
0.0152997781735987
0.0052349733636103
0.0147727873847048
0.0146432223185267
0.0144536910830283