0.005888269404088
0.0058074816769384
0.005858473243352
0.0056171857460052
0.0058159137358395
0.0056849803499326
0.0058328117039904
0.0056028052486187
0.0057747530500165
0.0056143705911393
0.0057699816997187
0.0057422999441008
0.0058441918174379
0.0057901141315174
0.0059137368833344
0.0056614925451738
0.0058846422911972
0.0057445638309529
0.0058499754611124
0.0055745643088833
0.0055427469723498
0.0054098070110904
0.0054102845617015
0.0053192803567177
0.0054440220286979
0.0054180763590252
0.0054634033153301
0.0053872316158992
0.0054882720268066
0.0054767883162389
0.0055503511579566
0.0055190551702741
0.0056054598997493
0.0055298575827839
0.005612987456584
0.0055447526196469
0.0057313377437451
0.0058279949887557
0.0057972974179559
0.0059305360961594
0.0060996987241676
0.0060886089074084
0.006115451982363
0.0059391263029037
0.0060163328698007
0.0058541667064066
0.0057602025054123
0.0054622293480839
0.0054995995277449
0.0055010808326231
0.0054297102558935
0.0053025090422324
0.0053889344677569
0.0053416376402421
0.0055089787331644
0.005438704899839
0.0056157626394918
0.0056060761449693
0.0056868226973866
0.0055429523940359