0.0011290118527988
0.0011242213454546
0.0011214284931907
0.0011311668863262
0.0011171863622506
0.0011204591293454
0.0011277003502951
0.0011195505738021
0.0011153193830597
0.0011335752107016
0.0011225712106907
0.0011287039014372
0.0011164419585617
0.0011173101118618
0.0011031975223046
0.001104797694228
0.0011038688951675
0.0011030079272347
0.0010961912390848
0.001101941723621
0.0010957070971442
0.0011017420016922
0.0011053046134062
0.0011234355222802
0.0011150080024184
0.0011347396317582
0.0011441038071614
0.0011425042093573
0.0011391548539043
0.0011417341430254
0.0011411531704885
0.0011543080888037
0.0011494453166167
0.0011493631510132
0.0011416292418641
0.0011462606286685
0.0011292493350944
0.002081033981898
0.00210781907366
0.0020920952072071
0.002113476140813
0.0021193417069717
0.0020875758539672
0.0021087647255069
0.0020703333153513
0.0020743614312899
0.0020920939092764
0.0021068335397616
0.0011379287994948
0.0011430742549005
0.001135139347834
0.0011248628664729
0.0011190539045805
0.0011296935892405
0.0011408104256854
0.001145779334405
0.0011459801195733
0.0011473272301506
0.001136988128543
0.0011387950304904