0.005980818781193
0.0060508109486507
0.0061793201789049
0.0063954729148753
0.0063112301639344
0.0061687834093014
0.0062993805608679
0.0064413920280096
0.0063113229093594
0.0064744197866782
0.006499035402282
0.0063496014322868
0.0063209102592186
0.0063322201186723
0.0061193572199478
0.0060803884069893
0.0060327334048275
0.0058121137224486
0.0054670704569684
0.0053416407840588
0.0052606967280011
0.0051846503678696
0.0052335692687943
0.0052400193483618
0.0051696739713853
0.005369116835113
0.0054298371246587
0.0053695725796184
0.0052584167332558
0.0053882991582799
0.0055739450501996
0.0055383361333865
0.0057262888143336
0.0057143294465969
0.0057737611184186
0.0057839322506836
0.005596994964391
0.0056363362138117
0.0058636250732064
0.0059311110497542
0.0058907850283002
0.0058858182777121
0.0058123517698715
0.0057055824276998
0.0056604796114759
0.0054839309840376
0.0055775980418383
0.005500242701753
0.0055337196877244
0.0053360785896501
0.0053816324427762
0.005395888288128
0.0052009595089576
0.0053008267329378
0.0052373855690687
0.0053522623739022
0.0053723535588213
0.0051430279708674
0.005409849331974
0.0052937665417539