0.001129929074906
0.0011298724922875
0.0011490966729326
0.0011541770540826
0.0011637825299759
0.0011603356270366
0.0011626310232611
0.0011748526384815
0.0011506780477284
0.0011655459916842
0.001164856488107
0.0011681027066171
0.0011488010163046
0.0011647559455381
0.0011481499127146
0.0011487717168076
0.0011668665531668
0.0011582902242345
0.0011480642025811
0.0011680078722778
0.0011548106653891
0.0011656719400651
0.0011397016772214
0.0011621854771484
0.0011545844768441
0.0011825181558621
0.0011815691516064
0.0011661721853095
0.001175477907797
0.0011996182220383
0.0011927431623931
0.0012044568686689
0.0011781212366879
0.001227370186719
0.0012213766412268
0.0012077459972957
0.0011783804508264
0.0011808384284356
0.0011686655838823
0.0011809810269482
0.0011759076651784
0.0011812935642546
0.0011755961271718
0.0011922292008782
0.0011751319701253
0.0011840062875938
0.0011789476917999
0.0012156133890154
0.001205098677409
0.0012193240683398
0.0012046306502295
0.00120132976487
0.0011849982716588
0.0011933468751738
0.0011890925686359
0.001186369678051
0.0011877721445537
0.0011914597823103
0.0011843787576948
0.0011793925398997