0.0010981125633981
0.0010856227413116
0.0010965451757443
0.0010836962006641
0.0010986777046706
0.0010990674114305
0.0011017005557251
0.0011014463628268
0.0010904898121147
0.0010983266954694
0.0011045973293077
0.0011160104674745
0.0011344173913038
0.0011211272783216
0.0011271948689562
0.0011089216471628
0.0011184603627507
0.001106929154659
0.0011062278946118
0.0011262133070639
0.0011136273603777
0.0011120169663064
0.0011044966914272
0.0011037369288451
0.0011096463018427
0.0011085445213528
0.0011035809553247
0.0011202937968768
0.0011155790035397
0.0011048683489751
0.0011084240977793
0.0011152538551482
0.0011210761548739
0.0011169463388565
0.0011216049775482
0.0011127507509134
0.0011007529663376
0.0011158161029313
0.0010998996944647
0.0010907866463719
0.0011099053014684
0.0011032097794651
0.0011035935372321
0.0010987759029181
0.0011092002482346
0.001098308351375
0.0011046133297012
0.0011117530231388
0.0011101416836292
0.0010983849892412
0.0011162735393364
0.0011018655484796
0.0010983992603954
0.0010953145318803
0.0010984195319218
0.0010794340002225
0.0010784457594044
0.0010888274697388
0.0010893166896987
0.0011109780112471