0.0057165428108067
0.0057645379386165
0.0056772456402772
0.0057081281730326
0.0057657097426001
0.0058373723787294
0.0058437528234039
0.0059740153449434
0.0059505766456185
0.0060139442310561
0.0061106751132862
0.0059691763139428
0.005947798527515
0.0059494883377135
0.0058137296742754
0.0058456185101579
0.0058443634822443
0.0058149393501805
0.0057955707436726
0.0057265600848802
0.0057355558281772
0.0056394194993508
0.0056589774306186
0.0057009391821805
0.0058155457711984
0.0059305455925404
0.0058921965201995
0.0057674591021706
0.0058236580540247
0.0056617161618149
0.0057733152998373
0.0055358682225236
0.0055083818343431
0.0056339594559681
0.0056138759088085
0.0055695980968424
0.005522931500136
0.0056643615888019
0.0058054727775068
0.0057966898950875
0.0057041827692533
0.0057440597237639
0.0057930697068889
0.0059223813637369
0.0058134182475971
0.0058153868091405
0.0058179220817733
0.0059306204098749
0.0057939876992409
0.0057393986689095
0.0056570182897599
0.0058495970319424
0.0058318736195209
0.0059000819160694
0.0059203233694679
0.0058432696194094
0.005761876040585
0.0057075752560499
0.0055833011896507
0.0056815911512334