0.0055560072879938
0.0058504468961187
0.0056212152739247
0.0057304078333794
0.0056636558501249
0.0057123156976536
0.0056737436842201
0.0059086703223291
0.0058452806709096
0.0062166127597801
0.0060487486577848
0.0062334849360897
0.0060684105120717
0.0062255120689341
0.0060329804531559
0.0060296472520531
0.005864498056401
0.0059011245714704
0.0056822276742776
0.0056628418967982
0.005319827219302
0.0054566816709136
0.0052829853872469
0.0054214722511531
0.0053280429631795
0.0054114762245459
0.0053610399822547
0.0055491085314534
0.0054413512553335
0.005593590626097
0.005596694906643
0.0057382056886825
0.0056823693287058
0.0057242903998694
0.0055339436234943
0.0056267746968339
0.0055149113386381
0.0055656972568578
0.0054336229678123
0.0056193693095361
0.0055232715501496
0.0055758956620409
0.0054329340629473
0.0054024321693504
0.005299493736075
0.0054538097953827
0.0053263456389377
0.0055642682091905
0.0054322885547293
0.0055204537159456
0.0052710298899268
0.0054260020284703
0.0052700322689975
0.0054042892169447
0.0054165516918525
0.0054810821148587
0.0053760530979934
0.0054710853451269
0.0052914287526804
0.0054906673179204