0.0010831941611423
0.0010804397334294
0.0010789138153527
0.0010783008614136
0.0010769531144735
0.0010747179816808
0.0010755040761364
0.0010670617259216
0.0010678158815661
0.0010681643510054
0.0010699803726662
0.0010787200654164
0.0010791795425197
0.0010889581915144
0.001090785637149
0.0010986437152491
0.0011136365598139
0.001119949590422
0.0011222655847359
0.0011213884677904
0.00112792509323
0.001123333472598
0.0011195355137459
0.0011184216923796
0.0011210387634582
0.0011269503799977
0.0011297873755354
0.001121638932496
0.0011199830913904
0.001120879230463
0.001121166599011
0.0011174843921942
0.0011263803705816
0.0011255547765588
0.0011219978647686
0.0011130863904894
0.0011087986550914
0.0010941141102956
0.0010958138489046
0.001098066327192
0.0011002988065256
0.0011094285019542
0.0011070489382697
0.0010938621943754
0.0010977647809753
0.00110025062927
0.0011033140231721
0.0011039845556273
0.0011082599758825
0.0011034610765207
0.0010983952048096
0.0010917108684828
0.0010795791321111
0.0010784033262169
0.0010843450412058
0.001080319276008
0.0010790022845654
0.001077730097662
0.001069270403394
0.001070174046113