0.0057123427924498
0.0057815924973475
0.0056184350702164
0.0056465855774606
0.0057260007858967
0.005650884746508
0.0057405561975262
0.0057442774129422
0.0058545163113462
0.0057632177064456
0.0058255639319761
0.0072448495115884
0.0100626103743647
0.0135820668657372
0.0174100269197866
0.0207176777215422
0.0220775091658944
0.0225965378625622
0.022825771050247
0.022770435910694
0.02274060561038
0.0226185161700348
0.02140883801161
0.0185340519954266
0.0151875360262795
0.0123075015628106
0.0108383165250066
0.0113732678330605
0.0138742403165118
0.0177219622327874
0.0194444134444744
0.0206889015684643
0.0210646293399154
0.021024527122324
0.0210922946153567
0.0212562439501976
0.0200548512035404
0.0188005884239071
0.016728517870128
0.0143481155523256
0.0112336858773396
0.011749549435536
0.0130280550313047
0.0163734895025603
0.018922168704606
0.0211124283019905
0.0220770399649143
0.0226832934595209
0.0224585328256014
0.0223567670373224
0.0216521935584854
0.0206079420414759
0.0189071018528853
0.0166506107528454
0.0140029338731198
0.0130480552824446
0.0129112667419865
0.0151130917802575
0.0173577778815856
0.0198165019844848