0.1473456735639798
0.2150168566786535
0.2416442394699635
0.2387444351744427
0.2398914005392867
0.2428468291216306
0.2393174977462756
0.2407939611909757
0.2416222558865186
0.1910246364997291
0.1793253809203214
0.1865561610582878
0.1851584262688544
0.224626984160757
0.2432352304856655
0.2433218906016713
0.2422841452649378
0.2385992334924444
0.2380378643217844
0.2388040656882739
0.2436533147019737
0.1959518597989428
0.1463113429139619
0.0794422561273904
0.0127781960330774
0.001058058026986
0.0010653031243264
0.0010685452089719
0.0010693158961337
0.001065285236881
0.0010729443360162
0.0010664544608154
0.0010800758904211
0.0010671459501425
0.0010747736423838
0.0010684199205549
0.0010782901765368
0.0010736891354925
0.0010672279003898
0.0010647024684975
0.0010809676281073
0.001072027524107
0.0010940930591656
0.0010889988036153
0.0010891806916855
0.0010775709165308
0.0010880498136536
0.0185283542666317
0.0682394416113369
0.1149726295557792
0.1563216529413939
0.2090390468057826
0.2312419595963249
0.2326243365707677
0.2260944871003271
0.2328189246641964
0.2350271462912438
0.2290517179704993
0.2140315668377871
0.1704723139757717