0.0058156697205846
0.0059489463132918
0.0058252962445602
0.0060864733500417
0.0059601612668498
0.0059478620604084
0.0058015231887465
0.0059344515928544
0.0057873621414347
0.0058777222436285
0.0057827812226598
0.005980262804412
0.005872283677474
0.0060742892861099
0.0059297523086951
0.0059998931592806
0.005994858537756
0.0060640910053104
0.0059701991974885
0.0061786694060184
0.0060917485203917
0.00622335507403
0.0061062427469967
0.0063526773902043
0.0063489823135409
0.0067214137380771
0.0068838960439083
0.007044398895107
0.0069887941303408
0.0070337168979828
0.0069276165606516
0.0070772172659769
0.006942060266833
0.0070994854999814
0.0068302186701001
0.0068190397980343
0.006311866493431
0.0061218378158108
0.0059138758695086
0.0059126724541267
0.0057356762996419
0.0058324915571239
0.0056764928971478
0.0058629465184489
0.0062407665122724
0.0063464915356049
0.0061484201590057
0.0064885879594284
0.0064919865455214
0.006523073604381
0.0065680257593024
0.0067681706774594
0.0066395563425628
0.0067275623787056
0.0065943879116901
0.0061373053036598
0.0060254042266671
0.0060079643907753
0.0057219483268877
0.0053870716137435