0.006285144302259
0.0062579432898133
0.0064146269958262
0.0064139644707892
0.0063489441404345
0.0063106360261654
0.0060584981638825
0.0061989067246312
0.0062641595907368
0.0061949498693363
0.0061989519847524
0.0062293896353166
0.0062633113310922
0.0061413649968293
0.0062130348323225
0.0061430856711746
0.0060281608420522
0.0063441867085765
0.0061481661026814
0.0059076671997673
0.0059189938272723
0.0060465672483855
0.0058760734881209
0.0056532356020942
0.0056089231824668
0.0055701778434164
0.0054093124692327
0.0055951330319371
0.005345156480934
0.0055032023963499
0.0055097880127233
0.0055853715818371
0.0055257175177883
0.0057070974657098
0.0058344047962963
0.0059334250801952
0.0060331216715047
0.0060282686143419
0.0058684797229918
0.0060118248969016
0.0058993346602781
0.0058128657407408
0.0057121147647848
0.0055268213813083
0.0053964685434427
0.0055006636033727
0.0054598249584566
0.0055242423513669
0.0057841163908548
0.0058825178998891
0.005758004259657
0.0058184078538538
0.0059093765489045
0.0058564638904311
0.0060962340525328
0.0059579273972354
0.0058407554336895
0.0058324824503794
0.0054959417286968
0.0049769463586833