0.00592058945274
0.0056683974309499
0.0058838310860731
0.0056794905968018
0.0058188141546097
0.0057472762610901
0.0057803370185973
0.0057644747527896
0.0059163125124508
0.0059000849436902
0.0061081724794948
0.0061234679915709
0.0063765806752538
0.0062375222902411
0.0064016990093661
0.0063044288426096
0.006377892802763
0.0062336925997577
0.0063234477007212
0.0062262371319559
0.0062609205406886
0.0060463629075164
0.0060503483088091
0.0059479244543196
0.0059609099976252
0.00567664421969
0.005681845857801
0.0055926353965705
0.0058158830619854
0.0055717733534383
0.0057273935287511
0.0056153134998545
0.00571483361443
0.0056098447573104
0.0056990366178907
0.0055439312587337
0.0057224105225483
0.0055871905526586
0.0056344470043543
0.0053450060449996
0.0054394929582448
0.0052165846226741
0.005325282320056
0.0050990415238864
0.0051258390711156
0.0050417963086224
0.0051407876365919
0.0051209823545786
0.0052854778695508
0.005230739733069
0.0053963731853874
0.0053342907505755
0.0054915276864589
0.0053788348134667
0.0055773400552132
0.0055543361011682
0.0056167932456632
0.0055336632294351
0.0055396641460419
0.0054759343871042