0.0058607170960359
0.0057028350707173
0.0057582263566732
0.0056014440731165
0.0056934112435684
0.005715058225898
0.0057629464981586
0.0058076036802281
0.0059135580791456
0.0058946228912155
0.0066403287965485
0.0073701530048688
0.0084963236806835
0.009402209925196
0.0097387158218401
0.0096523588647538
0.0094876597883033
0.0095191078016246
0.0095516628317472
0.0095394144584987
0.0094577302545547
0.0087646137969877
0.0081804097697462
0.0070894415349053
0.0061159729595224
0.005766362344712
0.0058125155814541
0.0057035935206462
0.0057743203737079
0.0056863273727398
0.0058391401751734
0.0057652540767538
0.0058981937477148
0.0057129146237594
0.0058773507520075
0.0058819495472647
0.0059452090984822
0.0060051446584683
0.0061866233206776
0.0060641169793755
0.006155687154418
0.0060357721283275
0.006164039726844
0.0059524214092867
0.0059836721228637
0.0059556834698006
0.0060717072773517
0.0060485078514823
0.0060722845330739
0.0059824992798079
0.0060850418347692
0.0060086040960553
0.0060800127886517
0.0060577806022257
0.0061792373373501
0.0060190403699221
0.006010706212468
0.0058381197668356
0.0060039425266968
0.0059531417578526