0.0056164450733303
0.0056702433449075
0.0055075377284409
0.0056233287041162
0.0057216346345056
0.0056163639985512
0.0055368024270964
0.0056687870367001
0.0055807837950615
0.0056376037611949
0.0057658031660911
0.006077444527178
0.0059585801785679
0.0061997362665449
0.0061587656780047
0.0062457914903621
0.0062151283217101
0.0063177708935044
0.0062085468718102
0.0063407660998
0.0061957142857145
0.0061931421082663
0.0059983514782226
0.0061322151946992
0.0057627998323891
0.0058790617361099
0.0056473456466746
0.0056746804098832
0.0054322261839659
0.0054584298583601
0.0051825327889768
0.0053321476528433
0.0051828433314025
0.0052520979008157
0.0051266204916851
0.0052840230735583
0.0051960089817614
0.0053815496104279
0.0052376679911307
0.0055092051295943
0.0054435587399806
0.0056603086593968
0.0055971167129956
0.0059317115782532
0.0058474455383624
0.0060703727223032
0.0058802428187039
0.0058704112296338
0.0058385608258222
0.0060078871691914
0.0058728138893862
0.0059057957293961
0.0057669010928661
0.0057505232912655
0.0054412724514891
0.005424785710389
0.0053262271598763
0.0055302170546913
0.0054845450860283
0.0055680693703114