0.0052858610080147
0.0053188221121167
0.0052543178033341
0.0053020954892258
0.0053197086479068
0.005555758318867
0.0055159728157818
0.0057954152143448
0.0055672143430803
0.0057469931016954
0.0060811187653163
0.0062538705340965
0.0062093632241447
0.0061821075608129
0.0062217438249048
0.0063068896789405
0.0062659165760277
0.0062085236244447
0.0060808207637583
0.0062953427502132
0.006124876575918
0.005966487609649
0.0059010309075327
0.0060209310553872
0.0060192913459424
0.0061495932305667
0.0060276688780884
0.0060051689297788
0.0058626312179973
0.0059444574626731
0.0058455761021565
0.0060392656658913
0.0059868629496735
0.0060232187579582
0.0059234336386704
0.0059782217610807
0.0057175532632486
0.0058235321447768
0.0057939369981581
0.0060078438227167
0.0058744077604432
0.0058803634015997
0.0058000379832411
0.0059543256937807
0.0059618671739883
0.0060809742923965
0.0058640903894576
0.0059640556170651
0.0057617369304824
0.0057965188183969
0.005703521083262
0.005709011853293
0.0056065884963936
0.0055383111347506
0.0053429566544789
0.0053971206755651
0.0053310653099941
0.0056449931155969
0.0056437979320585
0.0058604243690011