0.0054702338037437
0.005230521638879
0.0051847750166088
0.005130788443549
0.0052270324332202
0.0050790223657782
0.0051751306420269
0.0052452141208542
0.0054060250840069
0.0053352932326642
0.0055184109477419
0.0055275562057947
0.0057157177426735
0.0058135272368565
0.0059005160139073
0.0058252337327187
0.0058853773700525
0.005825197223892
0.005796838706716
0.005747808835356
0.005893622667438
0.005830365802745
0.005869541768016
0.0058352432147466
0.0058950937413381
0.0057304540977841
0.0057087336386955
0.0056145463720327
0.0057976586906308
0.0056640251441411
0.0058822321112875
0.0057252575200564
0.0058468843349753
0.0057184547684927
0.0058344236650199
0.0058067719782214
0.0060417489791145
0.0060633657272432
0.0061920425630051
0.0059340124930899
0.0060963514280072
0.0058257851598091
0.0060861272766932
0.0059476725654049
0.0062088952528287
0.0060825401760838
0.0062411762121705
0.0060574326432424
0.00617670128797
0.0060324495298375
0.0061343120057513
0.0060311926747202
0.0061348862898693
0.0059453521670405
0.0059620060446829
0.005706759678517
0.0058820205276513
0.0056593844221566
0.0057515956290966
0.005614538027387