0.0010395501237737
0.0010386466705672
0.0010322294235526
0.0010276133053859
0.0010182851688744
0.0010148694859837
0.0010277634952024
0.0010041673333947
0.0010010536831882
0.0010011687965147
0.0010006795604868
0.0010011223425446
0.0010074607196616
0.0010109069554718
0.0010195111499781
0.001020266386539
0.0010247410597611
0.0010200209292514
0.0010175141279403
0.0010180570079884
0.0010219149604275
0.0010198052937786
0.0010144910746226
0.0010039728249156
0.0010186865136556
0.001014497038642
0.0010250619507354
0.0010345557237706
0.0010424169201692
0.0010500009917719
0.0010588070191514
0.0010699213572135
0.001076991200369
0.0010885770905519
0.0011075679016949
0.0010945359777591
0.0010918375674296
0.001075361252587
0.0010633896285278
0.0010470673515565
0.0010449782879419
0.0010362795831988
0.0010220542331423
0.0010150274503324
0.0010185694337252
0.0009991453165363
0.0010011109905805
0.0010080359269622
0.0010230745758977
0.001027304072365
0.0010421385781306
0.0010445035760728
0.0010495871690097
0.0010507457664394
0.0010488912617446
0.0010417340679692
0.0010424551137921
0.001044827204728
0.001047861807442
0.0010490843874984