0.0011491943357211
0.0011728231173379
0.0011714416378336
0.0011800038033727
0.0011184788745088
0.0011263982577251
0.0011133796735987
0.0011262672890734
0.0011058839703771
0.0011135923886286
0.0017918977903521
0.0025901418772434
0.0044135290762103
0.0051768834457569
0.005595730085875
0.0056338371605579
0.0054916651367889
0.0056481743069766
0.0055732044550369
0.0054779798951982
0.0055613597872028
0.0049143713779483
0.0040815499898262
0.0022524933301129
0.0015711963639637
0.0011403938957463
0.0011270332697755
0.0011379634470496
0.0011173378132815
0.0011401254023893
0.0011127085980516
0.0011326949189267
0.0011284117076916
0.0011360437235028
0.0011301233860948
0.0011347525933331
0.0011272879013052
0.001114614276551
0.0010945205400587
0.0011162670966106
0.0011031814509341
0.0011267822358457
0.0011063332285735
0.0011268468873695
0.0011098281102305
0.001113106055379
0.0011060021068194
0.0013239018919412
0.0018821348573939
0.0031243192232664
0.0042256768118286
0.0049409524139523
0.0052530898302946
0.0053106285458891
0.0052864018363244
0.0053026343040902
0.0053238320678954
0.0053115619493191
0.0050545079722141
0.0044841218411713