0.0057891509233474
0.0055459868232441
0.0055120199571416
0.0051761682458765
0.0051381068949049
0.0051975785052885
0.0051103080693673
0.0051961338922066
0.0053256500590928
0.0051694086296267
0.0052529857436776
0.0050683056980875
0.0051949013093644
0.0052311744851978
0.0055314579764789
0.0053976178855861
0.005586634561677
0.0056998876123612
0.0056275849653913
0.0056491409909505
0.0058610632670606
0.0059895541336109
0.006083282161883
0.0060160628206547
0.006132434138836
0.006004732662213
0.0061553943736634
0.0061321554144023
0.0060348152032415
0.0062566782723911
0.0063055125229969
0.0061309005965301
0.0059384954145134
0.0059548804912955
0.0061084383795917
0.0060460967000609
0.0060062198683554
0.0059637887535841
0.0057908158126883
0.0057203484770452
0.005660930905001
0.0057743270728187
0.0058065929326454
0.005852254029321
0.0059013719821647
0.0057870518656716
0.0057584490695667
0.0058052211791146
0.0058885567694321
0.005961939889037
0.00601606184661
0.0061229869538725
0.0059970479917309
0.0061860860521803
0.0060874526843721
0.005989490676417
0.0060845082684739
0.0059632313378488
0.006053438658461
0.0059720363735466