0.1667506234546308
0.2010192693481678
0.2364536854907064
0.2436958562772872
0.2522251124831851
0.2214697174379224
0.2396785124010798
0.2489171176921541
0.2413502564003501
0.2229353599517281
0.2109448210441775
0.1802908844010891
0.178873754046665
0.2154121051793558
0.2378426538789924
0.2411972557064151
0.2282663419226454
0.2391165212579382
0.2400636315963173
0.2247337988022554
0.246855274416329
0.2011605885287684
0.1342239470111202
0.0827339379042582
0.0249385033604289
0.0010950796705199
0.0010520126272269
0.0011047571007903
0.0011011379650847
0.0010989892745848
0.0011045724604059
0.0011027756471206
0.0010356742553016
0.0010960538596187
0.0011003247099897
0.0011053525956167
0.0011031223618785
0.0010425787689408
0.0011091087364315
0.0011135574905323
0.0011214112716098
0.0011145143289199
0.0011205834693872
0.001107921241269
0.0011102829166987
0.0011108462513603
0.0011164865247224
0.0147686721878759
0.016371009525917
0.0679288982424396
0.1431782248279872
0.2189416131388201
0.229163070905579
0.2287705245194562
0.2349116800860048
0.2380470310628651
0.2273375312684879
0.2286295252259139
0.2206821507120735
0.1733992830686568