0.0056585929177907
0.0055652667410715
0.0056697529715954
0.0058082432080636
0.00575281537378
0.0058238014443456
0.0060131201993656
0.0059867321719439
0.0059580020515404
0.0059732438790466
0.0055600767265975
0.0059857329894457
0.0057718476953905
0.0060611923427529
0.0059799151206787
0.0057140778273071
0.0061270493504133
0.0061437351315497
0.0063390384200544
0.0062249375852373
0.006453816907088
0.005983029159248
0.0063884140885132
0.006425891408283
0.0063855924665016
0.0062594144891821
0.006261207342702
0.006153806551654
0.0058655445522637
0.006103636050414
0.0060368412409087
0.005767264283884
0.005677654970977
0.0053536544285537
0.0054603464378069
0.0051062181515586
0.0056493854499042
0.005406995703581
0.0055715218621634
0.0054410978451424
0.0055597321072644
0.005624744221015
0.0057421637310134
0.0057837516111952
0.0054347566788274
0.0058690674453722
0.0059626094166183
0.0058936134824596
0.0061319375468228
0.0060615146168171
0.005851754040371
0.0061053852744114
0.0057857730278169
0.0061999431381511
0.0059376719833672
0.0062196352792205
0.0062864184412696
0.0062063235408132
0.0063389427532553
0.0060462405652133