0.0057604407484407
0.0059707261316801
0.0059919420340094
0.0058226411291633
0.0062551288232396
0.0061445517997156
0.0063383916617334
0.0061439699167338
0.006025118182152
0.0060275556955008
0.005936284503853
0.0060080351394452
0.0059728139617534
0.0055177015513991
0.0058992279822774
0.0055307630963268
0.0060050388663675
0.0059958571907608
0.006068259072234
0.0062402218027935
0.00611719210288
0.0061943772308549
0.0058486592990154
0.0058739229477409
0.0057118339487503
0.0058012642260045
0.0056249752162772
0.005575834064775
0.0055442254009241
0.0051584227602198
0.0052773154977147
0.005014093395401
0.0053646361806839
0.0055244805980655
0.0055793188970894
0.0055442727321754
0.005507335639824
0.0055926257772197
0.0057674700426305
0.0058588131129217
0.0058979945520468
0.0059820161976245
0.0060545767654767
0.0061847428184008
0.0062241177813833
0.0063134611872146
0.0063100879037043
0.0063450685979527
0.0061832559289814
0.0058684110950764
0.0061208109185538
0.0057593600082153
0.0058801314159134
0.0060431810477518
0.0059071135893267
0.0055993826534639
0.0060301495029617
0.0055799034705441
0.0059225891670118
0.00599448507109