0.0057175381662757
0.0059001003799712
0.0059828221396731
0.0060237893983531
0.0058980620077648
0.0058059230615033
0.0058914616947243
0.0060027885415342
0.0058417666542989
0.0060541631080484
0.0060884006768252
0.0061891780711108
0.0060724645382905
0.0061455358424238
0.0057754368779887
0.0062588408766767
0.0060990300870075
0.0060987654032363
0.0057819576419222
0.0061165364162687
0.0057304659070322
0.005725429867742
0.0054707735954549
0.0054523111146264
0.0054785056155592
0.0053191954958133
0.0056140360805551
0.0057960500127351
0.0056490186520404
0.0056710477485478
0.0053539416619415
0.0056932377117933
0.0059157550342368
0.0059629858485016
0.0061920881552894
0.0061504791415316
0.0060374330093776
0.0061035909929997
0.0056858872728166
0.0061635886208395
0.0060300125870331
0.0061065148082486
0.0060968485372943
0.0061619748663498
0.005997813238932
0.0059260310569256
0.0055895813943819
0.0058215045525731
0.0056573469147646
0.0054787792327552
0.0054673302086172
0.0056237946193782
0.0055845881714398
0.0055444735541546
0.0054977393382021
0.005625359323237
0.0056819201481266
0.0055072490628778
0.0058954283235046
0.0060348248070364