0.0071312349020622
0.0071355639159611
0.0070903232927319
0.0070803231099077
0.0070832724065703
0.0067292474864672
0.007075878720059
0.0070736845656192
0.0070803891393546
0.0071063054699327
0.0070587870125126
0.0066587541336578
0.0070746572334536
0.007131257854296
0.0071299748095257
0.0071270485015122
0.006786549620332
0.0066707990403374
0.0071351561137339
0.0071375119185625
0.0071040727827414
0.0071589748998521
0.0068119121842599
0.0072168042341492
0.0072338936576821
0.0072625618119373
0.0072711081814982
0.0072849865216456
0.0069023262887798
0.0072453358146256
0.0073192121636564
0.0073504472701565
0.0073283040856263
0.0072087135603783
0.0072013700226282
0.0071425300526359
0.007117498645983
0.0070802197187026
0.0070694401560027
0.0070892945939588
0.0070846982695274
0.0070597853271077
0.007029132009664
0.0070410153149187
0.0070605300871209
0.007090960454529
0.0070937455807701
0.0070995131281032
0.0070838692978614
0.0070843033467517
0.0070660803066253
0.0070788755016888
0.0070996511378896
0.0071147119224413
0.0071287610408649
0.0067105304228929
0.0070986277772731
0.007079989844093
0.0070805671445415
0.0066272972262525