0.0010623755156547
0.0010532084649297
0.0009977456436482
0.0010661378624911
0.0010601968485543
0.0010625647337715
0.0010698571813672
0.0010026124671845
0.0010530373225004
0.0010651573637579
0.0010124480295514
0.0010707563104823
0.0011043557422507
0.0011249627768623
0.0011290401983671
0.001137656377988
0.0011342000000008
0.0011320157316835
0.001131805586081
0.0011254436481427
0.0011154669766445
0.0011343455510944
0.0010731794046624
0.0010968937558423
0.0010877869033736
0.0010842157691985
0.001078402201177
0.0010634646043574
0.001050146245645
0.0009939618303723
0.0010583826216478
0.0010631460397392
0.0010530181976679
0.0010617523122464
0.0010034846323228
0.0010645193829704
0.001067878854921
0.0010700051368337
0.0010710874918357
0.001082071544683
0.0010911403113061
0.0010871848429139
0.0010885353310861
0.001089229714287
0.0010917905075445
0.0009771863016667
0.0010885937611993
0.0010938000946649
0.0010931602102435
0.0010812475694901
0.001024510741535
0.0010666111556106
0.0010581077021127
0.0010619118142109
0.0010706119318286
0.0010636602323511
0.0010705989532645
0.0010705989532645
0.0010680109636783
0.0010750093535524