0.0051253854781477
0.0055246508118396
0.0054886833116035
0.0054104631619403
0.0053548516260531
0.0052752832459786
0.005410613091973
0.0050050026895487
0.0056130766485762
0.0055499817156556
0.0056185014284024
0.0057165201058891
0.005761943774627
0.0058320239215753
0.006005010471589
0.0060553135674499
0.0062744131593896
0.0061759511092778
0.0062988899963088
0.0059878011806729
0.006315435422274
0.0061612827873362
0.0061846104189448
0.0060750238256943
0.0061915169915223
0.0060990057626933
0.00602402455563
0.0055496552791661
0.0056518698003933
0.0055110301862087
0.0051957802202591
0.0055852036753725
0.005584278405653
0.0055049089552513
0.0055150155683357
0.0053578854497545
0.005361904352829
0.005576419250095
0.0058570176604139
0.0057658462181149
0.0057994915303475
0.0057019985600619
0.0057878531607681
0.0056694957069261
0.0053167297023547
0.0058361357807834
0.0058646753266034
0.0055821220734537
0.0056354982382437
0.0054624222906999
0.0055893381270175
0.0053343966765377
0.005678423214708
0.0052909935069585
0.0057357888137987
0.0055393111107045
0.0055393111107045
0.0056385476915223
0.0057029152687334
0.0058122865585485