0.0456371075920742
0.0420447247468811
0.0417970685922408
0.0339803020469793
0.0253465367790554
0.0123933397364428
0.0046036106062818
0.0012574537466303
0.0012080302903426
0.0011696564599228
0.0011732560905395
0.0011737279325476
0.0011768498594866
0.0011919123774747
0.0011837520951763
0.0011143161047627
0.0018646667090029
0.0052563735237214
0.018942811919847
0.0232230721838595
0.0263013369189883
0.030515470880577
0.0333152986164491
0.0344410138237651
0.0339279897098751
0.0370954745254729
0.0377353088220631
0.0318431228565688
0.0303453755718299
0.0168683610845535
0.0123032181045066
0.0092450000181977
0.0055684994298116
0.0025457987112051
0.0012010647973698
0.0012075271179527
0.0010912080765092
0.0011635961567559
0.0011579866163588
0.0010973198270145
0.0011619954891057
0.0011615046020962
0.00109323069416
0.0019516934386955
0.007270557031492
0.0074993397317896
0.0068926139960174
0.0073519788607151
0.0068987096763219
0.0072097948906276
0.0074183034956743
0.0070234867718246
0.0072993566441194
0.0066571981785216
0.0061879249860432
0.0039918998636334
0.0011784425341297
0.0011355326196857
0.0011429694091455
0.0010685696424817