0.0054190432061173
0.0054097644709562
0.0052755610390087
0.0052755610390087
0.00542598897503
0.0054758900540302
0.0054335585100435
0.0056347350049911
0.005254486004181
0.005773332171935
0.0058355919125043
0.0060452454049134
0.0059008260576711
0.0057787202139869
0.0061232232403744
0.005955947442752
0.0059565959509326
0.0060919574786591
0.0058085858600375
0.0059076835375206
0.005610907474599
0.0056201877751573
0.0056317992822447
0.0057725008009215
0.0054549188692532
0.0059071758589589
0.0057330511139445
0.0058193788705054
0.0055065740303547
0.005714086606965
0.0056630827402944
0.0054618101305864
0.0058621330775645
0.0057680964829058
0.0056084527065475
0.0052589228878453
0.0054632230207993
0.0056947819771203
0.0055910987374881
0.0056520432577456
0.0056341343934774
0.0056562340306502
0.0053955002039151
0.0054626735558731
0.0055398411187688
0.0058348452398335
0.0054326125883207
0.0057390127937467
0.0056556803960109
0.0057752258859351
0.0058880970800014
0.005863482183073
0.005811910846099
0.0059341282373007
0.0058536423907494
0.0058680744035218
0.0057605840545119
0.005519721218849
0.005849988268072
0.005834352744859