0.0011116431462574
0.0011109141370024
0.0011132724400298
0.0011014714721765
0.0011072853674328
0.0011092718801881
0.0011136643550373
0.0011088317938924
0.0011220254508084
0.0010487291382343
0.0011618345357014
0.0011587174549405
0.0011560128177311
0.0011582884543822
0.0011708812473459
0.0010997647467385
0.0011604498659516
0.0011511694337088
0.0011479199280576
0.0011363331886339
0.0011464709037622
0.0011417690314599
0.0011200678577907
0.0011179338176991
0.0011232356060472
0.0011240701420872
0.001129595084473
0.0011302460425301
0.0010722213521072
0.0011450430417197
0.0011424284266927
0.0011250772505635
0.0011282198459276
0.0011191331734084
0.0011222421361842
0.0011075986330639
0.0011072824613464
0.0011071034412848
0.0011061439916367
0.0011033557220354
0.0011033557220354
0.0011021490937926
0.0011149442895998
0.0011087540763866
0.0010436778754442
0.0011050262066707
0.0011126847045127
0.0011144444731786
0.0011097534796286
0.001103295115147
0.0011067621434778
0.0011060855946462
0.0011103782493636
0.0011084513120453
0.001127469704393
0.0011269434565948
0.0011295167875967
0.0010640703631855
0.0011177205252139
0.0011167026542323