0.001665446832248
0.001892769294065
0.002012168938885
0.0023935210455466
0.002013528135764
0.002173368765688
0.002226981700613
0.0020445470053393
0.0021908760194262
0.0015731586068195
0.0015731586068195
0.0034237685208831
0.0044317245512194
0.0059205752387167
0.0062899043355413
0.0062899043355413
0.0062779105223651
0.006139310092926
0.0061519388736389
0.0060636174046829
0.0068578244374151
0.0054300649651509
0.0047157607334151
0.0030471756510653
0.0024250372596376
0.0021962978991226
0.0037706881709644
0.0044039030814023
0.0047822677512629
0.0049671898022251
0.0051554465912012
0.0048394404658313
0.0043820211437374
0.0043923515648588
0.003654510299964
0.0029360109323358
0.0019600941154803
0.002159186355932
0.0015146897708121
0.0015188676229656
0.0016024699554494
0.0014260430531009
0.0015491261294349
0.0015433807641632
0.0015401189493294
0.0015383681127149
0.0013202117996139
0.0012204359918718
0.0009184001348859
0.0017715672100776
0.0022951827493654
0.002999354662598
0.0028529624444742
0.0034199326687333
0.0028500274030212
0.0030705244063922
0.0030846343259102
0.0030790568357492
0.0029810228343041
0.0023371691245435