0.0010411465835141
0.001053773720067
0.0010538116537427
0.0010514795797626
0.0010523989963118
0.0010568652134484
0.0010560727732199
0.001047521460197
0.0010399904207191
0.0010402682449071
0.0051788558673937
0.0125458854534477
0.0129311528176389
0.0222843429070105
0.0301956976358816
0.0300224619339492
0.0280614493364265
0.0296609994760046
0.0299692226016763
0.0307967736895059
0.0318484576867732
0.0256907845628808
0.0183227846471076
0.0104189917666169
0.0092349949077873
0.0023869247266838
0.0010374080308706
0.0009685131503704
0.0010295821541595
0.0010292551729089
0.0010318567257351
0.0010337293509458
0.0010352805799262
0.000973469649552
0.0010315443544704
0.0010358658567579
0.0010440422212786
0.0010439506959269
0.0010013136360522
0.0010602296386241
0.0010558773971206
0.0010542864007508
0.0010481004165827
0.0010410273930608
0.0010327763272412
0.0010297735948558
0.0010259999455825
0.0010271579440281
0.0010260319678862
0.0010682258430877
0.0010682258430877
0.001083479442572
0.0010866711905634
0.0010911466116978
0.0010938379294619
0.0010973615107581
0.0010931018344309
0.0010863992582982
0.0010850112325057
0.0010328247549787