0.005389335057657
0.0053782073691673
0.005355620579071
0.0054460982590516
0.0055818671956825
0.0056731676928647
0.0057218685032662
0.0056452054091438
0.005946850298325
0.0059986815119559
0.0059823536256867
0.00589839579646
0.0057047680257708
0.0056862137725313
0.005508261300446
0.00550996286082
0.0053167796712218
0.0054708743112947
0.0053877341883407
0.0052177221132897
0.0050352432879431
0.0050945762977932
0.0049252655718624
0.0051111676597303
0.0051347822516601
0.0053784783116537
0.0053363140687693
0.0055559546888966
0.0054709235769661
0.005656783166878
0.0055410357585251
0.0055241828911808
0.0056448824533993
0.0059500037486743
0.0059059922349517
0.0060537482528907
0.005898637505033
0.0060213871868354
0.0057431718982202
0.0056059477965099
0.0056632071152193
0.0059583490027725
0.006073670187731
0.0061298500754255
0.0059133877265119
0.0060655357866551
0.0059590506918355
0.0061153182446945
0.0059456284287012
0.0060866363017748
0.0061115993939935
0.006004013202108
0.0058001632336941
0.0059324959821594
0.0057990170838816
0.0059632635929593
0.0058135540909588
0.0058829229739749
0.0058353098136875
0.0055684536560442