0.0055641713732104
0.0054904225451263
0.005219514457234
0.0053769092501688
0.0053525279135064
0.0054768802886604
0.0055500889418375
0.0055959956702868
0.0056102574909391
0.005667160413901
0.0056147749453618
0.0056727699526288
0.0055049865998842
0.0055115020906235
0.0054259702431071
0.005496660688901
0.0054577780104141
0.005504942477876
0.0054109585468966
0.0054674172867263
0.0053395440379153
0.0053872031812504
0.0054306978292543
0.0057018481396172
0.0057805819327731
0.005801428401928
0.0056282412122102
0.0057731945712094
0.0056405575566887
0.0057670775240384
0.005661578346405
0.0057381043023576
0.005821688665402
0.0059579808855638
0.0057790155656933
0.0060054615783729
0.0057649605437546
0.0059605839907954
0.0057784737731119
0.0058687930845824
0.0057813033741247
0.0059004154835728
0.0058406549801938
0.005629057916053
0.0055423328163371
0.0056824827782053
0.0053017231362468
0.0054706721284098
0.0054933095380057
0.0056974359201053
0.005604617327672
0.0056080433938523
0.0055876012956419
0.0056036257606678
0.0057205409111576
0.0056166699249496
0.0056390118234318
0.005749135680023
0.0056648667226229
0.0055371855889126