0.1614407431999249
0.2566125011494674
0.3370382791193648
0.4090643379620257
0.5466804878378265
0.6571832344051862
0.7832514890958905
0.931379404941436
1.0428630489454076
1.1947839964560842
1.306271759826351
1.4502367300712633
1.590246376245573
1.755163661579349
1.853445424996852
2.0019387653157783
2.151076423299366
2.266250503574711
2.3951338993051814
2.5224372585709265
2.640660911575364
2.7854904865323773
2.88027707984384
2.981940710163129
3.07655125969787
3.20274586318099
3.3090792500622865
3.4166370893482894
3.5177189601686374
3.651907623371398
3.744089165299357
3.823416685299298
3.942545516142071
4.050145908121731
4.152980505521315
4.243537225876022
4.339716048838489
4.393020855395866
4.455537094899972
4.502874658079028
4.524478974459977
4.561861852422347
4.584409225752474
4.619858508388321
4.598380196209211
4.588326245094663
4.607641324120745
4.596824941524356
4.582790287246846
4.567203586742506
4.562610738258718
4.545514844726221
4.555155193411869
4.549387935910191
4.526339879963689
4.544567116481916
4.527334103803121
4.487613789219194
3.942054164587976
3.59375168269038