0.0018411071962925
0.001842824352518
0.0018673908616568
0.0018452931688805
0.0019126343739585
0.001922125548406
0.0019276476716135
0.0019123341522455
0.0019139241561535
0.0019551823209379
0.0019692937630127
0.0020214824938243
0.0019961536343815
0.0019677375240792
0.0020202509355286
0.0019790256738269
0.0019917710260988
0.0020136269284969
0.0020607664393256
0.0020432451492133
0.0020802009594883
0.0020849177055071
0.002043149627135
0.0021099590111644
0.0021073631170803
0.0020637296195653
0.0021238497200324
0.0021161469909104
0.0020999438646082
0.0020704001311788
0.0020825877877843
0.0020688393445007
0.0020718285086512
0.0020599183724726
0.0020341863436856
0.002080024833858
0.0020672052912743
0.0020607809777613
0.0020638305946934
0.0020577967986248
0.0020864908103212
0.0020731585940219
0.0020673013983987
0.0020676043797465
0.0020625203661158
0.002063093551759
0.0020600261932897
0.0020718520032405
0.0020947871732459
0.0020490637940283
0.0020724083302951
0.0021027192847289
0.0020809126548215
0.0020739219132902
0.0020354341544163
0.002029845720823
0.0020542429979065
0.0019889415794376
0.0019706914236614
0.0019154992029064