0.0071789073118058
0.0075466369395721
0.0082636027701129
0.0088800463527608
0.0096249728800886
0.0102881482383975
0.0112850357951896
0.0121312391156274
0.0134372634488173
0.0143177492249408
0.0152167563231045
0.0160192637292468
0.0171217575264289
0.0179583199224971
0.0184847177417852
0.0194195206118499
0.0201641629861383
0.0208325336762219
0.0218766300305709
0.0228022303326108
0.0233823202875249
0.024016431208976
0.0248667788353144
0.0254355337485671
0.0264211472262644
0.0275088356653345
0.0282275652995819
0.0287138465929439
0.029817399820702
0.0301878513988849
0.0307142019311352
0.0313084157988302
0.0324179970581856
0.0327991828078162
0.0335538905522715
0.0340998348580383
0.0349646862244895
0.0352237908538244
0.0358134787208928
0.0359889921904444
0.0364737131292176
0.0366395116086698
0.0367358333957734
0.0367695482176642
0.0372760120296345
0.0371636061214885
0.0370521402313521
0.0364786730608389
0.0363094289492277
0.0364123499123382
0.0365920739428248
0.036402856570675
0.0366358378339345
0.0365306594007446
0.0337957657270786
0.0308348762169146
0.02742847783888
0.0251265307143099
0.0222599334198477
0.0196792818191828