0.0057015088904177
0.0057748308508878
0.0057608766353416
0.0058130101487532
0.0056468235758077
0.0057935653334302
0.0058214446456956
0.0057972671934018
0.005664467975132
0.0057017532730414
0.0056219108680644
0.0057062101744188
0.0057057863318239
0.0058828033371132
0.0059525871574656
0.0060418925574
0.0058396129323417
0.0057723371727
0.0056534180779691
0.0057983519624651
0.0056028037344695
0.0059019596530852
0.0058427969477116
0.0058323179222391
0.0057613833018817
0.0058283006190659
0.005995633199536
0.0060896771159873
0.0060908032570902
0.0062625639439165
0.006101587021027
0.0062828406038097
0.0061246324294069
0.0063067051829153
0.006426263863432
0.0063197017439448
0.0061432094130473
0.0059069489049766
0.0058966731664725
0.0061105987653179
0.0060671157363025
0.0061913845917406
0.0061256697706191
0.0062616042147806
0.0061194037317912
0.0060798286613645
0.0062659638359936
0.0067200353527889
0.0069777512248535
0.0069586471931118
0.0067521249776699
0.0068098777806188
0.006772163504239
0.0068016240911697
0.0065818922973046
0.0067676044184629
0.0065939684551727
0.0065832716463968
0.0061630904235928
0.0060695743348413