0.00110265797946
0.0011095081933557
0.0010959042099605
0.0010971807860261
0.0010843206265845
0.0010911954849866
0.0010901408323441
0.0011006807191347
0.0010952291722691
0.001102873903959
0.0010987374817336
0.0011093043540972
0.001118096980754
0.0011352175196487
0.0011345749289971
0.001135185187847
0.0011298221364642
0.0011312216408114
0.0011182295760653
0.0011212972231807
0.0011146049527652
0.0011200122284329
0.0011074075809432
0.001099161693153
0.0010902075793173
0.0010924555393065
0.001088321928403
0.0010977309884027
0.0010892458745274
0.0010961772267477
0.0010969212064402
0.0011060597712526
0.0010999036422816
0.0011076952335714
0.0011053539257237
0.0011141167294343
0.0011177584378104
0.0011194910259893
0.001116512344346
0.0011236339948573
0.0011159297698859
0.0011211030671754
0.0011199871191211
0.0011282984455217
0.0011260455275941
0.001134270085563
0.0020259532395978
0.0033600425057937
0.0037455757812499
0.003772780711197
0.0037863234970271
0.0037548444432332
0.0038000524548187
0.0037679224725082
0.0037835982088336
0.0037518305543862
0.003736548172453
0.0028292046304443
0.0014493058798176
0.0010970748317876