0.0019377415606989
0.0019309359988596
0.0019278700898681
0.0019358027840127
0.0019311450098275
0.0020142924878504
0.002031905306972
0.0020180104638112
0.0020044214223795
0.0020451968441597
0.0020104490397499
0.0020291125011331
0.0020453314481735
0.0020729260379485
0.002033807963425
0.0020529118921172
0.0019750003181792
0.001940235329607
0.0019507211017757
0.0019809125548246
0.0019481903048529
0.0019991261861348
0.0019525929508959
0.0019677164957758
0.0019527069519862
0.0019923010108369
0.0019764987192154
0.0019742303071721
0.00197230813544
0.0020037251817094
0.0019978144936111
0.0020143619371438
0.0019319170342962
0.0019927340696056
0.0019656777199432
0.0019690371233077
0.0019519515513039
0.0019774327785122
0.0019767062273057
0.0019734500975263
0.001932840876411
0.0019592052818708
0.0019418677356905
0.0019954635209784
0.0019492385439431
0.0019569114575857
0.0019497245837023
0.0019632259456714
0.0019437158753032
0.0019462499547217
0.0019436254749739
0.0019759716811534
0.0032199312977098
0.0032465876143685
0.003259111750235
0.0032573966321987
0.0033380182039743
0.0033338698467474
0.0032675765656638
0.0032852419073252