0.0063350405105641
0.006194242074074
0.0061879066737911
0.0056947093072516
0.0055714111151604
0.005289440576809
0.0052784749688485
0.0052115958320941
0.0053718439569765
0.0052241995262942
0.0051547496647622
0.0050185429482334
0.0051234190546608
0.0050844164997268
0.0052972614441367
0.0052973779469458
0.0054856077637404
0.0054707093536879
0.0059649892049254
0.0060913957807107
0.0064476787399588
0.0066059357187396
0.0067543461135969
0.0066715743856299
0.0068521218178147
0.0066073925312849
0.0067302418439846
0.0065872815193049
0.0068031039553383
0.0063669468361694
0.0063805955178658
0.0060280466551743
0.0059364370629371
0.005759860367908
0.0058623503039783
0.0057715184922771
0.006108338375973
0.0059419509548063
0.0060096291717717
0.0058238228585637
0.0059379262974105
0.0057110168460028
0.0059032223943713
0.005974418055408
0.0063434067665289
0.0065259694239592
0.0068495863423588
0.0069634999091407
0.0073730001297548
0.0073246309563112
0.0074552958469177
0.0074141175407199
0.007691884269845
0.0076559137044652
0.0077526625656167
0.0075206042350353
0.007305407001949
0.0070244777508744
0.0067101923405182
0.0063830113156778