0.0053098141074611
0.0051367762504498
0.0051597243913059
0.0050662399129173
0.0051350641890059
0.005149761928888
0.005311488349303
0.0051981313448828
0.0054476303180198
0.0054716358139115
0.0055956132082267
0.0055930856018484
0.0058699038957687
0.0057104934144234
0.0059713760763793
0.0059125663763865
0.0060339886863836
0.0058522106298495
0.0060930425481558
0.0059733271742989
0.006056525809162
0.0060546083040621
0.0060852196501501
0.0059744623213474
0.0061915326384173
0.0059729844843378
0.0059659039317371
0.0057898212706541
0.0060410603690905
0.0059262015506658
0.006011865035749
0.0058197605455468
0.0058720531111355
0.0058948241900253
0.0060018417830425
0.0059253510297065
0.0060994714547807
0.0060768499094219
0.0062411706751984
0.0061253470646546
0.0061948062801311
0.0061036206416628
0.0063395621727148
0.0062664144722405
0.0064561042618946
0.0063679673410093
0.0064675701090764
0.0064051076375582
0.0064883361393963
0.0062878551259454
0.0064273495339306
0.0063144968625945
0.0064749450632538
0.0061626664125686
0.0061710667516386
0.0060041430887863
0.0060363727446089
0.0059562916234086
0.0059737287362489
0.0058890236396799