0.0237562861034417
0.0218587961446047
0.0186767967856952
0.012620396735753
0.0081991850294054
0.0037182367695704
0.0011434649261175
0.0011529478307711
0.001146536988986
0.0011598380123832
0.0011654740757036
0.0011810224347324
0.0011791249660464
0.0012020339114248
0.0011862349177826
0.0011947888017679
0.0011790609390605
0.0066867647005887
0.0113615177190665
0.0147737819701849
0.0206096060854953
0.0238756950205589
0.0236416504442215
0.0238829022888595
0.0236026003256797
0.0236354028760233
0.0239556889575569
0.0242728413870572
0.0188273410000181
0.0135494160800951
0.0103318132389787
0.004962239515078
0.0011578219165702
0.0011324369480415
0.0011832953602002
0.0011953050024727
0.0011767872024081
0.0011827815092414
0.0011675008172721
0.0011661037922021
0.0011584234262394
0.0011432063865057
0.0011554175543714
0.0048360537824948
0.0154084509810953
0.0214721255944307
0.02887118778147
0.0490042853453845
0.0543376831227017
0.0547744008842909
0.0553020595527069
0.0536713780413297
0.0556672706231233
0.0537471792500359
0.05126080257732
0.0401921627373643
0.0335291468881762
0.0265109496585508
0.0057837279998531
0.0011470358726391