0.0003456649818034
0.000326637003948
0.000347555053006
0.0003521339480708
0.0003305576099046
0.0003466257376388
0.0003482861769093
0.0003234713743904
0.0003500733961449
0.0003447360994666
0.0003250556133056
0.0003486170005589
0.0003480371498172
0.0003252112218449
0.000344067811513
0.0003479565301629
0.0003275684225671
0.0003513602228812
0.0003522791591483
0.0003218167522114
0.0003500971161848
0.0003490068462816
0.0003245328330206
0.0003456918369216
0.0003480248388561
0.0003229847286709
0.0003453316273932
0.0003422403036804
0.0003196860747033
0.0003407789315859
0.00034288611519
0.0003168685375567
0.0003412553959457
0.0003396618012817
0.0003179226689825
0.0003393205135238
0.0003420263975437
0.0003173127725405
0.0003461194394895
0.0003378868275597
0.0003212708257548
0.0003448780806297
0.0003421307262369
0.0003210848389203
0.000343595631842
0.0003434730599007
0.0003229967274599
0.0003434739479138
0.0003449318781395
0.0003210817953478
0.0003457471277106
0.0003443766520621
0.0003200066600127
0.0003392725776931
0.0003428835845287
0.0003178726083312
0.0003403762517089
0.0003417407762251
0.0003206377608236
0.0003464099037646