0.0057107975491949
0.0056671089963808
0.0059471047102554
0.0057000111496485
0.0057257196878975
0.0056383427640728
0.0058318567138098
0.0058820185499335
0.0058105240985234
0.0058229699353801
0.0056437862182716
0.0057440074740584
0.005661974964325
0.0053085538944701
0.0054244906067921
0.0052832546158534
0.0054382598809176
0.0053318288750525
0.0053996458545455
0.0054553927035031
0.0053889839754143
0.0054599067603773
0.0055748986456888
0.0058218393063374
0.0058769798261439
0.0060034637120815
0.0059224013915634
0.0058293126603702
0.0058569089180316
0.0057390151796613
0.0057120165691484
0.0056808088389266
0.0057523658785234
0.0056859235740119
0.0056457472056148
0.0058192913305367
0.0056105811473467
0.0059606338596204
0.0059784890753269
0.0059212288220272
0.0059509302150892
0.0058157825375521
0.0059333384083291
0.0059583594790588
0.0058491460366127
0.0057099691583518
0.0056207415866709
0.0057970609747305
0.0056393224834894
0.0056844271433782
0.0059010818259649
0.0057817107622906
0.0060514949135572
0.0059513998222024
0.005842254490101
0.0059066064968956
0.0058594539529357
0.0059347306913509
0.0058013338889815
0.0058008010163483