0.0054746354008245
0.005699155157593
0.0055684612143969
0.0058844179286367
0.0058163962969066
0.0060597882639607
0.0059308735670072
0.0059956040331461
0.0059927234273719
0.0060551577833643
0.0058671353933504
0.0061508623923796
0.0058974561495819
0.0058203856873616
0.0055530186288571
0.0056339668335993
0.0053678189746546
0.0056725816244617
0.0055492594001382
0.0056960081068021
0.0057352378820538
0.0059259628569866
0.0058196510707379
0.0060780098158857
0.0061090815136681
0.0062892881929287
0.0060847534321599
0.0060956949461356
0.0058387424093669
0.0059426332809176
0.0057750229899868
0.0057860383119995
0.0057022812999084
0.0057552545273596
0.0056274937677472
0.0059288546165101
0.0057935499982118
0.0060676666544784
0.0061059090059893
0.0061347929535124
0.0061041344536308
0.0061903116720046
0.0060142800059363
0.0059380416415539
0.0057332775079733
0.0057247826642893
0.0054526848135944
0.0055751151562384
0.0054729318907798
0.0055901710704792
0.0055052399970647
0.0056267136298163
0.0054617540188593
0.0056415600364463
0.0055602514430676
0.0056570586656227
0.0055660466824601
0.0056345651055622
0.0054503189877469
0.0055297863421473