0.0010217505252682
0.0010100179982201
0.0010100739174219
0.0010144403839254
0.0010115954009951
0.0010229309411591
0.0010213103619875
0.0010244785980034
0.0010180063475755
0.0010261596674286
0.0010195599999999
0.0010312998100387
0.0010418731569897
0.0010412870651075
0.0010386702070573
0.0010400062107367
0.0010399390661949
0.0010361298820069
0.0010286165441903
0.0010404759358288
0.0010230611290117
0.0010357069025767
0.0010255645272351
0.0010262793762111
0.001020952885643
0.0010246582663832
0.0010239218961869
0.0010234618501133
0.0010266140020821
0.0010388541317624
0.0010371109074742
0.0010533446880756
0.0010443828859951
0.0010640281412177
0.0010574291144861
0.0010646176281757
0.0010625890321051
0.0010669850724127
0.0010597847367748
0.0010670290489381
0.0010621975596659
0.0010647080675148
0.0010583105179848
0.0010617479310536
0.0010547997353881
0.0010597578056449
0.001057367290077
0.0010566884138661
0.0010463734985527
0.0010486217817397
0.0010360360690296
0.0010348700434205
0.0010241052746971
0.0010243769153116
0.0010291122450825
0.0010280252268039
0.0010219372678272
0.0010279412919408
0.0010271250269764
0.0010324905381538