0.0071214876485732
0.0070939434809483
0.0070769868897422
0.0070578173148423
0.0070349850116757
0.0070667790761166
0.0070087764527898
0.0070214963335621
0.0070515299216445
0.0070655124410966
0.0070801685869565
0.0070953571981215
0.007063274847611
0.0069939277676886
0.0070269225212338
0.0070214306415587
0.007025277079181
0.0070560165423958
0.0070191573094076
0.0069871041620133
0.0069881648810604
0.0069667165007344
0.0069627365425272
0.0069826234323312
0.0070699814256116
0.0070686508964867
0.0070342502036605
0.0070032036369623
0.0069577731893723
0.0069600833709853
0.0069654942652522
0.0069887078142066
0.0070320399113081
0.0070420050266985
0.0070673726460736
0.0070472093138422
0.0070219114754097
0.0070653544915162
0.0071087986330366
0.0071442322459583
0.007149158581648
0.0071028014756163
0.0070744416751896
0.0070041620070764
0.0069774933623193
0.0069848377534547
0.0070079550989618
0.0070207072307805
0.0069981585821234
0.0069853381365467
0.0070068504219561
0.007022951574919
0.0070624706087786
0.007110423093611
0.007166366547342
0.0071285601234247
0.0070623605268438
0.0069937775224719
0.0069511097963425
0.0069605926165324