0.0057303910946469
0.005629597516049
0.0057393147373229
0.0056412442547366
0.0056546187871756
0.0055203134355638
0.0057127963755628
0.0056295681569342
0.0056890907096231
0.005529432985539
0.0055441871223359
0.0055010472829291
0.0054884918103759
0.0053166482978378
0.0051702778361247
0.0050890870939769
0.0050914590079441
0.0049490482278888
0.0051026969752386
0.0050725665395114
0.0051245939342114
0.0049904846286143
0.0050940031565087
0.0050834481430787
0.005245112866943
0.0052033367572864
0.0053042658786855
0.0051943159755293
0.0053066629104011
0.0050608399132879
0.0051381871314352
0.0049916465623163
0.0052668914308088
0.0051385370906493
0.0052804818064753
0.0052534730485955
0.0054623164547726
0.0053954919922437
0.0056187100267977
0.0056031115011761
0.0057191632327625
0.0057497850837687
0.0057616933121255
0.0055027802003964
0.0055692994687194
0.0053483979907833
0.0052364198357274
0.0049931633461116
0.005025243349222
0.0048990445645079
0.0049136464692817
0.0048720608497424
0.0048511578037103
0.0049766277621534
0.0052183761857852
0.0050281920192676
0.0051185652324585
0.0051978827528841
0.005335897022108
0.0051890479301246