0.0011645146437445
0.0011496368956743
0.0011512882244029
0.00114901124256
0.0011608695049753
0.001163149256142
0.0011596591671708
0.0011501596278373
0.0011477756931187
0.0011304698081466
0.0011328064068858
0.001136644662972
0.0011480636478213
0.0011453926420314
0.0011491243300591
0.0011525635914274
0.0011569243637297
0.0011550040520561
0.0011567673088556
0.001153611927209
0.0011622979234252
0.0011548907394583
0.0011547875850278
0.001139768109605
0.0011342863712145
0.0011389526395554
0.0011423652186551
0.0011368811433123
0.0011392164369301
0.0011432212963645
0.0011495940673778
0.0011555498151637
0.0011630609896218
0.0011651150662403
0.0011721602668372
0.0011652574769186
0.0011549179590428
0.0011422899840249
0.0011523764880678
0.0011482116132393
0.0011581787414352
0.0011551629900416
0.0011496649361609
0.001144033419162
0.0011397075024788
0.0011399888675417
0.001153641619442
0.0011567580928987
0.0011775921510632
0.0011552177058405
0.0011623509193499
0.0011430014744753
0.0011306771742975
0.0011538505079301
0.0011551913804887
0.001178159292514
0.0011765785958715
0.0011670075440067
0.0011707391328002
0.0011575897755611