0.0483094445564331
0.0488264860277221
0.0477945373602275
0.0480521720167608
0.0485935368541313
0.0020090622515326
0.0020281748811974
0.0020389313135693
0.0020200548938935
0.0020259754418093
0.0020290141638885
0.0020253645262474
0.0020381507061537
0.0020502571935993
0.0020550936022805
0.002060307578438
0.0020690507010897
0.0020698717107052
0.0020610985455017
0.0020727095880219
0.0539747422463386
0.053663656507146
0.0544258225635011
0.053366821407398
0.054089499280156
0.0541530562665449
0.0532684480145117
0.053569136300367
0.0538792215732299
0.053506359486577
0.0535377061750284
0.0017638391102668
0.0017825695483917
0.0017941154144212
0.0017876077613732
0.0017772407751573
0.0017934075034704
0.0017734556430544
0.0017924354098478
0.0017935619704714
0.0018114687208382
0.0017937887674045
0.0018011111170824
0.0017889773850315
0.0017831797699817
0.0017901297347453
0.0243326049693521
0.0239716764251311
0.0241600624898204
0.0242218309444656
0.0241095177460203
0.0247284950445341
0.0240649959868397
0.024737566167709
0.0241544501743172
0.0248014289050821
0.0238992215798921
0.0017085194994441
0.0017093910745314
0.0016945910353033