0.0059639131497356
0.0059213066378865
0.0060989835632413
0.0060362124016906
0.0059743059009241
0.0059319280969778
0.0060937013310091
0.0061508842010284
0.00607272106554
0.0060412056869766
0.0064445464425792
0.0090948730213103
0.0136375961885693
0.0184496561215208
0.0241204674986715
0.0279943090778229
0.0297635436229504
0.0303863962047467
0.0304839250932887
0.0302358509561303
0.0300043312955136
0.0297132242225267
0.0273419045840468
0.0229268579848183
0.0185660500530921
0.0142533507782171
0.0143634161522167
0.0168670986384045
0.0207430357371591
0.0248350267549329
0.0288419679653192
0.0302326891131309
0.0307728603252272
0.0307718903421634
0.03032526935342
0.0294989062214335
0.0279643100156408
0.0244890587429197
0.0200933547638498
0.0165275285665287
0.0147040720295654
0.0152986233162454
0.0170785141767713
0.0204676955571479
0.024438321903567
0.0272606183212977
0.0279833108539289
0.0287460042137907
0.0286480391996512
0.0282605551258992
0.0277017199357557
0.0250152248565277
0.0214906166299153
0.0190153010253543
0.0175302291446482
0.016638291345997
0.0173244196889276
0.0214017659659732
0.0241558230263635
0.0262984109702468