0.0010339634103804
0.0010225783470625
0.001011930568949
0.0010177604382589
0.0010221788753607
0.0010156631918225
0.0010081101991918
0.0010121051269611
0.0010109921842566
0.0010158921902588
0.0010298911029981
0.0010277025036277
0.0010446269224408
0.0010603511501904
0.0010719525774662
0.0010917724967736
0.0011019493148933
0.0011208748951556
0.0011237420950585
0.0011251211052216
0.0011269237456486
0.0011197678355501
0.0011345302986371
0.0011239423619067
0.0011346524752476
0.0011367667020939
0.0011305702860092
0.0011317784692987
0.0011306867260167
0.0011518536994799
0.0011653373909552
0.0011760343492541
0.0011735495664315
0.0011604994900059
0.0011631073989949
0.0011470416400312
0.0011384294526106
0.0011205373988551
0.0011125223978919
0.0011093727217278
0.0011069101423161
0.0011062679386069
0.0011069856643865
0.0011202436441063
0.0011383650191501
0.0011449718689647
0.0011550981417062
0.001154361981311
0.0011662293215994
0.0011625734033983
0.0011524452117094
0.0011319975586112
0.0011220859906192
0.0011238496349828
0.0011244053970561
0.0011221827513875
0.0011216361487097
0.0011223070354105
0.001124225097193
0.0011282266232592