0.0011200661429065
0.0011237823822142
0.0011321970487077
0.0011322937624682
0.0011274734174951
0.0011283809024894
0.0011292920913816
0.0011363911923681
0.0011383732826503
0.0011307640441374
0.0018352187173136
0.0108287467824328
0.0298044875746691
0.0494272173117947
0.0656002884414809
0.0798961274504432
0.0854245022101326
0.0858089773378622
0.0890057368623921
0.0878259953276946
0.0872839535285538
0.0869774251880242
0.0774759385942883
0.0596898643214252
0.0413893605117545
0.0318386123826925
0.0325502621503271
0.0410416491053312
0.0637624109264088
0.0765709646915661
0.0871990857179357
0.0951333158415846
0.0955718665492955
0.096670983062597
0.0951261590762004
0.0912726095743152
0.0878935897780148
0.0722048241957239
0.0564600013659479
0.0359059495724909
0.0311618211395532
0.0321597852652474
0.0412908936356028
0.0536925214804303
0.0703277417229188
0.0798919989312561
0.0847815007002543
0.0847197456699924
0.0843847213553923
0.0833880493679601
0.0803618313366389
0.0703485585182796
0.0614916693886211
0.050788360061969
0.0456440371691252
0.0404102641261737
0.0436596323271451
0.0567522296713644
0.0670589940559815
0.0788327584584935