0.0010370890742346
0.0010355739761727
0.001030276550846
0.0010278839014329
0.0010303371995477
0.0010211225702928
0.001015172795049
0.0010224553125168
0.0010261394350644
0.0010304364154505
0.0010429830413883
0.0010624583279156
0.0010724215302684
0.0010804745392064
0.0010864110684061
0.0010937515748249
0.0011070806710295
0.0011057400779952
0.0010987606800108
0.0010971443365575
0.0010961381960609
0.0010995537034971
0.001133161206023
0.0011283505227108
0.0011302896683581
0.001149516491254
0.0011471862388118
0.0011381537179301
0.0011439031802369
0.0011486490672427
0.0011469337725755
0.0011491969831083
0.0011349411933654
0.0010859900993757
0.0010872176656151
0.0010873038516139
0.0010645205302989
0.0010636366137371
0.0010633413406082
0.0010545579060661
0.0010569412400799
0.0010483939511725
0.0010411719418758
0.0010511388847555
0.0010572482694307
0.0010599944892667
0.0010632010916606
0.0010629148740577
0.0010619921786706
0.0010589852677222
0.0010669586562382
0.0010701676416036
0.0010814252863197
0.0010866998835468
0.0010819920024663
0.0010801470962118
0.0010805449230098
0.0010749446511206
0.0010750446863363
0.0010743481584308