0.0045873016319451
0.0100647049511773
0.0125494158005271
0.0132048779306578
0.019710723169474
0.0221277633146959
0.0245286329179217
0.0289683988679968
0.0289683988679968
0.0322271038972837
0.0372993526848443
0.0417224673008728
0.0464556238252976
0.0457675106115335
0.0565085945967649
0.0619864433609197
0.0658497788143633
0.0719360203267184
0.0782841934731057
0.0836731652169103
0.0853292137144786
0.0896093045629077
0.0946613206022301
0.0938295342994297
0.0929989288554372
0.0880232748004693
0.0944334704327089
0.0960292262659091
0.0961404304969535
0.0967016892982968
0.0980175112170737
0.0965886898089549
0.0979498206942169
0.0931366488616114
0.0984150598298332
0.0983539853316698
0.0981168530075753
0.0987480190368213
0.0983208049354929
0.099285849449923
0.0994028315290525
0.0993169120879072
0.1003226710661966
0.100382367542107
0.1007770741022278
0.1005933675936336
0.1006610461133798
0.0994343561697535
0.0928965794180782
0.0995992276124816
0.0989788176566131
0.0987885050602321
0.098835799375519
0.0924669337282026
0.0976581728638232
0.0975832595077899
0.097432251787291
0.0982573596432062
0.0941175260726836
0.0988425469470885