0.0010772209910829
0.0011361346417243
0.0011313090134203
0.0011190062861087
0.0011264202611501
0.0011245119266055
0.0010595970192981
0.0011060687733789
0.0011077173711479
0.0010442660450785
0.0011082765163773
0.001098830965805
0.0011074626655726
0.0011098440118602
0.0013622892432027
0.0013625269750943
0.0013048741735884
0.0015968171653669
0.0016190333097928
0.001623174937923
0.0016525255135969
0.0016450199139342
0.0016603678562193
0.0016260356591118
0.0016753725980962
0.0013708013292876
0.0013650422303637
0.001158275885634
0.0011466606054466
0.0011288821255549
0.001021069345713
0.0009558699532441
0.0009999500792249
0.0009804317493699
0.0009877504058663
0.000976678452425
0.0009776984845134
0.0009693854021556
0.0009749540728596
0.00096908091914
0.0009645774805307
0.000963201796018
0.0009767245265502
0.0009685983467748
0.0009649948799307
0.0009571306146572
0.0009570882523043
0.000954052574322
0.000960629498863
0.000953747744457
0.0009638415270392
0.0009693540642371
0.0009181988293565
0.0009615975777547
0.0009627010109076
0.0009486741411344
0.0009518665988324
0.0009468620994993
0.0009482084861183
0.0009535506812287