0.0055339584048678
0.0059591695611103
0.0059819720340517
0.0059746479709533
0.0058828214888022
0.0056872253934085
0.0057106009480751
0.0057221179176143
0.0057245033687815
0.0056897842315184
0.0057487895321925
0.0056515275875956
0.0056729998981064
0.0054757089853701
0.0055244864886633
0.0054358875486512
0.0053709550675847
0.005090718103941
0.005248724103659
0.0048684893401272
0.0051514919129446
0.005016690330125
0.0051049882977149
0.0047284691313931
0.0051206507135301
0.0050836512957177
0.0050233949068093
0.0050139752856605
0.0049905326724741
0.0049449846645694
0.0045425019874127
0.0047679146286191
0.004615999625741
0.0044389973064094
0.0046161533519396
0.0043183100452491
0.0044771514694389
0.004431504192872
0.00459874483338
0.0043153680864085
0.0044738511819635
0.0044740007175976
0.0044089917035491
0.0044574658561604
0.0044202782807095
0.0043351531340679
0.0043644845273887
0.0043313867118941
0.0042772026640604
0.0039337227600014
0.004225480374518
0.004225480374518
0.004214863747576
0.0041770983946427
0.0042709155680478
0.0043038269578369
0.0043536413468938
0.0042361308523191
0.004338670432596
0.0041036947934331