0.0011044436820205
0.0010971972162779
0.0010829058914103
0.0010829058914103
0.0010834726885306
0.0010734876755568
0.0010700184123582
0.0010820548160896
0.001059442138457
0.001066651575632
0.0010926493425744
0.001097970882474
0.0010990137001416
0.0011130976767286
0.0010972844087306
0.0010985636207938
0.001117798721518
0.0011218555569874
0.0011168155177123
0.0011186390854454
0.0011156632688734
0.001275462722515
0.001296009309901
0.001278776993876
0.001267612927647
0.0012899273651352
0.0012559358877296
0.0011906010911501
0.0012209267661223
0.0011692319041856
0.0011916194941125
0.0011675821212121
0.0009867790106792
0.0009590042020696
0.0009599107298335
0.0009552099206853
0.0009541075688396
0.0009556293601431
0.0008386229683333
0.0009339245420871
0.0009327569797189
0.0009328495112447
0.0008832967660851
0.0009415195629056
0.0009438202781349
0.0009451285292037
0.0009425197979648
0.0009538477802441
0.0008986720218287
0.0009546134335839
0.0009548525217917
0.0009687900013842
0.0009682235237311
0.0009783482718336
0.0009784622330202
0.0009672219518417
0.0009641080037528
0.0009649905626524
0.0009560986779794
0.0009674764996415