0.0011308953972592
0.0011020077572645
0.0010976418724819
0.001095981387571
0.0010913150403144
0.0010967565778587
0.0010805314386788
0.0010702296883771
0.0010472959815378
0.0010483911968432
0.0010611198497456
0.0010777397849462
0.001019323022724
0.0010838467842261
0.001087456482932
0.0010395472333526
0.0011885449059282
0.0011951560548824
0.0011774109053008
0.0011330608433809
0.0011550952171411
0.0010932068608806
0.0011456286743121
0.0011144189302403
0.0011026059669739
0.0010836269873624
0.0009766627527244
0.0009692762766297
0.0009622229654214
0.0008994915001293
0.0009390596562183
0.0009441981527985
0.0008907753465458
0.0009414101619037
0.0009423645218217
0.000942769192615
0.0009534331540147
0.0009465007242524
0.0009459446147669
0.0009515778628376
0.0009365577631819
0.0009311658147446
0.0009213890129611
0.0009124769020025
0.0008999721179723
0.000892193054674
0.0008864471748007
0.0008739120780715
0.0008693028137971
0.0008761172174415
0.0008754011368845
0.0008754011368845
0.0008835677828318
0.000885049121325
0.0008810148227383
0.0008774722052094
0.0008762547362337
0.0008775692594132
0.0008700498434427
0.0008267632456649