0.0010546666696573
0.0011081211144486
0.0010954320592569
0.0010982592358755
0.0010849451074943
0.0010841225856951
0.0010808521640044
0.0011131675251232
0.0011096248090269
0.0011159746412777
0.0085806252677827
0.0089992035188279
0.0529504694736843
0.0590867482512273
0.1162183068953127
0.1598862552224161
0.2081073097402816
0.227891922820574
0.2842305771855373
0.3410302048522372
0.3624426872793926
0.4082922273869571
0.4217472329270082
0.4320846823157503
0.4550516862802373
0.4619136806230278
0.4751066355878902
0.5044679120170208
0.5328665227729713
0.5507342025731115
0.5941284412906537
0.6301319810434463
0.6447862713299558
0.6594180299969867
0.711876596364776
0.7119640063522025
0.7519830282372075
0.7184010787997177
0.7625835393688488
0.8093932841419709
0.8130513979175432
0.7635890435337827
0.8341073760096136
0.8646140145914576
0.8864873284565142
0.8744945351956618
0.900583856672431
0.8817462753435732
0.8790637644671907
0.8722456163134428
0.8816278202883712
0.8747045580594569
0.8701289393561823
0.8788359073680686
0.8546794357745077
0.8729238038869264
0.8804416837513435
0.8840576923303889
0.8739321065532226
0.8857480512330189