0.0061207844910312
0.0060002735828328
0.0060132505221086
0.0057934828962024
0.006205731614061
0.0059782991477527
0.0059206250113688
0.005710926069686
0.0059016417687976
0.005827161106867
0.0057879611282817
0.0057231673019978
0.0055537578134931
0.0053570737312943
0.0053574948649191
0.0053032699964178
0.0053713116475722
0.0053966898961077
0.0054408492598069
0.0049900221341871
0.0051301083734982
0.0048774863788346
0.0049883395573119
0.0049117039025434
0.0049660093045261
0.0048507393348327
0.0049028410934648
0.0045578861518477
0.0047855914909774
0.0046457067881664
0.0047582264785935
0.0045156073942236
0.0046469327346364
0.0045446715055022
0.0045513634930528
0.004316839573625
0.0044896387520525
0.0043972341490545
0.0044196985289679
0.0044865534259863
0.0044562993309807
0.0041730518048227
0.0043880261506662
0.0043509192353967
0.0040868916738649
0.0044743879484335
0.0043521843942733
0.0043314836033787
0.0043027780753508
0.0041997913286713
0.0042432341388192
0.0039770159769882
0.004281580778486
0.0042167287925696
0.004306963483248
0.0042040627861346
0.0042569757390038
0.0040268858391001
0.004214657962016
0.0039419752043729