0.0010650542292955
0.0010650542292955
0.0010739286739537
0.0010575352201795
0.0010729097399882
0.0010715493413325
0.0010769181865837
0.001079766580334
0.0010805932066316
0.0010754919947293
0.0010824042033325
0.0010824042033325
0.0010850421556886
0.0010712813164023
0.001102461266341
0.00109015048375
0.0010855771201331
0.0010928517792355
0.0012160102472587
0.0011510318132821
0.0011953431515593
0.0011841565244101
0.0011861229064721
0.0011227363186347
0.0011717362133352
0.0011477404404093
0.0010933042423286
0.0011459065595282
0.0011444524179104
0.001013824233777
0.0010074279650807
0.0010099600613392
0.001000594360206
0.0009913987361958
0.0009847712222754
0.0009864259193387
0.0009337701288067
0.0009826189050156
0.0009884045562459
0.0009781035387161
0.0009663659729273
0.0009601118725157
0.0009518425098803
0.0009329868033028
0.0009370249455699
0.0009341814868559
0.0009306955103834
0.0009182282994454
0.0009219659335628
0.0008985115006072
0.0008988643404598
0.0009054490856332
0.0009090479961866
0.0009102305859672
0.0009171867632259
0.0009110786885844
0.0009094057949805
0.000904444916408
0.0008985635691677
0.0008385774224207