0.0011533281538411
0.001145233237635
0.0011351125209824
0.0011418765837895
0.0011418765837895
0.0011335732580581
0.0011286096530532
0.0011308452087124
0.0011314383331812
0.0010745420183412
0.0037390518691589
0.019204441964438
0.0365330520387147
0.0609585912177536
0.0668015679456432
0.0910786511976946
0.1057589704069947
0.1362729220351535
0.1673271900450014
0.1742226194250704
0.2004364984324154
0.1965003319484935
0.2204794663119927
0.2313190910869206
0.2403162559337465
0.2497493176919251
0.2582878236601468
0.2763920521157225
0.2944582642569875
0.311824659672639
0.3525727710800812
0.3709164057751019
0.4304970886569851
0.4442003929293787
0.4515813296824781
0.5112777395710364
0.5275696365620846
0.5582115992296255
0.5785666924560573
0.6090655514860455
0.6294776165928684
0.6396158093490891
0.6556089666721482
0.6649314914464315
0.6709483172759908
0.6747323590185584
0.6685147161625626
0.6761467860256363
0.6715098689610981
0.6752425041058165
0.6294483463401281
0.6745667423619536
0.6751719445650975
0.6726220136964232
0.6745292
0.6710354658041996
0.6731986041953673
0.6762174469337489
0.6665536886116177
0.6710433962365591