0.0010421619731302
0.0010355086362637
0.0009664922802612
0.0010134584801698
0.0010169236925975
0.0010223161555102
0.0010234558968779
0.0010237103477523
0.0010264439450475
0.0009683852062169
0.004584737257322
0.0080053028170324
0.0125132279928769
0.017177233413595
0.0197828710827421
0.0243444107088011
0.0296656596413966
0.0279972135003984
0.0382525239079508
0.0438219575997385
0.0518767166387852
0.0506677992411997
0.0484614940485763
0.0492490349108809
0.0513978034237215
0.0516885685655672
0.0523878699934085
0.0616328945878136
0.0621354806957571
0.0649216581771691
0.0706010127376776
0.0790453094312455
0.0827587712192263
0.0932891323788899
0.0915446004985924
0.0977636556448497
0.1037424064900686
0.1042226026563648
0.0983591679038025
0.1258498825350339
0.118506923252395
0.1317855366913276
0.1372134961887609
0.1355006992329135
0.1356484545363071
0.1400483337788456
0.1461989365288774
0.1393470112872482
0.1410878352487685
0.1401915253325526
0.1449083886561284
0.1366746532636301
0.1379934772585983
0.1363934899634369
0.1409914272059361
0.1413367180251757
0.1442506450280213
0.14725045584571
0.1499500523278029
0.1442096088095151