0.001038638023241
0.0010347076984041
0.0010433276707848
0.0010392492450931
0.0009841693220475
0.0010365347120457
0.0010444961574206
0.0010415241792369
0.001040992419984
0.00104459289746
0.0010415298024059
0.0010465536586704
0.0010498205480816
0.0010452471925689
0.0010515230497498
0.0010600223269798
0.0009988437808159
0.0010562194965086
0.0010612933667489
0.001059898806555
0.001058246408089
0.0010644002179638
0.0010726719874633
0.0010742867936379
0.0010753997650943
0.0010743174453654
0.0010650672632008
0.0010686167745063
0.0010755489352292
0.0010884271220086
0.0010309655727391
0.0010909876877936
0.0010904738946938
0.0010858925414111
0.0010848741161364
0.0010800703370504
0.0010788252315225
0.0010877132244764
0.0010892828216494
0.0010689045025217
0.0009887460545061
0.0010572747396072
0.0010566726131036
0.0010510208042117
0.0009879735248663
0.0010537570959835
0.0010538423330829
0.0010480301560484
0.0010460576378355
0.0010423120068702
0.0010579911246855
0.0010545505383165
0.001050230175603
0.0010454984889886
0.0010476571819375
0.0010413553297643
0.0010525417190775
0.0010590978023087
0.0010625539449196
0.0009956466762125