0.0055865740116091
0.0059288918873363
0.0058576196327888
0.0055474318302266
0.0058864849551798
0.0058706494629855
0.0058320163410692
0.0059327813630468
0.0058336150155389
0.0061707923203811
0.0058306317146388
0.0060904567660612
0.0060904567660612
0.0063124014315697
0.0062788896939825
0.0062901972619368
0.006291236096864
0.0063710761904761
0.0063115742290351
0.0064343616109682
0.0065459609468727
0.0065304569734726
0.0063718959210949
0.0062807880718115
0.0062000861453357
0.0064199878397321
0.0062678517837506
0.00636144363211
0.0062812173037858
0.0063459204610001
0.0062748496976198
0.00579543630457
0.0057142748963035
0.0057424316495937
0.0058284605943386
0.0058777530064017
0.0056049314259596
0.0057919586739837
0.0055899393668074
0.0055317229375125
0.0052729224068542
0.0053183433165538
0.0053467490061008
0.0055628692776648
0.0051584833451676
0.0055562334931217
0.0056939360014892
0.0057921472757991
0.0058137257019438
0.0058735781531572
0.0057920762539296
0.0059501538875704
0.0059865799978518
0.0062823507049436
0.006136701070447
0.0059716352079978
0.0055648582751475
0.0060340629576708
0.0060002034403033
0.0055270765408734