0.0020175661469852
0.0019660657777777
0.002010309541347
0.0019763640395769
0.0020181300135031
0.0020100413105938
0.0019740093892383
0.0019608804457198
0.0020940834691585
0.0020614824678206
0.0020564463516944
0.0020269229825099
0.0021174659977105
0.0020698460851335
0.0021190317107655
0.0020922787330646
0.001986919574589
0.0021499322795849
0.0021778410636427
0.0021049211008841
0.0020220281287929
0.002100885691548
0.0021457038378388
0.0021062404618751
0.0021329177459709
0.001982362648639
0.0020611352859651
0.0020730176672008
0.0020730176672008
0.0020547742809844
0.0020598916505834
0.0028947006528916
0.002777745319753
0.0029118337713887
0.0029982709503809
0.0028964614976184
0.0030210619770455
0.0028475248532973
0.0030042612784717
0.0029686311635996
0.0028824792813923
0.0029690275815978
0.0021622451791618
0.0022183677363243
0.0021046921095124
0.0020438854109427
0.0020613840658021
0.0020730097423793
0.0020837288528389
0.0020697861178096
0.0019749757803119
0.0020990564005069
0.0020344962786487
0.0020728006223726
0.0020796474864044
0.0020769870053485
0.0020964005036857
0.0020837257890295
0.0020520503468983
0.0019217906384943