0.0010710284063142
0.0010714012140091
0.0010613961942988
0.0010639218254031
0.001053310809572
0.0010622479655077
0.0010586239146291
0.0010717432650903
0.001067415956961
0.0010907097640164
0.0010989428455313
0.0011093084141096
0.0011134734468392
0.001124989885082
0.0011189476516645
0.0010653043796642
0.0011129570525319
0.0011167128931898
0.0011055798332996
0.00112765094425
0.0011159167933479
0.0011135588380097
0.0010375188191275
0.001114740694604
0.001097063786824
0.0011061483706522
0.0010442071260106
0.0011121514524942
0.0010414252901611
0.0011209647080566
0.0011076110537099
0.0011126145365303
0.0011063857969928
0.0011114665305813
0.0011041359847455
0.0010973918768778
0.0010823792829264
0.0010866446031715
0.0010263251258925
0.0010690412178499
0.0010690412178499
0.0010577241672669
0.0010497756743083
0.0010479185917585
0.0010424053773427
0.0010499533159282
0.0009965839431256
0.0010976278927367
0.0011006809592359
0.00113549012594
0.001120527143769
0.0011290197616499
0.0011344930020927
0.001135689852655
0.0011337980893457
0.0010845317814575
0.0011505676667591
0.0011584062650062
0.0011544234054326
0.0011147984686303