0.0018451407451533
0.0011720265297235
0.0012111703147468
0.0011603007223677
0.0011705413650655
0.0011545245117352
0.0011607331114585
0.0011520453782126
0.0011055680632293
0.0011559470911128
0.0012681110072615
0.0025646363787406
0.0031721063651438
0.0036814183318292
0.0043636063946473
0.0048265470794881
0.0054159276799826
0.0058161084646925
0.0058584543862209
0.00602677903353
0.0055052909518492
0.0057885817579992
0.0044767999307907
0.0038575213104559
0.0033555597250909
0.0026393904734638
0.002168417100171
0.0016221544415196
0.0012418646136496
0.0012088348522054
0.0012231244799589
0.0012050334096886
0.0012263717407632
0.0012113694811472
0.0012312778493063
0.0012055371292488
0.0012901566800224
0.0024213028710725
0.0033247492563074
0.0036602037385394
0.0043918714836397
0.0049606322687065
0.0059614679365873
0.0060917566921083
0.0061309265209039
0.0061890819529206
0.0060752691089432
0.0060187330240712
0.0052560025532769
0.0042264218281522
0.003403189886833
0.0028067000018332
0.002260534692292
0.0011729940143064
0.0011388456236444
0.0011264430755064
0.0011266003203917
0.0010672347852709
0.0011381785933605
0.0011286408973043