0.0010539528569246
0.0009894989606303
0.0010288387300898
0.001026827681225
0.0010492153279425
0.0010571217567817
0.0010526759947016
0.001066447101609
0.0010685775957305
0.0010827663624893
0.0010889647151986
0.0010878188038221
0.0010194626779218
0.0010818686774862
0.001098256271011
0.0010976545151739
0.0010945458276333
0.0011079282630962
0.0011100731182399
0.0011123517594346
0.0011043812111104
0.0011051323222232
0.0011024951292756
0.0011053193580265
0.0011053193580265
0.0010972483024607
0.0011006887245975
0.0011050971919855
0.0010992956749436
0.0010946858795294
0.0010774238073848
0.0010923223025278
0.0010961253946692
0.0011033510036496
0.0011038660289727
0.0011128331014535
0.0011136866955663
0.001111357942732
0.0011088251971391
0.0011053224083962
0.0011112334536926
0.0011006817050612
0.0011005911781796
0.0010930778188842
0.0010839191678834
0.0010680456646563
0.0010552988935297
0.0009906432597001
0.0010491885731955
0.0009892569301121
0.0010477970128491
0.0009819513578617
0.001048077312871
0.0010524868966269
0.0009973535553524
0.0010521443796356
0.0010571622831971
0.0010595286897048
0.0010548950731461
0.0009850762033996