0.0057007987904456
0.0058715290718737
0.0057677808058608
0.0059652081789894
0.0059313838800598
0.0060010453947977
0.0058326678701578
0.0057319477990263
0.0056543277851956
0.0056529250347909
0.0056041839113179
0.005871627283645
0.0058111403830111
0.005975221087824
0.0056570016508611
0.0058838124545189
0.0057185555676855
0.0055557492972451
0.0057776876765274
0.0060075066544286
0.0059050845345534
0.0059034757683538
0.0055833444722509
0.0055941447731972
0.0053166274967196
0.0055298249689597
0.0049865920010296
0.0053584462809918
0.0053948794031163
0.0054762705269918
0.0052712215179467
0.0054674800495573
0.0055624954877915
0.0058030273737464
0.0058001499289954
0.0059827036485614
0.0057444935125784
0.0057921573867305
0.0056262617864338
0.0056105928178396
0.0055242728536316
0.00527368693195
0.0053777375253327
0.0054047590614827
0.0051329348733799
0.0050663501881559
0.0051219081230047
0.0053731515228702
0.0052716169817166
0.005396347114588
0.0050397339925902
0.0054518866278023
0.0053731629463457
0.0053908896637902
0.0051536670383987
0.0056760849110411
0.0054866302544095
0.0056172833983586
0.0056553846874309
0.0056026068272227