0.0068475241352005
0.0062906706974178
0.0058889969510143
0.0063337637232803
0.0064636595830209
0.0062906517960392
0.0064204205437954
0.0062555631582124
0.006246141533645
0.0062396885173615
0.0064954197653096
0.0061010928289259
0.0076219729850691
0.0081487007096405
0.0085171249830071
0.0089596032953106
0.0098952926528508
0.0098132532014289
0.0098998766781776
0.0095325644442174
0.0091409093279889
0.0094449798153012
0.0088418602700493
0.0084823556065914
0.0076924971209906
0.0070738863702837
0.0066936815171253
0.0055514318699509
0.0059174702468913
0.0058473669092231
0.0055875680662977
0.0058212139827329
0.0058938563425575
0.0057664931227892
0.0057754945156553
0.0057391288555414
0.0058880212896917
0.0063074523805171
0.006792843993118
0.0074776919468466
0.0080823522500275
0.0087746920610062
0.0090675892312335
0.009609503821679
0.0099250704515751
0.0098304370552659
0.0100156514396306
0.009813999478858
0.0095019368916289
0.0089913814518306
0.0082196387374355
0.0076895920233177
0.0071606977729689
0.0064365090412072
0.0058098500175279
0.0060620032542077
0.006205048478578
0.0061300748992612
0.0062190519203022
0.0057434497357352