0.0010336092533126
0.0010400005571531
0.0010474423140616
0.0010511868972155
0.0010554971465316
0.0010644397159226
0.0010798631756443
0.0010764381435849
0.0010902921766412
0.0010914837822264
0.0010258384746604
0.0011157407333958
0.0011093148896718
0.0010414986640274
0.0011087298317633
0.0011038841400045
0.0010963248473717
0.0010259841235079
0.0010845793333456
0.0010686391451274
0.0010698182894665
0.0010617140316844
0.0010455701733392
0.0010449191420318
0.00103832600968
0.001030229588443
0.0010367952551654
0.0010366112964037
0.0010332139758858
0.001031082452502
0.0010329579212797
0.0010353207585049
0.0010419196946676
0.0010324730803632
0.0010322550784598
0.0009584833079542
0.0010459106723872
0.0010479873197687
0.0010582659431338
0.0010655871878313
0.0010816296823313
0.0010912498344371
0.0010925155409244
0.0010813909206928
0.001094783475839
0.0010997948969228
0.0010965587006358
0.0010354172458125
0.0010731758512262
0.0010615830037374
0.0010596133567341
0.0010450617547766
0.0010374391242369
0.0010269444747562
0.001028932782379
0.0010318337433448
0.0010351202691196
0.0010273140370721
0.0009743798147085
0.0010380009098187