0.0010876489458213
0.0011087842631703
0.001104112379053
0.0011070264747114
0.0010983924434787
0.001112606730927
0.0011125567694036
0.0011140641536147
0.001101960251389
0.0011056307136405
0.0011160194135638
0.0011182886716399
0.0011060871024831
0.0011184423203574
0.0011212442257408
0.0011422637765674
0.0011361760060443
0.0011409524083083
0.0011455726334317
0.0011595534740337
0.0011474599399143
0.0011433525203429
0.001131973975038
0.001154196214454
0.0011468946974263
0.0011635597618267
0.0011565635623133
0.0011639556041431
0.0011595433755537
0.0011619470580809
0.0011520120128918
0.0011651006478914
0.0011465480004978
0.0011549421243069
0.001136112719808
0.0011312971039491
0.0011096481823896
0.0011116021864232
0.0011010262952685
0.0011004384170094
0.0010926391216519
0.0010920395133426
0.0010742264354405
0.0010896020148797
0.0010781681433675
0.0010884586776108
0.0010804585621295
0.0010827397292503
0.0010637645933717
0.0010670165820703
0.0010722130947614
0.0010841909176312
0.0010860714761776
0.0010995269843031
0.0010780779992128
0.0010980366620366
0.0010824034229829
0.0010907159297286
0.0010900275608636
0.0011022371882833