0.0010544932321316
0.0010535093960833
0.0010359790373647
0.0010423465250071
0.0010443497284854
0.0010421060654628
0.0010818886197219
0.001091694520973
0.0010930645184975
0.0010999572848656
0.0010984317793993
0.0010921385277408
0.0010892596469589
0.0010986129144082
0.0010950804461972
0.0010967329351839
0.0010999087292129
0.0010634628227033
0.001052335841288
0.0010481883693824
0.0010406056673823
0.0010498734374142
0.0010536022638633
0.0010621102556096
0.0010601724075518
0.0010778984483894
0.0010725918775686
0.0010751255787669
0.0010680984793893
0.0010628765855081
0.0010586292935492
0.0010596227759292
0.0010447241776315
0.0010492850593947
0.0010491479589988
0.0010503242694048
0.0010328304245193
0.0010406092520042
0.0010361916061367
0.0010422888467983
0.0010436505382211
0.001051154270527
0.0010532208522875
0.0010774601299672
0.0010644952982666
0.001060366443291
0.0010685199117014
0.0010715265340273
0.0010660655165558
0.0010823918041436
0.0010881552380254
0.0010993992310726
0.0010946899658345
0.0011002060558113
0.0010869471391453
0.0011039502367941
0.0011115576937186
0.0010988462196823
0.0011059310865105
0.0011126130159422