0.0011381220192011
0.0011272173953872
0.0011245887838242
0.001150588809146
0.0011444379057782
0.0011452213877287
0.0011538461801679
0.0011590704974395
0.0016697844365099
0.001672216287698
0.001673277431341
0.0016695982249062
0.0016762515573203
0.0016648842900781
0.0016642538134442
0.0016690616160705
0.0016876603833211
0.0016554984894258
0.0016611157557433
0.00116534383612
0.0011646503410348
0.001169600289477
0.0011690930537828
0.0011625889458337
0.0011746781843311
0.001173095905696
0.0011683033067692
0.0011632528996515
0.0011794183148987
0.0011758931729103
0.0011717795457831
0.0011782960957272
0.0011742851865671
0.0011814011568312
0.0014355574059104
0.0014184729870272
0.0014177084807921
0.0014150280872201
0.0014190010762665
0.0014026256142336
0.0014147072649573
0.00140828703014
0.0013997665470851
0.0014017666906992
0.0013898036841636
0.0011526548038822
0.0011663529304063
0.0011726750924007
0.0011832798633584
0.0011869752151157
0.0012013523379139
0.0011959082909089
0.0012049451453253
0.0011992922450457
0.00119777339652
0.0012106076222831
0.0012003801770501
0.0012020885952207
0.0012047959273688
0.0011994047645286