0.0010170371168977
0.0010233012395029
0.0010148903056062
0.001041785113913
0.0010369314193719
0.0010514022399014
0.0010554374151654
0.0010500313175535
0.001045491972311
0.0010472541921411
0.0023508764614885
0.0056180252982352
0.0099806935967572
0.0159172567410194
0.0184420415649686
0.0197265377892595
0.0195251966685831
0.0197077766057876
0.0195777982661665
0.0200680559726329
0.0198872242405379
0.0185075510863611
0.0153469891442811
0.0116197598349381
0.0073082700281354
0.0074249921620937
0.0089795090929236
0.0105414503290678
0.0108299801741338
0.0110760575340433
0.0105613944377779
0.010884230113999
0.0109301712442969
0.0106456604949259
0.0101433099563157
0.0085027817422629
0.0069117160962101
0.0063349711109116
0.007664088999146
0.0104567424912393
0.0123047726059939
0.0127419678045141
0.0123808166389229
0.0125620047747602
0.012583437498851
0.012398576593359
0.0121507856584281
0.0112667753060587
0.0093907469397951
0.0080208212535137
0.0063765599262109
0.0082488038664002
0.0121057450316211
0.0134509550939308
0.0134895320240812
0.0134587107443998
0.0135347403973992
0.0137602099209068
0.013553400368331
0.0134361962324262