0.0057916552115212
0.0056650236837746
0.0058710499386
0.0057748258598888
0.0060324548256257
0.0059312369487271
0.0060100150140241
0.0059121608812604
0.0061190712412589
0.006006746652879
0.0060565690042788
0.005939391126155
0.0060656973992245
0.0058005314387846
0.0058610911594254
0.0056385713973161
0.0058259437561671
0.005566611597374
0.005626559605177
0.0054723565123594
0.0055527484242056
0.005602144748373
0.0056382966485505
0.0054309365472594
0.0057158695278498
0.0056437621186224
0.0056637754118999
0.0055085339466182
0.0057019620241844
0.0057387670413474
0.0058864049711868
0.0058212843119467
0.0057030167693852
0.0056858242363818
0.0058821126324691
0.005595611116114
0.0058420246734136
0.0057721004985227
0.0056730929813082
0.0055733272561529
0.0056670987315734
0.0056010209208808
0.0057851170319175
0.0057204712132088
0.0058167607025642
0.0057200993655191
0.0060426366682535
0.0058779634228617
0.0060561777789689
0.0061152700740604
0.0061445032651442
0.0059396013468264
0.0059033450677265
0.0056932298550464
0.0059112975909995
0.0057859599408964
0.0059710515410001
0.0058191808334863
0.0058865332422668
0.0057032393733145