37.0
48.0
45.0
45.0
56.0
58.0
68.0
60.0
66.0
57.0
70.0
80.0
77.0
74.0
103.0
93.0
83.0
118.0
112.0
92.0
111.0
108.0
106.0
114.0
119.0
113.0
134.0
137.0
145.0
133.0
122.0
168.0
145.0
151.0
153.0
155.0
162.0
164.0
150.0
175.0
171.0
180.0
186.0
217.0
183.0
198.0
199.0
206.0
189.0
201.0
221.0
212.0
195.0
216.0
205.0
228.0
219.0
245.0
201.0
246.0
245.0
252.0
252.0
241.0
264.0
269.0
241.0
283.0
279.0
244.0
306.0
239.0
297.0
284.0
279.0
307.0
285.0
295.0
301.0
276.0
293.0
319.0
295.0
321.0
310.0
328.0
325.0
330.0
343.0
328.0
350.0
356.0
370.0
335.0
339.0
360.0
358.0
382.0
348.0
384.0
375.0
371.0
414.0
354.0
387.0
399.0
367.0
393.0
404.0
373.0
420.0
413.0
397.0
415.0
414.0
416.0
431.0
466.0
423.0
455.0
444.0
452.0
473.0
430.0
445.0
470.0
442.0
471.0
462.0
482.0
497.0
448.0
521.0
476.0
490.0
493.0
491.0
511.0
508.0
467.0
483.0
544.0
504.0
503.0
549.0
491.0
516.0
550.0
490.0
533.0
534.0
526.0
533.0
563.0
554.0
515.0
554.0
594.0
532.0
533.0
568.0
580.0
593.0
554.0
509.0
606.0
598.0
573.0
558.0
552.0
616.0
611.0
602.0
577.0
530.0
638.0
611.0
578.0
631.0
619.0
611.0
629.0
627.0
625.0
566.0
681.0
615.0
615.0
624.0
694.0
585.0
701.0
646.0
600.0
610.0
607.0
692.0
609.0
713.0
579.0
569.0
643.0
576.0
678.0
535.0
662.0
655.0
642.0
656.0
567.0
582.0
639.0
619.0
641.0
687.0
680.0
586.0
680.0
603.0
650.0
593.0
668.0
674.0
660.0
622.0
559.0
694.0
536.0
746.0
634.0
671.0
641.0
549.0
673.0
546.0
739.0
586.0
689.0
656.0
569.0
677.0
524.0
696.0
575.0
672.0
671.0
440.0
684.0
573.0
629.0
611.0
612.0
654.0
623.0
646.0
608.0
620.0
578.0
701.0
650.0
675.0
616.0
543.0
683.0
598.0
607.0
630.0
642.0
638.0
498.0
680.0
596.0
672.0
583.0
686.0
649.0
600.0
642.0
615.0
633.0
569.0
690.0
600.0
610.0
620.0
638.0
678.0
568.0
758.0
573.0
652.0