0.0057031841085272
0.0058792436233131
0.0058770840628218
0.00585777709991
0.0059684967361239
0.0059475961179679
0.0057865712011845
0.0058209798879292
0.0056835844514014
0.0056005896527646
0.0055064045825484
0.0055377786847989
0.0053702850400278
0.005487351759903
0.0053400274346426
0.0053354360948842
0.0052420219022289
0.0054326186072605
0.0054997153400105
0.0056072191523164
0.0056550958292674
0.0054344253985397
0.0057549288859652
0.0059290324353937
0.0058326074032425
0.0060669943682995
0.006068662454535
0.0061278004876647
0.0060698307130202
0.0060216868108815
0.005687948896668
0.0060546935525066
0.0058466456832259
0.006011532537627
0.0059806670250114
0.0060405109477004
0.0058608805028244
0.0055225431193599
0.0058717287691663
0.0058668990327022
0.0057134715040059
0.0053811026681669
0.005609078888645
0.0057559971849913
0.0056143259671584
0.0056855855920627
0.0052963723544789
0.0055903796373226
0.0051710681508201
0.0056306275531975
0.0054854990056741
0.0056930835631906
0.0056357004225583
0.0057229688734736
0.0055858631773107
0.0055509233880391
0.0055216523140012
0.0055555079919812
0.005560219736914
0.0055393958322074