0.0009975706833879
0.0010016135563866
0.000995294722438
0.0009956234265147
0.0009834699694234
0.0009796929052398
0.0009847336110661
0.0009807153888979
0.0009730652154078
0.0009611713245318
0.0009650907182919
0.0009673095640787
0.0009690803830477
0.0009814352258554
0.0009877599062943
0.0010026415610467
0.0010147891601597
0.0010214496254477
0.0010191219151307
0.0010246275309515
0.0010314658621901
0.0010319943560714
0.0010398975551446
0.0010366936333173
0.0010330580279393
0.0010263690225672
0.0010164465613467
0.0010134504860708
0.001010320149898
0.0010142316984327
0.0010117524879732
0.0010093429490635
0.0010025034242891
0.0009388662955581
0.0009997571202239
0.0009942433474358
0.0009981681554782
0.0010108908570699
0.0010022409055623
0.0009952863580648
0.0009857865586808
0.0009269105226905
0.0009830215596643
0.0009843380213565
0.0009760401031895
0.0009762419881921
0.0009748804343837
0.0009751840732754
0.0009633834055704
0.0009762640823853
0.0009814411764705
0.0009813154170512
0.0009810529940528
0.000984987553656
0.0009312978594134
0.0009927927778697
0.0009889054768218
0.0009870268158217
0.0009795297916741
0.0009841928939498