0.0010624057639191
0.001076464234556
0.0010727715483882
0.0010783027494981
0.0010711793035889
0.0010820916592287
0.0010776673229768
0.0010741431558299
0.0010182684249728
0.0010637931719471
0.0010620740241524
0.0058695778845624
0.0102184097529966
0.0138570627362472
0.0185946941255663
0.023351722306385
0.0277041250570431
0.028171607999423
0.0278622431227827
0.0283740020699049
0.0280448246677548
0.0242900337664983
0.0235614744875786
0.0194413508262944
0.0157105548242033
0.0109486799985389
0.0061079196612689
0.0019008543261725
0.0010816270273062
0.0010325046705776
0.0010620995378277
0.0010645543190059
0.0010553385146488
0.0010511115425867
0.001043724997028
0.0010448171828541
0.0010412960941007
0.0014508532782299
0.001774711884633
0.0027134908508858
0.0036649553550033
0.0043311192657223
0.0059732179996732
0.0060722387484696
0.0060218660272606
0.0061526545937681
0.0062330600996928
0.0062278250668142
0.0054384838654803
0.0054458758303432
0.0045895538806388
0.0035586852935862
0.002869092071843
0.0012348182066601
0.0011005941443344
0.0010998490270959
0.001073040169322
0.0010820647081241
0.0010645269809245
0.0010794410434398