0.0056261776970055
0.0055964303224137
0.0057495551780201
0.0057541365400403
0.0058115544687415
0.0057156645554731
0.00537146130763
0.0057200655247277
0.005772930316424
0.0056654703183199
0.0057319406842322
0.0056364102685999
0.0056860369933382
0.0055789208350745
0.0056851318910867
0.0057779599796247
0.0058858893879122
0.0058207249428576
0.005936978964372
0.0056560393849341
0.0061460087210363
0.006029173118607
0.0061909436820886
0.0060270113517171
0.0058140783987687
0.0058936337830141
0.0058722086346741
0.0053669938216015
0.0057577662013034
0.0053896300974989
0.0053788134946247
0.0051736684075013
0.005317941274361
0.0050538929393568
0.0051809142285796
0.0049450946724043
0.0052832678414918
0.0051239868653063
0.0051966525632495
0.005031958551351
0.0051094615342284
0.0048956192256583
0.0052396288570587
0.0049947388120571
0.005134757781354
0.0050744144802815
0.0052047330370691
0.0047768377453021
0.0051307799707067
0.0051659862918173
0.005258249626852
0.0052511059832144
0.0053020196253797
0.0052509509230487
0.0055134333211344
0.0055003719773437
0.0055390935642754
0.0053645901020861
0.0054630930958735
0.0054332105398127