0.0057115499711847
0.0061028789362412
0.005850067350843
0.0059236049092499
0.007190999873055
0.0082006127214329
0.0092363892988037
0.0105200658310666
0.0125943478543757
0.0187711957038125
0.0189631085134613
0.0215354954929577
0.0196314638741963
0.0202240709636013
0.0197870395929027
0.0187904233996468
0.017980050095886
0.0165974225529768
0.01552349640236
0.0134042322557144
0.0063656766306771
0.005904773065564
0.0056025916537311
0.0060179781521013
0.0059035784009066
0.0061214629136211
0.0058734756714745
0.0060264321150714
0.0057484151122919
0.005717061234137
0.005962611016748
0.0065930770079233
0.006962515126588
0.0076663950028023
0.0080599013625645
0.0079271840510474
0.008022781969202
0.0084245771959828
0.0082064123937036
0.0084650417113855
0.0083474465540329
0.007819884153318
0.0074310567617295
0.0069399081003663
0.0061463202964257
0.0057033315731973
0.0055937162728726
0.0048257626803448
0.0051731997623617
0.0052420314574067
0.0051701601195999
0.0050078436301584
0.005395204066516
0.0051838134889008
0.0054662221328555
0.0055889287907137
0.0058800451469311
0.006396716350663
0.0071492935280536
0.0077246291555457