0.0010581498261403
0.0010542572168694
0.0010479335774626
0.0022355263157894
0.0079982041672617
0.0147492328398121
0.0197355453149002
0.0255048225612352
0.0309436127607318
0.0315675362007802
0.0308137731276329
0.0333979355501348
0.0342112296178049
0.0331287134682459
0.0322536985589719
0.0265670767932959
0.0206625392565396
0.0142270499450347
0.0090665825837735
0.0033316483602245
0.0035522937386789
0.0034731530387338
0.0010939000555942
0.0011171606102788
0.0010793371779319
0.0010849685809329
0.0010953549919068
0.001076683663783
0.0010697216464588
0.0010736853686159
0.0034371141558208
0.0063576471527662
0.0100912781505251
0.0143178134639504
0.0154325873156015
0.0152431366491196
0.0150010898704441
0.0159891063899247
0.0164828385390328
0.0166947609152086
0.0169694196229585
0.014613342783174
0.0117639315275053
0.0079537394337751
0.0058368932543032
0.0025337481519949
0.0026936380151793
0.0026377690707222
0.0010456390963404
0.0009582522082306
0.0010221562272457
0.0010180031208963
0.0010149412068741
0.0010191873735329
0.0010205522426565
0.0010293420167763
0.0025690306436793
0.0051357667533519
0.0079723451273173
0.0108998995209117