0.0054962366870895
0.0054252851854607
0.0054595725417032
0.0053139567370483
0.0057826321411122
0.0058212703090243
0.0062984295817225
0.0064308084950701
0.0068246390623852
0.0065426198596694
0.006766276692578
0.0067596427932281
0.0068952180922788
0.0068070842112315
0.0069715310346094
0.0065455455284703
0.0061660814332899
0.0061663717261476
0.0060668448683926
0.0057018544153177
0.0060034638630922
0.0059148193152213
0.0060202459607956
0.0058806883184523
0.005843971332436
0.0058812704373482
0.0056673284178032
0.0056472397437544
0.0056928571428571
0.0054845531945833
0.0057795428886641
0.0058213857942922
0.0053154026992622
0.0058086385429295
0.0061830564548252
0.0061039420918183
0.0063047033046965
0.0063386103075462
0.0064809498162058
0.0063649960401741
0.0064943648663333
0.0064152090784289
0.0063271529396718
0.0055793541918042
0.0058432306106814
0.0055499242158407
0.0056730126904017
0.0056180657151352
0.0054373746586662
0.0053153838411365
0.0054218399041562
0.0052910972010365
0.0051836294114448
0.0052192341513858
0.0054698990614961
0.0054703204969167
0.0056307765557058
0.0056179803269097
0.0058975794046205
0.0061337163811937