0.0063127395701414
0.0065978775421025
0.00653675155698
0.0065579847500087
0.0062759669983412
0.0065906464919258
0.0066597127651764
0.0068188161666937
0.0066700446060562
0.0064735375496914
0.0065874849714647
0.0072917348541715
0.0078862015676098
0.0083504635647416
0.008821358902169
0.0088120444247159
0.0086746246409074
0.0088432916149584
0.008906751141679
0.0090125747907382
0.0088309504522434
0.0086253614671845
0.0075438533259465
0.0067368162394727
0.0061173456642098
0.0056287420924569
0.005600258674328
0.0057459891472019
0.005636442515193
0.0057157197464775
0.0056124616927323
0.0057908916172888
0.0056513370311959
0.0059020537606709
0.0057396480046351
0.005950306188925
0.0058235634859489
0.0059580217474318
0.0057942462682541
0.006045767208439
0.0059303571037751
0.0062240597704898
0.0064816180586158
0.0066679025282644
0.0065049395323245
0.0066153603513268
0.0065896241247959
0.006821135101578
0.0067428795187252
0.0068971040137634
0.0067616487893393
0.0066529031267602
0.0064947716125746
0.0066521192541665
0.0068434218843554
0.0070173439194708
0.0069628784890312
0.0068016737621301
0.006768583629056
0.0065101859398389