0.0244080736575868
0.0353035465162742
0.0435463488872548
0.0478026593967699
0.04702249663852
0.0475442906713517
0.0481061339541026
0.0472430465325511
0.0450296817997414
0.0339153913462232
0.0306451051317561
0.02423851734799
0.013455352371927
0.0056969771150415
0.0011022791502602
0.0011415102220267
0.0010815663443915
0.0010851274816358
0.0010789242172222
0.0010733992136537
0.0010893159746267
0.0010909205814927
0.001086808612092
0.002235433372191
0.0088729309480316
0.0159530032588456
0.0237115013451774
0.0379532136861086
0.0501249819728076
0.0648296394673518
0.065887424803664
0.0643681587609256
0.0656657704212456
0.0652760332599081
0.0634449102714185
0.0579009256746824
0.0509725877823028
0.0425998394768139
0.0283970719572669
0.015149077411305
0.0010917628449754
0.0011579736659984
0.0011018280991726
0.0011057609855817
0.0011049551273903
0.0011307698876003
0.0011255821075783
0.0011320341366557
0.0011304497002115
0.0023090082865348
0.0099938813019437
0.0311482695690499
0.0457255326689023
0.0635998343305028
0.0766901938736156
0.0809376847613882
0.0822034068207942
0.0818857795744828
0.0800080271714049
0.0860118675129816