0.0061079284237909
0.0059642578146359
0.0059750159563905
0.0058205998486458
0.006063888334779
0.0059529261327696
0.0060102953948427
0.006024672172762
0.0059192362334302
0.0059599262295081
0.0060583835869312
0.0059366387218596
0.0058615303212816
0.0058269515189271
0.0058488892282667
0.005775547623919
0.0058483786647
0.0057773281808251
0.0057424753122594
0.0057066191880326
0.0057888609738885
0.0055894321634941
0.0058065252241328
0.0058403826890345
0.0058268331621422
0.0059873481778424
0.0060455040070763
0.0059115866990417
0.0059348063987472
0.0059588576549826
0.0058777048522236
0.0057065041314658
0.0058587085757111
0.0057970784936479
0.0058096046292947
0.0059525765957824
0.005854393873165
0.0057780152947463
0.0059120682233023
0.0057857261177576
0.00600452688037
0.0060292855687171
0.0061661237109697
0.0059604672801826
0.0059149424614997
0.0058359628684192
0.0057099733613083
0.0056868365881198
0.0055741194692692
0.0056221501226492
0.0057513990419508
0.005335553942659
0.0055387984018886
0.0054487292240547
0.0054710423427347
0.0055003089561679
0.0056470694105399
0.0055314093483403
0.0054372990802184
0.0054910613495725