0.0011192032144028
0.0011297133393115
0.0010792904506399
0.0010658710982041
0.0010621058681186
0.001075836887228
0.0010777519690074
0.0010883577039056
0.0010834968110405
0.0010965923583041
0.0010848727772883
0.0011010855626796
0.0010858526251151
0.0010931497968331
0.0010771693967239
0.0010806611477632
0.0010608171970823
0.0010589592613399
0.0010471992202445
0.0010474675346017
0.0010317751871618
0.00104599143732
0.0010388874829808
0.0010430568200668
0.0010342412584899
0.0010547709195903
0.0010485456508934
0.0010578859033487
0.001053125972834
0.0010572450041212
0.0010526158748128
0.0010678940882718
0.0010627760034219
0.0010780365411086
0.0010814792970285
0.0010974202291995
0.0010996176508687
0.0011115484327343
0.0011157806643798
0.001122590524899
0.0011195088991313
0.0011301789299484
0.0011283025106274
0.0011300251838604
0.0011222489839651
0.001120057163518
0.0011083227845762
0.0011065616033909
0.0010971184973206
0.0011148939998885
0.0011157585201418
0.0011093207299987
0.001097449108483
0.0011004037074239
0.0011102981584708
0.0011167881674835
0.0011177621434937
0.0011283676761444
0.001113505987755
0.0011199206110196