0.0065977198698245
0.0067526990291262
0.0067215096960403
0.0070674158650341
0.0069327916284193
0.0070710185008618
0.0068062321245836
0.0068599948823495
0.0067599093323986
0.0064954907404018
0.0061495205491841
0.0061084280428886
0.0058712880920483
0.0057283663201435
0.0053286351314273
0.0053344117197591
0.0050574202288884
0.0052155430764242
0.005116143512439
0.0050200153136565
0.0051815486927627
0.0053156992822131
0.0053439036342705
0.005503660481861
0.0055725987398073
0.0059433931658072
0.0059245787884232
0.0063922849141888
0.006600022669752
0.006814619231187
0.0067568474670792
0.0068191765259064
0.0067596003323041
0.0068428865479014
0.0065834516302208
0.0065272754167186
0.0062264963621217
0.0062567564548484
0.0058164318185947
0.0056299998733717
0.0054369652096983
0.0056384454371882
0.0054729751264376
0.0056750984536553
0.0056519063618936
0.0057549255111013
0.0058510472819722
0.0060087992199238
0.0059274062081204
0.0062061422584187
0.0061480347420228
0.0064365165702646
0.0064389863082798
0.0068641229695846
0.0067689641258034
0.0069814093951279
0.0071069840459594
0.0071980302566137
0.0070338977664465
0.007218735207597