0.0393500439938436
0.0581776117982709
0.0666385620117447
0.0747232838894776
0.0742241797814007
0.0764238397707541
0.0749652634219591
0.0729090110547392
0.068923830467448
0.0582397462266236
0.0489002974826331
0.0360426447138518
0.0184393766118189
0.0097623328964859
0.0016597803258794
0.0016545427688323
0.0015156243678748
0.0015202136141258
0.0015192195188676
0.001536449362489
0.0015224566393454
0.0014829965422484
0.0014074983411343
0.0030030966562363
0.0135206857095879
0.0248802264714989
0.0377054337622336
0.0543028202070575
0.064344776672929
0.0761949427931901
0.0758034644727966
0.0769000323177043
0.075566659879391
0.0777245414049646
0.0732592843513164
0.0628659378746695
0.051279120426993
0.0394127769822379
0.022356624442868
0.013407371583808
0.0015235315907254
0.001648189675673
0.0015819322127454
0.0015976044023679
0.001590182707846
0.0015976132569378
0.0015780779620508
0.0015740417821163
0.0015566304359829
0.0037288820340324
0.0150931597770631
0.0317736296582703
0.0395046137765522
0.0575937461125909
0.0643268955608395
0.068169881316348
0.0704952131701527
0.0715140357328188
0.0697906347435553
0.0720415246200331