0.0003232146797836
0.0003445161694984
0.0003426141089197
0.000320717267175
0.0003481393374855
0.0003435871847582
0.0003164260282609
0.0003359019310593
0.0003353936667275
0.0003132778184676
0.0003369801925109
0.0003354625432683
0.0003140969813628
0.0003367091917591
0.0003325303703703
0.0003043402226331
0.0003295889731989
0.0003338518345071
0.0003055715970747
0.000327295843123
0.0003262183173393
0.0003016935547364
0.0003193999423714
0.0003219388021069
0.0002966972152538
0.0003102705089217
0.0003091578754108
0.000283140492855
0.0002982024624298
0.000298054243906
0.0002730638609034
0.0002903822507783
0.0002880922962344
0.0002643695712514
0.0002847359992712
0.0002849105949962
0.0002659588141663
0.0002866661275079
0.0002891417564332
0.0002644743678244