0.0058533002503737
0.0058206427700035
0.0057645779013452
0.005735281844683
0.0055016748581533
0.0054764694791723
0.0055812507098593
0.0055190235287792
0.0053783872030327
0.0054727551958433
0.0054795593281042
0.0054508504676284
0.0052839917007917
0.0053218672502631
0.0052407729085108
0.0052090076140274
0.0053114734761239
0.0051812725989219
0.0051175779236081
0.0052339426595229
0.0051220574195654
0.0051362802391509
0.0050376787053629
0.005274162455138
0.005253920952432
0.0052753387152369
0.0053293078636098
0.0051380263224914
0.0051206350935053
0.0050141656274287
0.0047970095663031
0.004793643643222
0.0046626040358339
0.0047269123619394
0.0044861114202102
0.0045174006684809
0.0043958451783208
0.0043504187655637
0.004330768613165
0.0041967970863493