0.0051136298072556
0.0050195138612767
0.0048042898542755
0.0049164254503092
0.0047178759775103
0.0048786249288559
0.0049898620085284
0.0050008080859962
0.0050133214782436
0.005065123223801
0.0051772678210359
0.005395398833034
0.0053628627588943
0.0054232200346595
0.0053047030344673
0.0055096714137175
0.0053856300317262
0.0052992743681657
0.0052218508848116
0.0051970501841706
0.0051127603322128
0.0051441654335111
0.0049469936022615
0.0051216428571428
0.0050270224804057
0.0050780332790901
0.0048664180096302
0.0049287777716502
0.0047703186594237
0.0048416816852495
0.0047540303073726
0.0047617187239138
0.0045079253510182
0.0046189416610838
0.004361200852111
0.0044695316155836
0.0043791919714703
0.0044725728333333
0.0043193792098388
0.0043543086366803