0.0055677026197992
0.0054030968933423
0.0055077422323445
0.0053068608317477
0.0052611897726663
0.0051638765333959
0.0052529591807479
0.005154767245525
0.0052710033381191
0.0050517792814307
0.0051662542311324
0.0051504727319769
0.0051670764961697
0.0050567782287288
0.0051920626870029
0.0050875389240904
0.0053124264670813
0.0051174201011099
0.0051778468185961
0.0050943085483517
0.0051552514085157
0.0049448316618515
0.0050237196017801
0.0049920692838118
0.0050692450666762
0.0049724299749316
0.0050194921815338
0.0048099327833228
0.0048348811411887
0.0047032653679417
0.0047337713960093
0.0046279708258848
0.0045917304817878
0.0042886428209214
0.0043266587270388
0.0041957572683749
0.004226812075875
0.0041078765850781
0.0041212058165958
0.0041388449799197