0.0056450219214006
0.0056967139400775
0.0056257463376476
0.0057953695312216
0.0059045098093858
0.0060432946368327
0.0058630750188929
0.0059369978734141
0.0058946031636614
0.0061446102454297
0.0058945099996303
0.0059162794112275
0.0057673196156062
0.0057996779733312
0.0054922134617821
0.0054517561164838
0.0052926271432242
0.0054663402001925
0.005328190602262
0.0053535580604981
0.0051497238961566
0.0052325640578981
0.0052301195336316
0.005396433989482
0.005173237863195
0.0052725363784243
0.0051236821631708
0.0051739166029492
0.0050806743670036
0.0050814908862236
0.0048784507407271
0.0048823260485926
0.0047087917340064
0.0045888316227766
0.004470760122569
0.0045627177259592
0.004487733036545
0.0045298758847228
0.0043729956187787
0.0042260769920246