0.001176759721416
0.0011645828598486
0.0011692108165773
0.0011632498768135
0.0011737736575221
0.0011618132411974
0.0011714939625769
0.0011525034861648
0.0011663192952927
0.0011505044238236
0.0055735141938266
0.0182580782782822
0.0531004113265125
0.089054980596988
0.1320548187722339
0.2194786922675773
0.2692361173642481
0.304604836443509
0.3526981251311172
0.3919089914351977
0.437014929498702
0.4636818323598766
0.4678225763327371
0.4791031140448107
0.4960177139612248
0.5150427794409711
0.4897108919963502
0.5115356131124966
0.5565006165119951
0.576872901355681
0.60280505417915
0.6497439255810571
0.7100932577954906
0.7517601746781816
0.7708057021446892
0.7781879785736774
0.7704357908119619
0.7705627762091598
0.786232635402543
0.7786955319830772