0.0058275283990287
0.0059366342742445
0.0058480621047212
0.0060919143455959
0.0057807572772374
0.005961482034889
0.0058335446611258
0.0059395220424762
0.0058936456750621
0.006011292560928
0.0058228791013999
0.006008295451279
0.0058398565396294
0.005855478521276
0.0055149886332832
0.0056522815654002
0.0055246591949957
0.005515297883193
0.0053062691376419
0.0052353884758024
0.0049747512680167
0.005037623449278
0.0048186512965668
0.0049310763083556
0.0047933598374212
0.0049186204045637
0.0048659443146058
0.0047631651046575
0.0046089817489945
0.0046648618520612
0.004636791869315
0.0047012588593323
0.0044670348945132
0.0044581185142256
0.0043035572750965
0.0042965505360158
0.0041281580441985
0.0041055775282506
0.0040053034662937
0.0042013820811211