0.0010803361363215
0.0010702199086921
0.0010639535447992
0.0010586291592031
0.0010578987143533
0.0010622540317402
0.0010579450257106
0.0010625067232068
0.0010606157567879
0.0010531121042292
0.0041541975756696
0.0070280132336746
0.0111685989555362
0.0157695615471329
0.0192500395120468
0.0238572104403071
0.0275856180441641
0.0322536824736911
0.0363056864580997
0.0414677327294974
0.0485501700435593
0.0503886137389632
0.0509850503774234
0.050806911355086
0.0511657532306117
0.0545433752389791
0.0611372144270586
0.0654037438870682
0.0728402331930892
0.0747110020922024
0.0796726643403
0.0826001711130726
0.095891165145597
0.1115679450418589
0.115026267351046
0.1165554457310369
0.1166722858285465
0.1226199211019991
0.1359520870562555
0.135438055671715