0.0117017118065535
0.011728212358085
0.013070835448331
0.0140678379537168
0.0146946229926873
0.0158021280383779
0.0162804658975406
0.0170518147202488
0.0176251919837063
0.0188056458412422
0.0197776262213793
0.0207993638656234
0.0200343693512024
0.0213421241785169
0.022244101821555
0.0225433586846881
0.0231919440712666
0.0239166383750804
0.0221956137334438
0.0237799702228626
0.0240589593504979
0.0242112390898227
0.0243692908212886
0.0246359285886903
0.0229334158341757
0.0230273738580012
0.0227280721484053
0.0241352472631734
0.0243506618580788
0.0243799145077715
0.0241335190896815
0.0243432985507244
0.0241395818070705
0.0237374891707429
0.0241615260262629
0.024456468990079
0.0220427784316668
0.0245851335695049
0.0244641045823652
0.0242924229926129
0.0244311295264072
0.0245672635396514
0.0244803251856436
0.0247991120815885
0.0249090039713186
0.0245672678526003
0.0244136658578856
0.0219685724394741
0.0232980809594367
0.020029193911047
0.0170771466472435
0.0180206937917295
0.015649324574335
0.0126755251223655
0.0107886042081651
0.0069365162476006
0.0070713876348025
0.005759472272078
0.0035763971153355
0.0029987611578754