0.0003512731411229
0.0003517296763079
0.0003285643150483
0.000342245432666
0.0003490025559795
0.0003487879333392
0.0003291065236395
0.0003525431017427
0.0003390991792814
0.0003285975097565
0.0003474516499334
0.0003231326549389
0.00033455174482
0.0003435863315173
0.0003306984380096
0.0003268650437596
0.0003390648388156
0.0003393777352495
0.0003169204503642
0.0003326084273753
0.0003290082747797
0.0003187098265061
0.0003350484306569
0.0003246407375658
0.0003132816589002
0.00033951594046
0.000333977458756
0.0003275020091176
0.0003334094991055
0.0003321194323652
0.0003271009820704
0.0003425888116709
0.0003339946565164
0.0003217874046011
0.0003412883369524
0.0003405390535659
0.0003288801756015
0.0003348459394264
0.0003246066452695
0.0003395301612582
0.0003359887295268
0.0003233401407806
0.000307103394889
0.0003279848539749
0.0003260826628977
0.0003276948169956
0.0003297627610936
0.0003151350886816
0.0003046238062438
0.0003272915895985
0.0003063430956189
0.000316296692607
0.0003309505831118
0.0003313156675406
0.0003116148505552
0.0003342621913636
0.0003102932853004
0.0003122465778832
0.0003326921118184
0.0003314937513351