0.0010451673497878
0.0010507272142236
0.0010552905483823
0.0010586013643456
0.0010602911330667
0.0010482559434038
0.0010488137862458
0.001041124001308
0.0010507226483275
0.0010577698270829
0.001069079456438
0.0108392673626452
0.0296696718004932
0.0451627315020498
0.0620510724858437
0.0819539563767665
0.0989300327133722
0.1044824777361399
0.1037449958236059
0.1019894452427881
0.1050900534042435
0.1020475102450561
0.0922366810327888
0.0756755595884382
0.0597183485188178
0.0413071002580426
0.023466553970972
0.0066548338166516
0.0011377928358653
0.0011380174728516
0.0010949049994469
0.0010765352187248
0.0010905434585543
0.0010920164002602
0.0010870069900944
0.0010944656911388
0.0010948946753342
0.0051537841538067
0.0172678446817901
0.0219260776201587
0.0298064619181557
0.0347117194526261
0.0418348344440114
0.0450766008649754
0.0448399260143631
0.044633508262965
0.0449104282614248
0.0455154696258224
0.0403520310671926
0.0287548318592109
0.0235930289280545
0.0159818310073863
0.0112416202327092
0.0030120135588869
0.0011454416828481
0.0011660226678933
0.0011039220315269
0.0011094285635993
0.0011136941412628
0.0011190957849459