0.0010647963700106
0.0010474532746004
0.001023032974118
0.0010276669775597
0.0010369310247049
0.0010424278333871
0.0010242123081964
0.0010205500536061
0.0010301290525483
0.0010267662276147
0.0012649372969692
0.0028914228832707
0.003991364074329
0.0047619769202899
0.005857165327333
0.0075577752831715
0.0097061719101123
0.0097060905909588
0.0100248574861677
0.0098389320296597
0.0097920893861823
0.0097582359581752
0.0079943953692527
0.0068875136974037
0.0060870018318307
0.0049726466413181
0.003449540804053
0.0012092939247371
0.0011343566649137
0.0011447657832016
0.0011102513965449
0.0011300469473457
0.001121382794777
0.0011074024946424
0.0011025969269742
0.0019645474180461
0.0019633152749043
0.0019503658247829
0.0019495200685044
0.0019616349065005
0.0019278500090042
0.0019266428290556
0.0019408408957307
0.0019425686694492
0.0019454352734845
0.0019308775931746
0.0010773460450672
0.0010641121745096
0.001057375532362
0.0010602014378014
0.001061708310333
0.0010650648462264
0.0010504334609815
0.0010527781789298
0.0010494266287505
0.0010524802008711
0.0010470914443556
0.0010458580008579
0.0010542668754922
0.0010660991740087