0.0061837138680565
0.0059414157448411
0.0059601224739853
0.0057793982339552
0.0056547982967361
0.0054097803310962
0.0054982839111533
0.0053279923907272
0.0054788086439587
0.0052113690527058
0.0051277833905037
0.0048805483601845
0.0048779586144688
0.0047622213592949
0.0048001456657893
0.0047257011458371
0.004837802071409
0.0047517571806296
0.0049436167622702
0.0049711365653931
0.0051422568934487
0.0053510387066803
0.0056453722931254
0.0056938741434274
0.0058472314831305
0.0058567768450946
0.006000606906739
0.0059339328311592
0.0059836035970434
0.0057708428190145
0.0056053118691069
0.0054796203321403
0.0053940166141506
0.0052391411870336
0.0053628274411383
0.0052371109589543
0.0052802618814531
0.0051095498582362
0.0052760207032173
0.0052083239370193
0.0052871051246436
0.0052603640966795
0.0052776069596808
0.0051341551164634
0.0050938787780541
0.0049124388039843
0.0050667399129383
0.0050129462350282
0.0052016036229886
0.0051093636802317
0.0052503644190447
0.0052160787165619
0.0054457670049745
0.0054100977626819
0.0056511455221136
0.005657612487901
0.005879467791081
0.0057802752216892
0.0059480034213281
0.0058079026989395