1.1607476303e-06
1.190645579e-06
0.0
1.0605715525e-06
1.0868574604e-06
1.0659085128e-06
1.0746547492e-06
1.0410390163e-06
1.0891372141e-06
1.0710452338e-06
1.0785860034e-06
1.061281337e-06
1.0659278771e-06
1.0422410117e-06
0.0
1.0856244949e-06
1.1146697643e-06
1.0977881891e-06
1.0985462475e-06
1.0824171888e-06
1.109066559e-06
1.0984863627e-06
1.1011876571e-06
1.1021312282e-06
1.1140124571e-06
1.1071369704e-06
1.1297426517e-06
1.1511321068e-06
1.1605335615e-06
1.1567460317e-06
1.130479694e-06
1.1202277053e-06
1.133890757e-06
1.1614194485e-06
1.1108123508e-06
1.1404413243e-06
1.127945032e-06
0.0
0.0
1.1925894798e-06
1.1732120711e-06
1.1838511344e-06
1.2020109015e-06
1.1797216699e-06
1.183464781e-06
1.2127078495e-06
1.1931344593e-06
1.2044729024e-06
1.183014354e-06
1.1658986175e-06
0.0
1.2550548815e-06
1.2946719556e-06
1.2337835199e-06
1.2521162782e-06
1.2585766786e-06
1.2585766786e-06
1.2522290469e-06
1.2473311204e-06
1.2624850179e-06