0.0010666905694921
0.0010579965187431
0.0010651581635391
0.0010542280932716
0.0010486543011139
0.0010448422079081
0.0010528309170025
0.0010477872188884
0.0010322574569138
0.0010275762760549
0.0010297032881528
0.0010337758906303
0.001039264926912
0.0010389075154949
0.0010368946955164
0.00104322032335
0.0010475800285881
0.001049159921752
0.0010492819258111
0.0010439955924382
0.0010521464363638
0.0010538211097396
0.0010473332611799
0.0010379539757402
0.0010359335666902
0.001036115121469
0.0010276231397198
0.0010188173504286
0.001022403451004
0.0010187803137347
0.001788386313906
0.0017914919768468
0.0017838225662672
0.0017799744557806
0.0017844435334996
0.0017770995595506
0.0017781165439932
0.0017816532949208
0.0017904658359836
0.0017703691874633
0.0017720368366583
0.0009908728074179
0.000982246152991
0.0009854499579007
0.000993324954004
0.0009890647134643
0.0009919838791388
0.0009941098654295
0.0009834934440893
0.0009983997376864
0.0009901875449758
0.0009988000396928
0.0009977181201886
0.0010063782102298
0.0010123822299396
0.0010015355047323
0.0009997898450593
0.000989105274835
0.0009950693984625
0.0010096114520899