0.0010754878106988
0.0010705353611331
0.0010554561334501
0.0010608616674004
0.0010544509581848
0.0010592221155585
0.0010466184365539
0.0010607119197313
0.0010540734638953
0.0010630910249872
0.0010535863576258
0.0088882889795923
0.0223103220432695
0.0311817972793083
0.0459238175816781
0.058854482391556
0.0726921730150512
0.0754315240320919
0.0734350410976066
0.0743586677360886
0.0749900763703516
0.0758473276751538
0.0664937059697163
0.0552332140998035
0.0449405871404097
0.0296974409124493
0.0173518483402872
0.0048988467709732
0.0018617368868007
0.0018283979305219
0.0018347799025398
0.0018352945709598
0.0018236491547655
0.0018114616036643
0.0010847292086174
0.0010948059967288
0.001080063562147
0.0010879836872317
0.0010787496388587
0.0011087766630594
0.001103571478261
0.0010988778234822
0.0010938519750449
0.0010959894222359
0.0010998175961019
0.0011149055382317
0.0011061231699201
0.0011132253336966
0.0011094993912524
0.0011236349291202
0.0010958600963976
0.0011080839634986
0.0011163497649602
0.0011269518965644
0.0011278320558372
0.0011372956924945
0.0011258852759743
0.0011349455087346
0.0011315080409757
0.0011329435071023