34.0
34.0
53.0
41.0
37.0
57.0
54.0
60.0
64.0
63.0
68.0
66.0
93.0
69.0
76.0
83.0
97.0
106.0
92.0
101.0
109.0
104.0
102.0
118.0
108.0
122.0
117.0
114.0
140.0
105.0
142.0
151.0
131.0
167.0
148.0
164.0
169.0
161.0
186.0
182.0
161.0
178.0
193.0
164.0
205.0
166.0
198.0
217.0
184.0
185.0
195.0
203.0
208.0
218.0
235.0
200.0
235.0
238.0
208.0
224.0
251.0
216.0
254.0
261.0
223.0
243.0
285.0
227.0
280.0
261.0
254.0
302.0
282.0
274.0
288.0
269.0
287.0
286.0
307.0
295.0
295.0
309.0
297.0
306.0
304.0
331.0
317.0
325.0
307.0
359.0
354.0
336.0
339.0
341.0
351.0
340.0
364.0
371.0
337.0
375.0
370.0
358.0
418.0
361.0
365.0
428.0
360.0
414.0
389.0
393.0
387.0
405.0
395.0
385.0
425.0
422.0
422.0
442.0
459.0
402.0
425.0
475.0
422.0
439.0
446.0
445.0
465.0
428.0
458.0
478.0
449.0
480.0
491.0
417.0
493.0
503.0
497.0
472.0
521.0
496.0
490.0
500.0
513.0
509.0
546.0
497.0
458.0
524.0
517.0
540.0
528.0
511.0
572.0
548.0
475.0
552.0
516.0
584.0
573.0
523.0
524.0
611.0
572.0
587.0
571.0
555.0
553.0
610.0
575.0
617.0
573.0
522.0
629.0
508.0
629.0
538.0
599.0
562.0
603.0
582.0
576.0
655.0
580.0
684.0
607.0
573.0
585.0
578.0
664.0
557.0
668.0
576.0
639.0
636.0
592.0
603.0
599.0
682.0
571.0
589.0
641.0
602.0
689.0
531.0
658.0
602.0
631.0
552.0
643.0
598.0
566.0
628.0
585.0
662.0
633.0
540.0
647.0
595.0
708.0
527.0
647.0
648.0
623.0
617.0
576.0
612.0
601.0
624.0
580.0
618.0
622.0
511.0
602.0
641.0
672.0
603.0
549.0
720.0
496.0
671.0
535.0
576.0
603.0
658.0
578.0
550.0
615.0
458.0
783.0
648.0
532.0
652.0
590.0
651.0
578.0
645.0
610.0
675.0
656.0
496.0
672.0
572.0
642.0
627.0
695.0
634.0
530.0
681.0
536.0
652.0
556.0
688.0
687.0
582.0
604.0
538.0
634.0
579.0
637.0
611.0
589.0
558.0
665.0
626.0
547.0
609.0
592.0
636.0
587.0
647.0
600.0
614.0