0.0059012485374255
0.00603737704476
0.0060250199567815
0.005919793347307
0.0060392527987268
0.0060898622904619
0.0062142546933555
0.0060832480118364
0.0061884032982151
0.006055747322593
0.0063029424621672
0.0062362845134997
0.0062636504947797
0.0062324548399355
0.006318684551408
0.0063326953263584
0.0061321724904929
0.0060822488403719
0.0061119825365326
0.0060495788109949
0.0062719303079703
0.0060953875309032
0.0061603653151199
0.0058268374995385
0.0059957874296094
0.0060908331296974
0.0058317275033549
0.005928947368421
0.0058587253626722
0.0057074502554744
0.005764273549692
0.0055597557253296
0.0055813729669699
0.0055608449515361
0.0055623429414351
0.0054519735107918
0.0053168321900894
0.0054356394296479
0.0054942647723065
0.0053782154915412
0.005458740752793
0.0053560986487711
0.0054174901561945
0.005327629550128
0.0053236337384912
0.0054449127029953
0.005441109595133
0.0053400104856512
0.005424165624833
0.005389049704591
0.0055930550735707
0.0055458188644178
0.0056272458882623
0.0054497049428439
0.0055683261543001
0.005519106057512
0.0055281319965062
0.0054519917928006
0.0055726568732655
0.0053448522925764