0.0011233682168435
0.0011400454038028
0.001122835629419
0.0011344480359472
0.0011328460844759
0.0011426495278642
0.0011317629584214
0.0011257296463327
0.0011160041210796
0.0011250179981464
0.0010959058819239
0.0010986476103611
0.0010851113046317
0.0010980739823391
0.0010848377197026
0.0010816671878331
0.0010746813416812
0.001091019409054
0.0010903886911679
0.0011022045694327
0.0010862715915553
0.0011066365394256
0.0010973233268872
0.0011025751429229
0.001100929228406
0.0011059223613143
0.0011061102245862
0.0011192635816011
0.0010961061260642
0.001106085690909
0.0010976171144386
0.0011065902824104
0.0010859872607992
0.0011013483043912
0.0010945851204315
0.0010881408574714
0.0010772345553229
0.0010783364148201
0.0010568289976773
0.001073447928779
0.0010656554151624
0.0010750493540479
0.0010680265298775
0.0010863467473751
0.0010628235010031
0.001066770335864
0.0010637969667232
0.001076729765036
0.0010672653031674
0.0010904332760118
0.0010750643315605
0.0010805336357601
0.001069207748538
0.0010768484913522
0.0010627321709585
0.0010773725665937
0.0010699000825299
0.0010864665603343
0.0010849105547282
0.0010906960462032