0.0010974294838538
0.0010897087265889
0.001084704759665
0.0010843596215662
0.0010864553477583
0.0010905904949838
0.001093511262028
0.0011081542217066
0.0011206825570744
0.0011275082262543
0.0011259557310801
0.0011301332966224
0.0011352512328716
0.001137796419098
0.0011444163399405
0.0011437211811991
0.0011374655997358
0.0011149771250372
0.0011154791514662
0.001101995249056
0.0013220960074181
0.0013327452169517
0.0018741204847909
0.0031064848923206
0.0057817124637471
0.0065084203929725
0.0074394418155121
0.0079100836722628
0.0102570557506739
0.0110319070133401
0.0115933163602942
0.0125165468393971
0.0135235164371554
0.0134437753582895
0.0145521513845371
0.0126212973999309
0.0124429937581416
0.0145009456777084
0.0159543644562621
0.0180760173625616
0.0193529442432347
0.0217932114300126
0.0228021793040792
0.0223799297087239
0.0223771357736002
0.0217729614623251
0.0230973869246785
0.0232052780895843
0.0240382422875566
0.0233455622931333
0.0223480190304158
0.0216312902815134
0.0218675439784714
0.0214756308006119
0.0222101844222019
0.0222981090148617
0.0221904342328979
0.0213218630383527
0.0213745303470865
0.0192822971891872