0.0058157341194996
0.0059381732693873
0.0058496756833916
0.0061701023657277
0.0060391814768232
0.0062442296199593
0.0062684343307944
0.006265131097784
0.0062233747802924
0.0062232205598279
0.0061162134270934
0.0063671817409842
0.0062168737546359
0.0062929260891207
0.006121849078994
0.0062134291008848
0.006051887891884
0.0061061162890276
0.0059573983803925
0.0059858029215463
0.0058154717191062
0.0058863553688824
0.0057055385812073
0.005842837761631
0.0056703547647006
0.0057227407996449
0.0054955921670532
0.0054864136102996
0.0053186598645852
0.0055234012749294
0.0054009432612523
0.005588657828329
0.0053781145862164
0.0053988323701577
0.0051851482913308
0.0053220140433866
0.0052544529267628
0.0054804096322682
0.0053303849706357
0.0053578009040774
0.0051747666265587
0.005378030363512
0.0052469202487454
0.0054298379859258
0.0053103561569786
0.0055099067795064
0.0054004601992314
0.0054972356687897
0.0053878282887504
0.0055896412247697
0.0055995543749886
0.0057288252275442
0.005549306430714
0.0056455823367397
0.0055614509433962
0.0057254537085131
0.0056537644058223
0.0058175535890224
0.0057410151272435
0.005786887688081