1.1631031705e-06
1.1377359166e-06
0.0
9.680504791518903e-07
9.591035203401417e-07
9.431147802363264e-07
9.619283378204997e-07
9.77650450847518e-07
9.691607500455108e-07
9.55848819463146e-07
9.622586942375806e-07
9.551971004611254e-07
9.579989202807254e-07
9.77937799658319e-07
0.0
9.955745685204326e-07
9.801935261332916e-07
9.65522174535052e-07
9.770539268910624e-07
1.0023577462e-06
1.0118820045e-06
9.664381477437504e-07
9.97450581932387e-07
9.723032594993715e-07
9.698755142000056e-07
9.674771982009443e-07
0.0
1.056540838e-06
1.0562712976e-06
1.0738037457e-06
1.0268379096e-06
1.0385015049e-06
1.0543308232e-06
1.0551753012e-06
1.097801178e-06
1.0381481149e-06
1.0841469345e-06
1.0685777491e-06
0.0
9.494724246709424e-07
9.536564935537882e-07
9.547866037082247e-07
9.439447738865528e-07
9.6316254092029e-07
9.360656323729148e-07
9.205498233463964e-07
9.82293913532774e-07
9.365343347639456e-07
9.26674334247542e-07
9.539518024007694e-07
0.0
1.0732962153e-06
1.1234761439e-06
1.1070000726e-06
1.1017344594e-06
1.112600683e-06
1.1264678144e-06
1.0744699615e-06
1.1222136251e-06
1.1188127904e-06