0.0057113592039446
0.0057879034898512
0.0057723089972284
0.0060775521369976
0.0060206317161849
0.0061499229667119
0.0061362361879204
0.0063350430716761
0.0061967641719688
0.0063068993708377
0.0061498768768225
0.0062501281631036
0.006138806989102
0.0062570176424557
0.0060320538867191
0.0062345458182987
0.0060527433764193
0.0061674623778172
0.0060169702495899
0.0061790743314152
0.0061126170027564
0.0063112246777841
0.0060335453863465
0.0060806320641501
0.0058387811899489
0.0059256568820019
0.0058384988109393
0.0060471335766967
0.0059215614996552
0.0059919462381116
0.0058398861318397
0.0058333714535371
0.0057536978703232
0.0059015906109137
0.0057765956455826
0.0060244886429294
0.0058334179499918
0.0058489320794342
0.0057446412082295
0.005716632350019
0.0056051955387759
0.0056726599724248
0.0055436105828248
0.0054590368694215
0.0054263628526785
0.0055347283924056
0.0054217718280281
0.0056101707783997
0.0054484860836252
0.0054396536814831
0.0053606863908575
0.0055088830874421
0.0053017002429417
0.005393732997481
0.0053644403824007
0.0055262048423005
0.0055387332756525
0.0055489083770108
0.0055317268531138
0.005694560408478