0.0010195579757851
0.0012639737411813
0.0012495113692223
0.0012750356374862
0.001275985563677
0.0012817235158112
0.0012893713556312
0.0012844958755463
0.0012778197128553
0.0012743125684827
0.003221365185886
0.0059661441107296
0.0089084443412378
0.0116745009733823
0.0153357462266199
0.0174453208230288
0.0178763517605509
0.0175999699180244
0.0174401598569517
0.0174876738713555
0.0179032052916864
0.015909694386275
0.0130931752912986
0.0098373663509511
0.0071300667322152
0.0033275074334977
0.0010868577607352
0.001091028111135
0.0010579154510434
0.0010648237079836
0.0010559997474978
0.0010677803176132
0.0010569941268104
0.0010559629447984
0.0010471711605025
0.0010533705619814
0.0028588341594895
0.0056325310735503
0.0094653982238194
0.0115784619167307
0.0150271886849878
0.0170194093947408
0.0165297991226828
0.0170967986529014
0.0170274087026658
0.0166165284612366
0.0165841882443136
0.015152207229929
0.0124410750538579
0.0085601547898915
0.0063796853906102
0.002710140984084
0.0011059066230757
0.0011066843871483
0.001100181801792
0.0011091861177935
0.0011069342208724
0.0011193576008419
0.0011158424205996
0.0011051650194292