0.0058725733289114
0.0056924838586749
0.0058067086104952
0.005796827970032
0.0059761675928633
0.0058188461410573
0.0059655317497732
0.0058083584710744
0.0059163934209334
0.0058132684815856
0.0061378154126718
0.0062730150101345
0.0066362642978378
0.0068103156176902
0.0071226653453922
0.0071164478266383
0.0072353693593315
0.007107802049354
0.0072208623656305
0.007162132920559
0.0074036878655767
0.0072138638744407
0.0072064606551102
0.0068994407313884
0.0067554841284269
0.0063870600788268
0.006343356256004
0.0061458774804001
0.0062154574682814
0.0060074062062024
0.0061100440250414
0.0058502730203505
0.0058021248789048
0.0056070919848991
0.005683999467548
0.0055380260500879
0.0056400507567873
0.0057370731360688
0.0059255344242556
0.0059847584568639
0.0061819101395045
0.0063091902812647
0.006464472685126
0.0064476825874188
0.0064890367378239
0.0063991494411654
0.006580761680343
0.006351249944946
0.0062172591749434
0.0060189500311731
0.0060024475780838
0.0057790079437712
0.0056534118392469
0.0056171544832356
0.0056276073020162
0.0056628031304029
0.0057707780850639
0.0056156015823885
0.0057783530629289
0.0056417167138296