0.0011131822769994
0.0011144687477286
0.0011163926928733
0.0011206787984137
0.0011148768223419
0.0011244475625079
0.0011210496464267
0.0011242252260668
0.0011216232069672
0.0011387685049199
0.001718142351314
0.0024985099711943
0.0037698794682855
0.0044703073121277
0.0053012332637516
0.0080433793836153
0.0081449241504305
0.0080881910961478
0.0080533609511755
0.0082850523952372
0.0080985324474771
0.0075063794855283
0.0066825476820958
0.0056146791161194
0.0048280039833422
0.0041054829217802
0.0011477679951425
0.0011429952018264
0.0011200535635724
0.0011156288747661
0.0011094761253622
0.0011082285071596
0.0011073955171651
0.0011193868639677
0.0011135302430953
0.0011143554248675
0.0013993760012758
0.0023964188713953
0.0029227509864892
0.0034585064218178
0.0042549266010297
0.0047017721986935
0.0047414530883361
0.0047108966086191
0.0047658742537926
0.004836554946688
0.0047137686066385
0.0044733480642871
0.0034726899677897
0.0030338693687757
0.002423743067284
0.0015968865152577
0.0011244487645414
0.0011327818208712
0.0011321566597016
0.0011269608038022
0.0011212010452773
0.0011300724349777
0.0011180317844436
0.0011104382851152