0.0075838706064186
0.0085363441351815
0.0102271139400595
0.0127938169207912
0.0153425480573719
0.0184593586388389
0.020751356152862
0.0237578710614564
0.0275827616208041
0.0297844221015137
0.0323451342081281
0.0348126185652038
0.0371927533654282
0.0387507054386958
0.0401224231252844
0.0398940340742081
0.0408560516124366
0.0422590189205722
0.0425559268787454
0.0427640357422038
0.043634115431883
0.0446016407020093
0.0454679393453033
0.0457280594642598
0.0466391463634351
0.0464498524792169
0.0483736474184292
0.0480685770455594
0.0482930883839786
0.0496803556900592
0.0505558640283487
0.051193347285068
0.0514449146290546
0.0520344422778714
0.0533285217207073
0.0541336898181823
0.0547156061256235
0.0557847515733196
0.0574220715754824
0.0575962116388646
0.0580054468012324
0.0586703426575964
0.0584320277762568
0.0597189926909331
0.0596366380950635
0.0590939694980145
0.0596385498557163
0.0598161142370307
0.0597401454333598
0.0594215305572593
0.0597195937584499
0.058881772732275
0.0599878969025002
0.0602497802736855
0.059403371214885
0.0603836538114815
0.0607162853200586
0.0604423760790491
0.0606295936733119
0.0606780328262471