0.0010959736034709
0.0011000510720443
0.0011011490391616
0.0011035749173148
0.0011033042662664
0.0011113077158712
0.0011144163668572
0.0011098233754827
0.0011148809253879
0.0011213460368905
0.0011189268947016
0.0011290963447939
0.0011263444091508
0.0011237294062763
0.0011205150464217
0.0011265214891208
0.0011159927245224
0.001112324024678
0.0011160907160359
0.0011145472377975
0.0010954777173516
0.0011010342554788
0.0011083476457054
0.0011221004968218
0.0011200051997556
0.0011291226168427
0.0011238952845878
0.001128503381095
0.0011307797936935
0.0011323732961696
0.0011173292228275
0.0011255855515351
0.0011165193716337
0.0011198384321577
0.0011047802612908
0.0010993866786034
0.0010930999358093
0.0010963144072127
0.0010949710655542
0.0010861111392405
0.0010816705982557
0.0010906383873957
0.0010946335145329
0.0010971567595813
0.0010927913927398
0.0010948545039547
0.0010912668906037
0.0010899711340206
0.0010834965417814
0.0010888308841199
0.0010990709466181
0.0011053259713628
0.0011076023692605
0.0011022928105512
0.0010963588061475
0.0010934932795699
0.0010855153865858
0.0010949343871924
0.0010920721715328
0.0010973509250943