0.0060530561649603
0.0061724058978918
0.0060012276912501
0.0061800852469729
0.0060146347517083
0.0059885644177379
0.0058475418500591
0.0058169551864156
0.0055296917673088
0.0055338779274648
0.0053235616894398
0.0055143757824943
0.0052988357962385
0.0053617313046647
0.0050842439200795
0.0051607054366391
0.0049894346597126
0.0053183089378123
0.0051449350951068
0.0054405656272531
0.0053997166772468
0.0056890353260369
0.0055657886323268
0.0058567604153219
0.0058245749605664
0.0060505316914228
0.0059879642557538
0.0062781106705183
0.0061075736277952
0.0063708328018305
0.006081181983271
0.0061118973892928
0.0058157241484786
0.0059539915771663
0.0058554193809277
0.0059699982605829
0.0057976169735556
0.0058543869075466
0.0056500184695601
0.0057340175511986
0.0054431566718421
0.0056871690163523
0.0057351013376497
0.0060041435124154
0.0058328326316365
0.005868251704677
0.0057899853859199
0.0059728776380495
0.0058857754979644
0.0059331912740664
0.0057888637728091
0.0059938366948953
0.005855076990052
0.005917366497462
0.0057476596441776
0.0059433442999511
0.0059246090980042
0.0060530416808529
0.0059262617050118
0.0061428172146288