0.0010941337096426
0.0010844894246199
0.0011036038339814
0.0010974841478304
0.0011102584850612
0.0011058133720721
0.0011282651515153
0.0011170077987559
0.0011372608792059
0.0011253017274611
0.001129191263556
0.0011348384895525
0.0011434502142766
0.00113732228496
0.0011431150763699
0.0011352686737533
0.0011393808403176
0.0011213232651876
0.0011279137077918
0.0011121196198995
0.0011200650421331
0.0011113273128233
0.0011161153825192
0.0011042155241448
0.0011092030180317
0.0011000823968005
0.0011149012066921
0.0011024336625637
0.0011116558769683
0.0011010642596886
0.0011109457699454
0.0010964064163507
0.0011028710821676
0.0010914794020479
0.0010963476181817
0.0010835194798217
0.0010875433176874
0.0010709164671745
0.0010823605954655
0.0010771942953143
0.0010885526868861
0.0010801231340604
0.0010881039598578
0.0010858192352258
0.001089526485624
0.0010914894646565
0.0011003906383931
0.00109014383086
0.0011041785534455
0.0010994181417924
0.0011128565841647
0.0011118343779292
0.0011246456222632
0.0011214019840176
0.0011220468690942
0.0011233000073581
0.0011229270559194
0.0011155957415883
0.0011258348471583
0.0011042341326585