0.0061279070702639
0.0059300138333513
0.0059591460901594
0.0057463907216119
0.0058299653381728
0.005659197247127
0.0056658367276927
0.0054663365737378
0.0055348897786065
0.0052513489242114
0.0054388806273128
0.0056028123705182
0.0062565808045424
0.0065627586649788
0.007214344155844
0.0071783811060501
0.007356316179558
0.0074185070162549
0.0076761797229197
0.0076652777837995
0.0078132201540204
0.0075893832112819
0.0075869625435539
0.007187403995235
0.0070516632629253
0.0067400604492657
0.0067332020849169
0.0065659933173963
0.0067310989915508
0.0064257074181959
0.006530004340549
0.0064239358665498
0.0065392101408244
0.0062665854645781
0.0062761064532613
0.0059359977530176
0.0058267991768353
0.0059336491142621
0.0064298815028381
0.0065176282555058
0.0069221312608905
0.0069446592045208
0.0069975676293447
0.0068742194499626
0.0070758594202107
0.0069990006683646
0.0072409699841446
0.0070915606656136
0.0069855080966866
0.0066032039550984
0.0067293605669487
0.0067756551478121
0.0070965420472384
0.0071337725120195
0.0072030082314835
0.0071146075786297
0.0072486043846003
0.0070895453426715
0.0071812233580885
0.0071171921049783