0.0056860313865422
0.0058959155654245
0.0058282221910585
0.0060671389041296
0.0059506938450685
0.0061050837932853
0.0059614152837643
0.0060272553481772
0.0060456889386877
0.0060576473099138
0.0062966362781444
0.0067783006678724
0.0072232911323229
0.0082843052287004
0.0087774373001968
0.0091106949004159
0.0088854526203019
0.0091269482348603
0.0089555407603727
0.0089890414382369
0.0089469614097012
0.0087719766375707
0.0083175474601982
0.0080910367524464
0.0073871263926871
0.0073911576933128
0.0072399361555106
0.0073751145375255
0.0071586789658448
0.0072643388831268
0.0072605037430438
0.0073679613287688
0.0072780079955238
0.0073915400931852
0.0070253495181478
0.0067230344164762
0.0063211484107227
0.0065797752294401
0.0071943288756543
0.0079693774516877
0.008418078482921
0.0085654193859927
0.0084414456242794
0.008441505592514
0.0082976250067098
0.0083583642400702
0.0082984131569722
0.0082693229322347
0.0078192942445912
0.0077295403766415
0.0077024564369783
0.007710062233497
0.0079964617849468
0.0081876879569133
0.0082134854195451
0.0083284325837505
0.0082498517934711
0.0084209338504632
0.0083652774673778
0.0086247658720661