0.0010053945821346
0.0009992084706806
0.0009999569346646
0.0010032514145365
0.0010024779134132
0.0010043702955065
0.0010043280422311
0.001005277215847
0.0010102760864927
0.0010151299403641
0.0020385876699608
0.0056577505260388
0.0110654192278684
0.0180121646452123
0.021276340277275
0.0222086950174843
0.0218849639297838
0.0216227842286449
0.0222213991956311
0.0225464043752694
0.0217115200950734
0.0206791561724177
0.0172548667663323
0.0133978570807601
0.008161509819266
0.0079867750086344
0.0090604268791805
0.0102005164655833
0.010399742943176
0.010215120152091
0.0100195767040919
0.0102234771177834
0.010336971587989
0.0102348011207021
0.008841825397116
0.0071673163295009
0.0058620271043212
0.0069908743936871
0.0078345991260905
0.0116139869627253
0.0136696843765294
0.0143053777585699
0.0141772968806938
0.014119138092993
0.0140350646718667
0.0141659279975279
0.013780067183416
0.0122089820620527
0.0095149972619896
0.0092591731875206
0.009484012358166
0.010816675623939
0.0122465301664166
0.0137383230494234
0.0138510160754475
0.0140949440590007
0.0139566233166878
0.0141847419721823
0.014158864660682
0.0138633390141537