0.0009942046451752
0.0009948664211704
0.0009930103751291
0.0009911275899868
0.0009829303266626
0.0009904221744483
0.0009953480925047
0.0009934020421071
0.000987117528952
0.0009977957208922
0.000985546171553
0.0009933307573988
0.0009935591151228
0.0009878351357715
0.0009858389151281
0.0010002187102633
0.0009885310237942
0.0009951565156317
0.0010044295287308
0.0010009387000811
0.0010006008549148
0.0010034306867454
0.0010031775779463
0.0010042171724409
0.0010054356666971
0.0010154838216282
0.0010117109178884
0.0010142073309812
0.0009992949473761
0.0009955423561643
0.0009991453371306
0.0009957727801043
0.0009959233557646
0.0009896212599002
0.000985341706693
0.0009783804776628
0.00096562087461
0.0009671060385628
0.0009594028820782
0.0009644073310464
0.000957064123996
0.0009602408724339
0.0009669338164514
0.0009752983449241
0.0009825308427138
0.0009861573021406
0.0009965300503288
0.0010017667694328
0.0010025233784746
0.0010253506889338
0.001031285615428
0.0010506697864558
0.0010606148843542
0.0010607020563375
0.0010686189376019
0.0010631165384267
0.0010646236625586
0.0010781150298327
0.0010670432903538
0.0010685314638594