0.001037496714825
0.0010211416909934
0.0010084395335001
0.0010029524153887
0.0010058886516275
0.0010069068491157
0.00100408967621
0.0010086195271291
0.0010067305977929
0.0010106080690059
0.0083739500968906
0.0139562098575922
0.0218581677350042
0.0288663345174116
0.0315910217765568
0.0312465994391173
0.0309757043885292
0.0305334045491469
0.0310511364584082
0.0309969438694053
0.0314029214167529
0.0238594467408868
0.0182267386399858
0.0106112348334452
0.0042454338829498
0.0419886915972806
0.0439840321849171
0.0456963499250537
0.0463975848331197
0.045568469774562
0.0459458611366391
0.0454595831849402
0.0451918963095365
0.0460438262942776
0.0455242971394258
0.0450557535253442
0.0049053963429111
0.0053415699598245
0.0044683646778482
0.0047693562411836
0.0047265878265853
0.0047979383602853
0.0047826423925755
0.0048002610768525
0.0048210424290543
0.0047262056340563
0.0047553635586907
0.0043760832468228
0.0021960951403024
0.0029095878299565
0.0057726977023443
0.006698198559257
0.0083194392398088
0.0102972598490591
0.0106739608909703
0.0103956962633515
0.0105391346387452
0.0105512139313427
0.0105672537294405
0.0107372617380075