0.0056743414713013
0.0055600107562407
0.0054537140891629
0.0054109947111176
0.0054983584504979
0.0055034201998379
0.0055962494102703
0.0055367265887361
0.005514940080301
0.0054846112845875
0.0056873260385414
0.0056722231589254
0.0057890270111672
0.0057854813216034
0.0057069511475115
0.0055807198436537
0.0055754788202297
0.0053383253250682
0.0053812902173911
0.0052979791938996
0.0053772236880359
0.005133417080144
0.0052360963077431
0.0051642151882508
0.0053623372409197
0.0052069387395886
0.0053532868733022
0.0053610048186517
0.0054661208985041
0.0053380167097673
0.0056061461972294
0.0055499333700037
0.0057520707696665
0.0057078082550776
0.0058014989543039
0.0057384856818722
0.0058181300165476
0.0057780071265522
0.0058290437007379
0.0060039579650865
0.0061067190245685
0.0058544323328735
0.0060694645331091
0.0059146470447607
0.0058460238469507
0.0056715995680033
0.0056015817356388
0.0054825715329132
0.0055133767710461
0.0052997575929865
0.0050776957829141
0.0049587256966505
0.0050954239054898
0.0048459784645914
0.0051032139318829
0.0051107547418046
0.0054266430529998
0.0055442128145198
0.0055646353456321
0.0054821387518299