0.0051306174351847
0.0049725862068965
0.005139376615863
0.0052142323749013
0.0052091854352198
0.0055343538913628
0.0056384479259489
0.0054954711585688
0.0056067118689389
0.0055154684497438
0.0056502333800634
0.0055495902785444
0.0058784126935487
0.0058739028585316
0.0059585553136531
0.0060943786825734
0.0060299670473727
0.0058989852436076
0.0058789905400884
0.0058984474867107
0.0061224967747779
0.0061057750959254
0.0063016985970004
0.0060286968413845
0.0060730002497547
0.0059184799239935
0.0057626548056818
0.0054592308576087
0.0053130410376748
0.0053624497763831
0.0053871710662433
0.005208800801892
0.005338193981068
0.0052358481460845
0.0054061789183222
0.0052637686904717
0.0054324714330836
0.0055155756163397
0.0058780746069098
0.0059820089274487
0.0060391466295406
0.0058584609105004
0.005904832078327
0.0057794922235233
0.0059430614639735
0.0057302724361857
0.0057267069665785
0.0056967585138764
0.005727792406669
0.0055060120248612
0.0055298362490492
0.005387751439263
0.0054471870316237
0.0054670377153808
0.0053912047775245
0.0052772279929736
0.0052605008942564
0.0054021135157957
0.0053409452857663
0.0052874712050568