0.005710776282466
0.0055214737844539
0.0056254070284616
0.0053328911410194
0.0054307275126101
0.0051947786754016
0.0053498197540847
0.0051450721449597
0.0052761875541464
0.0052137991262384
0.0053310718190764
0.0052266301726303
0.0053717956732989
0.005248840363577
0.0054313018891916
0.005437264943664
0.0056347440418664
0.0055394833494989
0.0057883777387272
0.0057790255896268
0.0059585089168891
0.0059737188730135
0.0061026471569506
0.0060120816562488
0.0060949765334315
0.0059579028335666
0.0059760249524288
0.0058551128034526
0.005952821564868
0.0056871877667655
0.0057241180498493
0.0055914918100581
0.0054907087473177
0.0053615792278191
0.0053283239080127
0.005318085323365
0.0052762201288594
0.0052032344793873
0.0052160767522704
0.0051166670042132
0.0052825541972727
0.005285178021978
0.0053178013956682
0.0052853665653161
0.0053724346588349
0.005362272922085
0.005244259471116
0.0052440571423302
0.0053048935217155
0.0052282032137491
0.0052300843595833
0.0051832145275865
0.0050993298304766
0.0050137739474682
0.0050675220564029
0.0050500378731377
0.0051530876050307
0.005278704399829
0.0053311496663318
0.0052262045433877