0.0056638111016761
0.0055174535979154
0.0056103064582183
0.0054807076942693
0.0055621477853644
0.0054065551980472
0.0055256290982096
0.0054679783625521
0.0057227597558957
0.0055720632023993
0.0058996398436227
0.0058955254022714
0.0059885374652435
0.0060118895876119
0.0059460834947515
0.0058317751960605
0.0060462736845818
0.0059648602054328
0.0060585094075769
0.0059262893641872
0.0059757144696516
0.0058689744752249
0.0058026319832402
0.005639816683584
0.0055737234680244
0.0056517587398811
0.0058539837363114
0.0057544505698576
0.0057432447594769
0.0056103377646929
0.0056625605202209
0.0055509816308981
0.0054292793659092
0.0054418569480554
0.0054875745870211
0.0053988608410684
0.0054091436899179
0.0052501982384548
0.0051719529656876
0.0051798112598396
0.0053075627471346
0.0050445381981914
0.0052534157612606
0.0051836481322915
0.0053424049907846
0.0054945769836528
0.0055057740012798
0.0054006787710538
0.0054349514709851
0.005369487406486
0.0054272841441074
0.0052674618845423
0.0054456493989032
0.0053047363185926
0.0053617112221452
0.0052934690713146
0.0051996480204626
0.0052943719613234
0.005467589421939
0.0054146053895852