0.0057404134493384
0.0057527520853225
0.0058042238068812
0.0058854739025549
0.0060430828957778
0.0062614332253452
0.0062058871385842
0.006237105833517
0.0059715371312684
0.0060908097903114
0.0060277119423295
0.006025661198981
0.0060448527119106
0.0062524411673956
0.006215310523578
0.0062405424171993
0.0061458604327751
0.0062995306047468
0.0062263747990425
0.0065259421372657
0.0063826574879925
0.0064804729602206
0.006330466310585
0.0062523107460892
0.0061247294750045
0.006396905715493
0.0061818318600101
0.0064684324921192
0.0063799768166657
0.006483777078449
0.0062823347308802
0.0063251450851098
0.0059865780791855
0.0060722215070817
0.0060346051942859
0.0059711944781828
0.0057035085426954
0.0057535163228966
0.0054373099506459
0.0053118069130991
0.0051445976119403
0.0052667596383021
0.0052028014691176
0.0054653760457788
0.0054781040193014
0.0056054616423111
0.0055154914883932
0.0054611733581927
0.0053594169346579
0.0054461766763302
0.0056365406565656
0.0059690310705903
0.0060213073961906
0.0063383261455041
0.0062108295682223
0.0060935432631221
0.0061197262761839
0.0062940475670068
0.0062713657275969
0.0064717087108139