0.0075047021720275
0.0074603044877128
0.0074702244747578
0.007314902490156
0.0075473074469662
0.0075057245340502
0.0075253666944059
0.0073537279527769
0.0069647305015816
0.0065096896319118
0.0064738082258501
0.0059734677241204
0.0059273859192357
0.0057747642760936
0.0058686806801229
0.0056543805303422
0.005785333870442
0.005644366083421
0.0058501308371973
0.0056851970324049
0.0057213400066982
0.0057057948302834
0.0058086266081871
0.0059231659658028
0.0063731477383137
0.0066105478455614
0.0071589384783798
0.0071466152801981
0.0072299405299525
0.0070014038929889
0.007262588830263
0.0072076108436107
0.0072501180873482
0.007103744159997
0.0069558620027044
0.0066752473003941
0.0064818515838072
0.005984032074439
0.005760846293803
0.0058285482160252
0.0061034975063245
0.0058699338689063
0.0060168872896488
0.0058025573018029
0.0059319637560002
0.005905889636758
0.005954351553914
0.0057501289414516
0.0058189602699604
0.0058108704242247
0.006157963846644
0.0064855902635825
0.0067912601961139
0.0069018550649924
0.0072560345897763
0.0071400734304112
0.007453234846714
0.0073190661798349
0.0074959680128827
0.0074618063714903