0.1279420403281836
0.1714888440989182
0.2340531410769499
0.224029849132622
0.2183281679189001
0.2469365909335866
0.2334952435614692
0.2374671229192085
0.2321249230490495
0.235275604077135
0.1848072674237231
0.2061980575464176
0.1688273662574397
0.1682957414640359
0.2266152926210462
0.2389491195413994
0.2531886781520148
0.2429687373287159
0.2349607500845961
0.2429123909624887
0.2363808835892589
0.2381848465760317
0.1936160865738577
0.0806153056215655
0.06826671497242
0.0126764901292602
0.0011321481047527
0.0011500278904535
0.0011409822016955
0.0011559033876131
0.0011463067596624
0.0011575893966434
0.001157485652388
0.0011518586386519
0.001152991156624
0.0011464686735108
0.0210152241355783
0.0819726135122025
0.1337674464445769
0.2133039854295882
0.2274160336774786
0.2352485355041018
0.2324859840921873
0.2159612420377912
0.2357490442811235
0.2434367590475973
0.2325209057714972
0.2099825346379903
0.1687344505795497
0.173788127929495
0.1571202423396764
0.2042655168627427
0.227794406104984
0.2172106719612205
0.2357408859629902
0.2427917332982665
0.2344367812267953
0.2362588697342483
0.2396119863939244
0.1691005172373016