0.0010504446307179
0.0010453789557768
0.0010457490306992
0.0010459738784265
0.0010351546402956
0.0010376725741895
0.0010300105478732
0.0010320978756514
0.0010336205707754
0.0009676283853629
0.0010326851987812
0.0010285562496245
0.0010259134090448
0.000963238965861
0.0010286443838787
0.0010314304058743
0.0010340128790321
0.0009865571697971
0.0010281040620798
0.0010271771071454
0.001025204700949
0.0010251492116811
0.001028130351277
0.0010352208919215
0.0010427126196349
0.0009902835565546
0.0010579699635701
0.0010627425410907
0.0010023544541456
0.0010699895156752
0.0010206756963887
0.0010670100534034
0.0010148230766184
0.0010675487441775
0.0010684088769674
0.0010648545494675
0.0010578093211089
0.0010560906201479
0.0010441546256062
0.0010547213323858
0.0010482382196104
0.0010562640173009
0.0010521544460941
0.0010631457810271
0.0010613460669726
0.0010600962821384
0.0009867815399931
0.0009974262539867
0.001047665673461
0.0010534604296578
0.0010542581946974
0.0010557673879443
0.0010495390343327
0.0010548456515016
0.0010494885412942
0.0010513706071454
0.0010608527245416
0.0010697476640551
0.0010865613279068
0.0010847868896925