0.0055504635085967
0.0058124161821442
0.0056765167425227
0.0057559978713808
0.0056658579483646
0.00565272859622
0.0059612584327024
0.0059702275494023
0.005871267081089
0.0060539990457327
0.0056593298561439
0.0060927523660179
0.0058742135222197
0.0060500847942625
0.0059628043229705
0.0060388187451444
0.0059264617227485
0.0060364887810684
0.0059640025813672
0.0055283435424817
0.0057967298041504
0.0058166592667339
0.0057452357828656
0.0057148983839109
0.0055875813191873
0.0055790594745668
0.005693869283466
0.0053901051090138
0.0054815626923567
0.0056339225799427
0.0058038327369314
0.0058077000435665
0.0056357789118729
0.0054410605358939
0.005819136100582
0.0059120716094696
0.0057902098372881
0.0059141449634112
0.0053355074134525
0.0056157519388413
0.0055319384534167
0.0055777957923909
0.0055405791327316
0.0056311011643759
0.0055404021739129
0.0055310758552014
0.0052910104019136
0.0056242923307881
0.0054630244861871
0.0056385264978627
0.0055748447732714
0.0056432897216703
0.0055662781614266
0.0056219147768095
0.0054033380485662
0.0057944357278044
0.0057985862943689
0.0058685670111754
0.0054750358048144
0.00578651176331