0.0010208370518289
0.0010110918260744
0.0010148592038714
0.0010085770748138
0.0010118023187034
0.0010099416457297
0.0010055435828396
0.0010061247805733
0.001000974193431
0.0010055907859996
0.0010136899012074
0.0009571740758339
0.0010162479476045
0.001017391120855
0.0010237892252456
0.0010132314403439
0.000965449770725
0.0010340862491317
0.0010361066210867
0.0010429805210173
0.0010495134708539
0.0010319239461188
0.0009750904397653
0.0010309466612603
0.0010283597116998
0.0010209101701049
0.0010425639768471
0.001044732891955
0.0010422420105333
0.0009873826202161
0.0010395699702803
0.0010237567253585
0.0010331542789296
0.0010272219971162
0.0010337806826721
0.0010273458100861
0.0010339942939702
0.0010317971814615
0.0010209226982974
0.0010241831704907
0.0010291481214805
0.0009761820778193
0.0010284460021904
0.0010265308987213
0.0010270207616794
0.0010321180535244
0.0010382545280531
0.0010328893648849
0.0009755356797829
0.001026569029917
0.0010309723807472
0.0010333432150162
0.000996586566679
0.0010563842860311
0.0010063887336461
0.0010636405592607
0.0010717241665537
0.00102002683081
0.0010810249051534
0.0010202351807193