0.005450139366846
0.0056115572436144
0.0055074481592651
0.0055556562764634
0.005462378914594
0.0057513007054351
0.0057736427702628
0.0058524910859287
0.005724334895128
0.00589151994538
0.0058590189746698
0.0059855705315258
0.005789132327241
0.0058275802542495
0.0057701445192012
0.0059467623967316
0.0058427720808586
0.0058820330242558
0.0059295417302893
0.0060205200550744
0.005892366615124
0.00593558877736
0.0059177367660772
0.0060148153235036
0.0060445977640342
0.00599464868286
0.0059199783998359
0.005965339824961
0.0057777775319117
0.006017597419585
0.0059378212433838
0.0061161608653043
0.0060197121510169
0.0055547045499056
0.005662522332618
0.0055657763911175
0.0057409213112376
0.0053471125893005
0.0055574696928463
0.0057791171805527
0.0054186266034879
0.0054788510696141
0.0053657392001474
0.0055737771641735
0.0055110545649721
0.0058174844052079
0.0058323635504555
0.0057839424473862
0.0051994784233333
0.0057049897842974
0.0055520880992586
0.0058002247269518
0.0057169663450094
0.0056746448363715
0.0056350315131807
0.0058136933484592
0.0056867187774363
0.005691542096004
0.0056267880392461
0.0057563393735796