0.0010750005107252
0.0010600516806051
0.0010668569211041
0.0010038239451509
0.0010719045385118
0.0010838181122451
0.0010867663349128
0.0010779206151966
0.0010883782265593
0.0010312256432277
0.0010886502617091
0.0010326761940626
0.0010944147227212
0.0010838892596647
0.0010161240531087
0.0010813328465539
0.0010839275521816
0.0010192271192407
0.0010809970949054
0.0010723916576109
0.0010709391255225
0.0010638456594579
0.001068153665237
0.0010825995545217
0.001090779959719
0.0010867706965338
0.0010918834743859
0.0010865501945235
0.0010986945184092
0.001262916267879
0.0014244625589525
0.0013963806717643
0.0014355259539042
0.0014155659377192
0.0014018462993948
0.001333059550342
0.0014225578367922
0.001389304334512
0.001378342269012
0.0014007560000001
0.0011720732829087
0.0010553494922189
0.0010597866062114
0.0009965708042127
0.001058855095104
0.0010698163097055
0.0010682678517804
0.0010691813033432
0.0010679113694626
0.0010710495137049
0.0010182931179874
0.0010935440225897
0.0010935559302555
0.0010925037448748
0.0010928711656448
0.0010959147598139
0.0010793096917663
0.001029239776292
0.0010650337845859
0.0010128253497134