0.0011140717170436
0.0010375002228275
0.0011040477075926
0.0010990439895148
0.0011046525171759
0.00110324833673
0.0011021571547806
0.0010360314471824
0.0010965440652819
0.0010873271005743
0.001093300161592
0.0047999894913299
0.0062209864890159
0.0063865532017683
0.0078342902345293
0.0079917821160309
0.0085429450992801
0.0082698127882365
0.007984706872319
0.0076255140649511
0.0080413557185128
0.007581873738065
0.0040613897375435
0.0034662833357863
0.0011155041221483
0.0011816695607101
0.0011735029127197
0.0011582350772407
0.0011540229734576
0.0011535392098254
0.001144765831327
0.0010659624626874
0.0011388091507655
0.0011331261285802
0.0011419815884617
0.0011395387452533
0.0010759234149068
0.001129504828663
0.0009974944466666
0.0011170021727223
0.0011241789730135
0.0011231181919416
0.0011146624501657
0.0010400503039279
0.0011067835790265
0.0010495584238068
0.0010966702567902
0.001102805466995
0.0015345678392863
0.0025393362426668
0.0048534938151743
0.0059134828671643
0.007173616739386
0.0064941033901773
0.0068518203185345
0.0068286253266331
0.0073141804414529
0.0067492165532878
0.0067075882111426
0.0064482945488029