0.0056445466428397
0.0056666325745316
0.0057420315131064
0.0056831591417324
0.0058977529319495
0.0059842263070854
0.0062268268709724
0.0059237857395565
0.0061430568983559
0.0062060764712831
0.0062767179287015
0.0059975125237163
0.0064498393503783
0.0064678453829116
0.0063665550252941
0.0066554101721202
0.0066006871848491
0.0066085262521008
0.0063332714583333
0.0065966271322204
0.0067001539810452
0.0066113652282802
0.0065726362880786
0.0062683882585102
0.0063941589965841
0.0065103791165618
0.0066100871384018
0.0067341545306155
0.0066977097413167
0.0065669708487223
0.0068681815234709
0.006638898250091
0.0066679396042286
0.0065944382900774
0.0067816483568159
0.006547827961342
0.0065225961104485
0.0060408042880705
0.0060368631127012
0.0058932427544049
0.0058951674157916
0.005878039931784
0.0059861507534946
0.0058673542479628
0.0060311822305619
0.0059055060899915
0.0059692508665511
0.0054135405822923
0.0058536171970904
0.0060739187234334
0.0058012789834706
0.006150197366031
0.0063176277869944
0.0063465475350189
0.0065399157912318
0.0064622892586158
0.0066105432724068
0.0064772491628332
0.00667629250771
0.0064243227316259