0.0172103979663047
0.0397965742701272
0.069084933128168
0.1068876590580815
0.1519583073014915
0.1965270864287753
0.2291073748083082
0.2989530685914647
0.3385328549612829
0.3962404978077306
0.459221621022514
0.5160225266180586
0.5606157518985558
0.6054227196500427
0.6576246803338671
0.7079858759628227
0.7490949678531499
0.7915833308111725
0.8336607489048736
0.8835011526377495
0.9165741673075176
0.955584568600854
0.9920716412631516
1.0348140705510218
1.0636887914432671
1.0900275540115243
1.1172297730011904
1.1431943030656162
1.1724888570644838
1.191156717409164
1.2069833673802932
1.2332672312567805
1.246171239376049
1.2692880628200367
1.2786292041595766
1.2940876944524662
1.3038576834261413
1.3246952934299956
1.333552688458507
1.342498592044293
1.358416196183894
1.3663594631368932
1.368580307597079
1.3789570143935082
1.381116580817843
1.3905113821268635
1.3905614951272351
1.3961303835991563
1.3932212300145406
1.401210915783313
1.394716027932047
1.3961509823885598
1.395636222555109
1.4004612575248376
1.4009939817735733
1.400767618527034
1.4028801166574525
1.4002199828106672
1.3102501433834448
1.399665928220348