0.0059250626923076
0.0059250626923076
0.0058524620813908
0.0056728769466663
0.0057859073188984
0.0058248930460693
0.0057466292742289
0.005676690584812
0.0057521817551746
0.0056787478908358
0.0057529622396785
0.0056576929986692
0.005355546426212
0.0057215100655351
0.0058051870674312
0.0056213180220928
0.0055883511195543
0.0054685160746381
0.0055113485103801
0.0055235992846284
0.0055576769419577
0.0054780364776444
0.0055423286699364
0.0055346375134602
0.005566830366368
0.005425300761769
0.0054677636806356
0.005544835478916
0.0053040284151248
0.0057377774653508
0.0053925009671604
0.0057741132016306
0.0058686442413825
0.0057388927167465
0.0058407169656771
0.0058368553036814
0.0059652902075639
0.0058795036761368
0.0059533473467192
0.0058587562296259
0.0055457077935412
0.0057993321838218
0.005793039125046
0.0057896983317964
0.0057802452384055
0.0057068252289957
0.0057080608515511
0.0053618883988021
0.0058691272005862
0.0057860000793367
0.0058139084962557
0.0057776829870396
0.0058623109082828
0.0057365580787453
0.0058652333248147
0.0056924761651037
0.0056922868711837
0.0056241818001942
0.005674670480465
0.0053880136413457