0.0054434262522851
0.0055672478110637
0.0055347741886563
0.0056773888623502
0.0053923148688466
0.0056341115611192
0.0056752869414592
0.0058794979937501
0.0057517825522041
0.005856803508579
0.0057256220730879
0.0060087689449948
0.0057990530781663
0.0059595658034504
0.0058278774815244
0.0060751951465201
0.0060523476325374
0.0060091157361083
0.0059285290154115
0.0059858215138874
0.0059924837828609
0.0061190058401287
0.0059293907877574
0.005998629372651
0.0057874875257248
0.0057880108119995
0.0053281260549342
0.005607522212346
0.0055249649883092
0.0054452812916711
0.0050882692420607
0.0054691937268043
0.0053558275032593
0.005481865408319
0.0051834016397143
0.0055199132731501
0.0055754985712608
0.0055932918671711
0.0054804779468966
0.0051848504216201
0.0056789320922827
0.0053376912450867
0.0056907489292645
0.0058057325667056
0.0057179368373764
0.0058410215513271
0.0057378467185385
0.0057901411716634
0.0057633450987719
0.0059632174164094
0.0057995402482412
0.0056427618874442
0.005704666691579
0.0057904176459709
0.0057104660566291
0.0056154267686424
0.005510927306651
0.0052906215351632
0.0055530485158369
0.0056216965484929