0.0055739916987466
0.0051085366389298
0.0053055368572521
0.0052422271353327
0.0049160822707469
0.0053521470659036
0.0053594799327981
0.0051884349558414
0.0052510598999568
0.0051510325537409
0.0053299159688027
0.0052941223410972
0.00525852014652
0.0054404587884304
0.0055214625727801
0.0054353828777005
0.0055070319576363
0.0057190287643822
0.0057205565737628
0.0057406765617172
0.0060945092160502
0.0062248922239616
0.0062766354570332
0.0062665726318447
0.0060971120304844
0.0062532836479002
0.0060941405337324
0.0060131878437048
0.0057590479243203
0.0058152525785429
0.0058098568759879
0.0056962091595146
0.0051707564507108
0.0053972330150798
0.0053272533117545
0.0053223894796359
0.0051571874470202
0.0051821524361095
0.0052759313440476
0.0054292899095437
0.005425551533929
0.0054239311787142
0.0054013271959004
0.0056258169383858
0.0056196553533282
0.0056107948850712
0.0056717535388593
0.0054170396456455
0.0059176637701974
0.0058963456493222
0.0055837417302027
0.0056736402305412
0.0057877388833285
0.0057878640195812
0.0056423753551202
0.0057011430775505
0.0057110119116897
0.0056191730434782
0.0056269131026003
0.0052706527725725