0.00518426731514
0.0050199159712437
0.0051687601205934
0.0058657555176419
0.0067263235619168
0.0064997174588405
0.0080911645627265
0.008383609375282
0.0086292625972886
0.0082733472664993
0.0090515108711487
0.0086968164450021
0.0089048716679151
0.0088063431672243
0.0083375091221527
0.0076249951138867
0.0072337211602087
0.0070393358030108
0.0059300818415367
0.0063130441770723
0.0065708902850916
0.0061002849550967
0.006283045060755
0.0061698282057725
0.0062207202060361
0.005922109049185
0.0059739953856536
0.0056348220213074
0.0056675673643975
0.0058917252816954
0.0066326183667253
0.0070784176642041
0.0077612768900204
0.0081668013743101
0.0083789075303314
0.0082971327469085
0.008469236480992
0.0086172535840016
0.0087376629836255
0.0086795763083106
0.0084488461173031
0.0075536587063417
0.0070954625379499
0.0063076117371579
0.0058631138518894
0.0057369516765286
0.0058425755049404
0.0054160341999464
0.0054977066552636
0.0054367913193927
0.0051576212954869
0.0053024193095503
0.0050161024425484
0.0052826275075743
0.0054141878299173
0.0050024253065686
0.0057514559723901
0.0068953570122842
0.0070744275706577
0.0076077704723855