0.0012585311636866
0.0013227863987315
0.0022499315984857
0.0028596155708391
0.0032476043631531
0.0037006529977925
0.004304452343837
0.0044428909890772
0.005285230006583
0.0053906893664628
0.0063493552103655
0.0083227778353831
0.0096743107435271
0.0108286854180829
0.0124360361401031
0.0141853583032003
0.0161027432328485
0.0176878678994614
0.019403785236855
0.0208944407919036
0.021101893826911
0.0233881360589812
0.0249540086793295
0.0237097712357508
0.0297317163660344
0.0320404177000019
0.0354451172505269
0.0394082170440376
0.0428722584288262
0.0466096077067562
0.0507253721398499
0.0542215302364895
0.0574308258161433
0.0592966976270095
0.0618317229969667
0.0625520727126912
0.0646663544466116
0.0658601123382884
0.0659242139937968
0.0664719032535028
0.0654500237950949
0.0654817788145781
0.0655090561110308
0.064288468058485
0.0644823260178053
0.0624296560063528
0.061006142537505
0.0608519101697679
0.0598004288607961
0.0593391222982513
0.058938129887462
0.0596398360869644
0.0585942248073475
0.0548243459269014
0.0590784764623525
0.0586185402303032
0.0583386337598508
0.0580825489010392
0.0574494442367714
0.0573478751443935