0.2132649666120995
0.219654315422876
0.2872128016870793
0.3365102760009291
0.3880208041871325
0.4255454029303467
0.4544862921786993
0.4797701343999788
0.5001606745815488
0.5296358778333884
0.5333806965220578
0.5620449253884885
0.5428764902803881
0.5787011423660934
0.5725457336552369
0.5654880424379483
0.5622792124083144
0.5684470040516248
0.5673847471968992
0.5746321472193021
0.5760109652653662
0.5767315697309311
0.5775983069752556
0.5797691579062666
0.5746769423143762
0.5775219575843
0.5767039118183421
0.57116565063672
0.571703450116899
0.537231239467033
0.5683862010832513
0.5673191689345237
0.567779985021514
0.5687370199409657
0.5661928198093958
0.5708223717953486
0.575488029057869
0.5801869725628452
0.5840526090474359
0.5821140120868267
0.575645405972081
0.5744822668090447
0.5757875626581828
0.5729739539210797
0.5764852856387745
0.5756511157600803
0.5757940060428468
0.569087294423302
0.5671702413549123
0.5656934447735912
0.568321575200383
0.574939710769524
0.5754786117666597
0.5614843968043245
0.5112404640007238
0.4585670038718695
0.4121425461306019
0.354104182473444
0.3093986430650402
0.2539564460828463