41.0
44.0
50.0
38.0
69.0
53.0
69.0
66.0
79.0
72.0
76.0
81.0
83.0
86.0
102.0
96.0
89.0
97.0
127.0
108.0
111.0
141.0
120.0
135.0
130.0
143.0
127.0
155.0
137.0
163.0
165.0
148.0
161.0
160.0
172.0
181.0
173.0
185.0
169.0
187.0
200.0
205.0
192.0
203.0
207.0
219.0
215.0
226.0
198.0
246.0
243.0
232.0
259.0
250.0
258.0
235.0
277.0
256.0
293.0
259.0
295.0
256.0
285.0
286.0
285.0
294.0
286.0
305.0
297.0
313.0
335.0
294.0
329.0
313.0
312.0
320.0
327.0
345.0
333.0
363.0
343.0
331.0
371.0
400.0
354.0
360.0
375.0
365.0
357.0
394.0
367.0
414.0
373.0
411.0
391.0
420.0
406.0
396.0
415.0
419.0
413.0
443.0
448.0
411.0
434.0
444.0
423.0
461.0
429.0
423.0
466.0
501.0
456.0
473.0
478.0
476.0
492.0
480.0
454.0
519.0
513.0
472.0
525.0
532.0
472.0
515.0
478.0
540.0
504.0
525.0
513.0
550.0
546.0
537.0
532.0
584.0
550.0
571.0
573.0
581.0
544.0
578.0
636.0
550.0
613.0
594.0
556.0
598.0
598.0
553.0
610.0
574.0
603.0
624.0
589.0
634.0
616.0
610.0
643.0
647.0
598.0
637.0
641.0
663.0
649.0
586.0
683.0
635.0
675.0
676.0
562.0
744.0
650.0
609.0
711.0
591.0
688.0
662.0
693.0
670.0
670.0
652.0
650.0
716.0
723.0
703.0
718.0
651.0
690.0
688.0
651.0
673.0
739.0
640.0
728.0
666.0
645.0
702.0
641.0
663.0
716.0
631.0
601.0
705.0
678.0
682.0
635.0
660.0
628.0
714.0
687.0
522.0
774.0
673.0
628.0
607.0
657.0
669.0
520.0
765.0
635.0
637.0
651.0
638.0
597.0
643.0
671.0
594.0
640.0
693.0
598.0
652.0
622.0
691.0
634.0
743.0
615.0
633.0
668.0
540.0
777.0
544.0
690.0
654.0
592.0
656.0
610.0
714.0
623.0
600.0
602.0
699.0
578.0
612.0
657.0
661.0
592.0
644.0
672.0
595.0
561.0
692.0
592.0
669.0
598.0
697.0
627.0
647.0
640.0
610.0
572.0
760.0
611.0
626.0
700.0
697.0
659.0
676.0
673.0
711.0
729.0
732.0
629.0
856.0
626.0
851.0
725.0
872.0
690.0
692.0
775.0
768.0