0.0063095701662827
0.0061205581194737
0.0062507091795733
0.0060752940991548
0.0061554390983175
0.0060823827830013
0.0062648792447224
0.0061012858804922
0.0061861304521083
0.0061055000724559
0.0062141366743822
0.0061507143062492
0.0063647376601103
0.0061857451779604
0.0063236637600279
0.0061413104691198
0.006305991518931
0.0059855493143032
0.0060128624107062
0.0057724354938721
0.0057895283436112
0.0055615103489279
0.0056348066857549
0.0054365586394758
0.0055909398778517
0.0054194800452272
0.0054794932486826
0.0053070714285713
0.0054596635221271
0.0052980418908389
0.0054995887402676
0.0054335372777334
0.0056326314147449
0.0055511978333334
0.0056404001500952
0.0054735169332252
0.0056334172852597
0.0055192978927203
0.005587314516715
0.0055944916007092
0.0057668999999999
0.0056623130965736
0.0055889765126741
0.0054310189811279
0.0055884125198635
0.0055067795107033
0.0056302317205271
0.0055419907939741
0.0055912598648938
0.0056082867734553
0.0056038445548365
0.0055212061617077
0.0055537125733368
0.0055685952099939
0.0057086454740785
0.0055100439497925
0.0055804447478374
0.0053926036587594
0.0054182982673493
0.0053702113772346