0.0010644262205959
0.0010740015873869
0.0010547517231318
0.001051671039062
0.0010410150201046
0.0010377173184567
0.0010291979776388
0.0010304819095385
0.0010259351951827
0.001027705894102
0.0010189745889107
0.0010275536014961
0.0010280410415233
0.0010483103804533
0.0010545972847339
0.0010676866589136
0.0010599898263529
0.0010834760891699
0.0010957665243847
0.00110737493886
0.0011032150357691
0.0011365465317608
0.0011294284062406
0.001138381246872
0.0011337805344192
0.0011206333272061
0.0011165121605141
0.0011166671851829
0.0010948474576265
0.001096369888747
0.0010822633774584
0.0010819164279846
0.0010640042044862
0.001063080700794
0.0010493778135921
0.001050318503815
0.0010472290012376
0.0010517335432789
0.0010556379385567
0.0010601034445816
0.0010521547744928
0.0010508642846718
0.0010434663520866
0.001054103054064
0.0010441275231888
0.0010611403643967
0.001059229546653
0.0010780113553958
0.0010741118164697
0.0010827677398397
0.001079725834436
0.0010806440504287
0.0011045631305238
0.0011140480331182
0.00110863002364
0.001119664813329
0.0011150966677659
0.0011079192260158
0.001103696941115
0.0010995592557919