0.0052053759801898
0.0052175425786719
0.0051121491706617
0.0051917090954379
0.0052871373213283
0.0055036068699564
0.0055546194766658
0.0055713758572654
0.0054858929725061
0.0056679119738751
0.0055820053722319
0.0058715589467274
0.0057969291518912
0.005926969866316
0.0058219949200273
0.0059250791582076
0.0057520924708804
0.0059158442027005
0.0058153940016886
0.0060527199978463
0.0059199387618132
0.0061385170124482
0.0059347613599742
0.006035315144786
0.0059003218351528
0.0059841859679245
0.0058391939280136
0.0059031891926723
0.0056763459996735
0.005767821659757
0.0056040105044335
0.0057238223363332
0.0055975478946247
0.0057739852664575
0.0056670250273622
0.0056910407447281
0.0055500873533246
0.0056168666302268
0.0055649359179516
0.0056376277593869
0.0055705616458351
0.0056428824607936
0.005491090379797
0.0055979666605268
0.0054376380092127
0.0055426941148768
0.0055288450582339
0.0056036250854408
0.005412344912394
0.0053815890617784
0.0053247153252959
0.0053064801978398
0.0053088862432903
0.0054193805749
0.0052861749568348
0.0052431997528905
0.0051629374735174
0.0052941777698419
0.0052899654267661
0.0054548504711701