0.00133305742651
0.006447133088153
0.0062805105498953
0.0063003520981489
0.0062874332453636
0.0062943642609199
0.0062798810296346
0.0063945663553811
0.0063762767164014
0.0062987162736828
0.0063621567400414
0.0062630648851536
0.0013528693895144
0.0013602962769723
0.0013386862280252
0.0013382501745652
0.0013192165108751
0.0013211878344179
0.0013185072104591
0.0013256289639819
0.0013364478851119
0.0013243561089012
0.0013236513743254
0.0013181002729004
0.0013171788614978
0.0013234745669711
0.0013279173080135
0.0018553063959612
0.0018700816669405
0.0018637491275266
0.0018590154023874
0.0018478935155694
0.0018511660998456
0.0018606834641912
0.0018605561023982
0.0018501772287277
0.0018414993747542
0.0018433906461252
0.0013387145313365
0.0013345455516916
0.0013376164980403
0.0013398440603895
0.0013451769481092
0.0013494029690736
0.0013458810004324
0.0013483590405703
0.0013582542542357
0.0013660933530444
0.0013563897106109
0.0013556531085199
0.001350456567329
0.0013563571665438
0.001356125141109
0.001349173639666
0.0017876673402738
0.0018000041922552
0.0018008545239284
0.0017833064781203
0.0017776270846506
0.0017800094032027