0.0238998992858459
0.0234858043689496
0.0221401589765934
0.0184101744587955
0.0148628088994254
0.0107304247025558
0.0085229047584377
0.0051709336989487
0.001106787072243
0.001120116817268
0.0011009551996537
0.0010966189705404
0.0011094541674987
0.0011078450782898
0.0011122844381762
0.001103670733241
0.0011179251403271
0.0025743206936249
0.0044052551865315
0.0081967184917359
0.012113996984689
0.0146280748901079
0.0208241982531316
0.0252797087186868
0.0254438380815925
0.0258442729934896
0.0255420261892918
0.0250237915569662
0.0241012166906626
0.0215754721047657
0.0180481242707108
0.014205002433401
0.0117600464920161
0.0056210889418261
0.0013994905746372
0.001174839711809
0.0011589004480027
0.001158088519081
0.001170401375076
0.0011523714254964
0.0011642014025503
0.0011652558869426
0.0011812736873197
0.0016225588051598
0.003732281763212
0.0082579360880443
0.0141881194693484
0.0165347035625482
0.0200558883182421
0.0239003333580225
0.0261082372947688
0.0256819323104527
0.0253176141319043
0.0251195569448173
0.025294263874865
0.0231431746185833
0.0182191182467056
0.0124780456405752
0.0101416822640677
0.0062373200441768