0.0059083166606302
0.0059003899960214
0.0056483036189365
0.0050103142216354
0.0034358695707831
0.0030448715602874
0.0023741964626725
0.0017824603413017
0.001123700676346
0.0011874158769728
0.0011397564159568
0.0011599839509086
0.0011643625933782
0.0011762300040083
0.0011823442650457
0.0011884576978907
0.0011893751983175
0.0012859350922121
0.0018142684308989
0.0024049209927725
0.0030924958805924
0.004547845138299
0.0050912701935388
0.0058188736513852
0.0059823154766286
0.005976090413009
0.0060560447458886
0.0059246676821024
0.0059444167127021
0.0053159135062966
0.004718688789318
0.0040228290478249
0.0026139383941975
0.0020719341696682
0.0012184664904284
0.00119591050248
0.001146475884529
0.0011589332990276
0.0011421479645046
0.0011511456702042
0.0011537278529297
0.0011570713408485
0.0011379423618554
0.0012403000235426
0.0016339550681902
0.0023692646055592
0.0030859887784141
0.0034306373732495
0.0040365435518509
0.0057650556902029
0.0058935910398533
0.0057703751551913
0.0059096801338184
0.005976678416616
0.0057916453786089
0.0054521086250251
0.0047159950423618
0.0038898172386273
0.0035866954142223
0.0029691878763621