0.0010521180662591
0.0010522192730837
0.0010534336758864
0.0010447464417502
0.00104234397393
0.0010407161727629
0.0010391646735969
0.0010303482125222
0.0010244598510085
0.0010237243410509
0.0017924501089165
0.0071761281298159
0.0117463506090236
0.0155171932298748
0.0211648653953488
0.0278064933043336
0.0331467988139689
0.0385985448217599
0.0441824985307636
0.0487599613666851
0.0555840629523467
0.0603406093023255
0.0599632650031989
0.0599611453016031
0.0599417396351279
0.0593967337189412
0.0589092340785657
0.056941875146649
0.0568767107829928
0.0566560961363224
0.0569117750204173
0.0510942275494815
0.0457338525179203
0.0407749854380391
0.0358865899121201
0.0329405399902529
0.028784581063056
0.0245426048175573
0.0215595929236435
0.015677126717033
0.010626500018189
0.0075013704901234
0.0052937438745275
0.005414165368473
0.0052105622561065
0.0050255665705533
0.0036618143831258
0.0023984594077432
0.0026480956507493
0.0019659349814492
0.0019676374680423
0.0019895095992101
0.0020044751426841
0.0021891805407552
0.0020272730393833
0.0020447318299865
0.0020201520854066
0.0020256356559398
0.0020128090586145
0.0015863715350439