0.00200970031517
0.0020181637002936
0.0020068947225294
0.002015461480606
0.0019944519926715
0.0020325039572469
0.001999961061072
0.0020108895778028
0.0019832562265874
0.0019815526774905
0.0019757576097172
0.0019854721244777
0.0019615266439498
0.0019639821185895
0.0019441124051461
0.0019661703939585
0.0019467150454283
0.0019573608677067
0.0019509944517447
0.0019643325149777
0.0019667326833117
0.0019755341113271
0.0019552680997109
0.0019969957955299
0.0019718921988388
0.0020352724856909
0.0019942185577828
0.0019989800625068
0.0019682603626473
0.0020164907235965
0.001993949085562
0.0019931355582438
0.0019919151522726
0.0020342451855245
0.002000208037825
0.0020173397211586
0.0019673421161341
0.0020130545504386
0.0019971046827931
0.0020413651724645
0.002015402505674
0.0020202980428002
0.0020004415975611
0.0020300499342725
0.0019931496307881
0.0020145185812637
0.0019947667652148
0.0020143044441596
0.0019788017474214
0.0020084832697388
0.0019757745067901
0.0019766161577677
0.0019796486007922
0.0019969537568045
0.0019407588007321
0.001971516989201
0.0019545087414188
0.001993921054571
0.0019703956340844
0.0019940735026733