0.0055772229413686
0.0056587525402703
0.0056920763754632
0.0054972296981234
0.0053461224784901
0.0052489634312175
0.0052625006409083
0.0053648356940514
0.0051742883998167
0.0053011962380985
0.0051871171113035
0.0060762545672685
0.0066161345200748
0.0075204816951813
0.0085200381950808
0.0093353671122452
0.0096621052075941
0.0096814316097878
0.0098350972910959
0.0100182610577623
0.0100223962585351
0.009996416914638
0.0091359072591671
0.0085475189167734
0.0077206277146183
0.0070050918824252
0.0062227736258961
0.0060482232166831
0.0061085760168176
0.0059129738584747
0.0059186240469964
0.0059227597112789
0.0058425974373158
0.0058807075061069
0.0059377018554061
0.0059167036652267
0.0057549055598831
0.0068012716680773
0.0072084380978556
0.0076536223359833
0.0085747214327845
0.0092109617038887
0.0093740137206991
0.0094457642829628
0.0095026096804216
0.0093421338093208
0.00936799679683
0.0093917999591832
0.0084299149894696
0.007948459314556
0.0074879510993107
0.0066868996108385
0.0059799201652261
0.0058906052574015
0.0059909765340333
0.0059006698188245
0.0059352695114894
0.005893137647166
0.0058999594073437
0.0057601474947331