0.0052477106355682
0.0051280054836309
0.0052300077181692
0.005103671367316
0.0051563657287118
0.0050724845375961
0.0050568067735273
0.004969740638817
0.0051564651103226
0.005009846218827
0.0052635712330517
0.0055185000277917
0.0059158185537152
0.00614089752138
0.0064699157562077
0.006528030877573
0.0065867675550107
0.0065319810780552
0.0066498776829113
0.006427905200453
0.0067688950586204
0.0067295779224382
0.0065003329589417
0.0061365551461738
0.005935780780835
0.0056656780754865
0.0056108016678622
0.0054827109600926
0.0057396542943848
0.0056011845192999
0.0058432762339969
0.0056362460150815
0.0056481620544808
0.0055828124762405
0.0056849168594564
0.0056744524738992
0.0058042109834018
0.0059668778445807
0.006248303977479
0.006152293646354
0.0064084557632964
0.0064391042353357
0.006523221175794
0.0064542657561325
0.0066015765397719
0.0064848978065076
0.0066049695653756
0.0064915323687995
0.0063918245617212
0.006045719673505
0.0059421714886802
0.0056672494370688
0.0056468266843726
0.0055455546860443
0.0056475241353098
0.0054822318715756
0.0056268936197371
0.0054613478923861
0.0055667023381131
0.00549152625988