0.0010103442681238
0.0010016075304786
0.0010036520531423
0.0009948666237824
0.0009831709535182
0.0009717749697834
0.0009734124358974
0.0009763271762053
0.0009777848029642
0.0009805554623883
0.0009848206502845
0.0009777047794849
0.0009888501177697
0.0009905590241197
0.0010002739819451
0.0010034589932682
0.0010117579114782
0.0010096631340578
0.0010119776640382
0.0010054468237356
0.0010143539525692
0.001009243843108
0.0010126347852357
0.0010130327402903
0.0010183179383471
0.0010147941632858
0.0010159332782672
0.0010089268033051
0.0010164945687737
0.0010023774302774
0.001011846645484
0.0009974592253811
0.0010037456394554
0.0009999870960605
0.0009894995579133
0.0009791675450862
0.0009717545274528
0.0009627041758082
0.0009575790495363
0.0009510078436211
0.0009586722024156
0.0009500996250571
0.0009552642785665
0.0009533295389659
0.0009535461291075
0.0009578319023368
0.0009565576383575
0.0009595306835552
0.0009599756402019
0.0009643158012034
0.0009726584665542
0.0009697755469424
0.0009739126655778
0.0009697505604052
0.0009787617374241
0.0009841216829192
0.0009838955364944
0.0009881251301195
0.0009910888680335
0.0010006361320823