0.0064274122522041
0.0069989953610326
0.0072519391327812
0.0075727721623708
0.0071795502308911
0.0076955025857797
0.0076898309762021
0.0079525850179561
0.0084299306287199
0.0081119238800787
0.008619333951104
0.0100193882689075
0.010880859561955
0.0110803080969935
0.0127279569402229
0.0138324013919721
0.0151110302493777
0.0154806697170198
0.0169887565266742
0.0183759401920812
0.0181166400983333
0.0203284581706482
0.0203616186480818
0.0206375102073492
0.0195212244275844
0.0207953611305339
0.02166447876732
0.0231836203342289
0.0234193051924546
0.0239550053814725
0.02558279368689
0.025207548111558
0.0287493897123222
0.0280405606354089
0.0311561288196176
0.0327397876917976
0.0332208903546712
0.0340750719918595
0.0346840836713811
0.0337384065743358
0.0363349078395289
0.0363126567257914
0.032951149495
0.0379279178567194
0.0349358548599677
0.0377604129844566
0.0382554960001343
0.039094606833814
0.0394816030258967
0.0403229942691965
0.0404115428159398
0.0395328209768862
0.0401068904965054
0.0378946704058507
0.0406369846086987
0.0412539580654124
0.0412686662095697
0.0417051920507813
0.0419138883045773
0.0414141967216101