0.001132969391369
0.0011435062350165
0.0011869886884018
0.001210637975456
0.0011528388112156
0.0012234819173468
0.0012165041105064
0.0012221133794374
0.0012251264650924
0.0012304941523143
0.0012353682008368
0.0012511929856841
0.0011382651994532
0.0012080912352825
0.0011781167973511
0.0011174231972505
0.0011737588332718
0.0011852243215256
0.0011220830264522
0.0011827806648412
0.0011849692001688
0.001182484886218
0.0011647702906684
0.0010835790080849
0.0011456920058218
0.0011341072698793
0.0010924900157511
0.0010824449509531
0.0010078982009846
0.0010378856575373
0.0010162865320112
0.0009941139458836
0.0009786134072305
0.0009642766926722
0.0009515777912353
0.0009350798026237
0.0009359490091698
0.0009335583456695
0.0009360571584598
0.000931717229084
0.000931717229084
0.0009333208246093
0.0009253111236108
0.0008693986785049
0.0009260889680362
0.0009248900011797
0.0008792390480077
0.0009211517158558
0.0009326823629851
0.0009310448857454
0.0009329669416991
0.0008815388384724
0.0009384352964816
0.0009477447623821
0.0009373638023083
0.0009408676526769
0.0009549492706172
0.0009467306535841
0.0009494051554308
0.0009465369986298