0.0058560968387673
0.0059403751496463
0.0056765193773133
0.005726195124147
0.0057750517450291
0.0053273394938031
0.0056480639494027
0.0057186074106035
0.0056361100656269
0.005118764475
0.0057573152505078
0.005788763103115
0.0056080023614895
0.0055484677057288
0.0053523859118042
0.005336180653896
0.0051351574892649
0.0047008170954378
0.0050092151433889
0.0050117839376519
0.0044030199320523
0.0046756625905951
0.0044663581829924
0.0044790005332819
0.0046940563179372
0.0048257217847768
0.0045820659631676
0.0048245407113462
0.0047571776051343
0.0047305273275914
0.0044371097289022
0.0044706961628882
0.0045572344737652
0.0044568492097813
0.0041792940376145
0.0044870070457062
0.0043568768401186
0.0043810145784415
0.0044287487540556
0.004492957864035
0.0041003752070331
0.0043448343954442
0.0041015437406877
0.0044039015584891
0.0043415199641504
0.0044499860632831
0.0044437436791185
0.0045068964848484
0.004454154990606
0.0044394603253916
0.0045098361196611
0.0044472637218234
0.0044226628395356
0.0043465046906544
0.0043173588826177
0.0042774341885532
0.0039721032020541
0.0042096440621531
0.0038435469309644
0.0041008143244332