0.0010999437761221
0.001102044372885
0.0010806383884161
0.0010128089598429
0.0010840632623338
0.0010779516475124
0.0010740945044526
0.0010855222792834
0.0010664009395272
0.0010729800318909
0.0010742431747869
0.0010672728651599
0.0010623655017692
0.0010642721159517
0.0010693823154157
0.0010429897795523
0.0009985848476557
0.0010580370907374
0.0009901589033562
0.0010656840895581
0.0010669601511507
0.0010772205179148
0.0010672205917863
0.0010856160856329
0.0010630161697574
0.0010791989758007
0.0010503765165225
0.0009749362437319
0.0010353588446716
0.0009447979478978
0.0009833704430304
0.000966393010204
0.0009534908150918
0.0008568569919984
0.0009139058781593
0.0009150641094782
0.0009128296428643
0.0009185705915028
0.0009148087889769
0.0008482400376372
0.0009016919250969
0.0009010644828475
0.0009016533111731
0.0008537535597588
0.0009003738250581
0.000889507890448
0.0008862137244006
0.00083172716
0.0009027808057517
0.0009018593274922
0.0008986511255644
0.0009043997283007
0.0009021563608845
0.0009027477260163
0.0008967502965923
0.0008988789374799
0.0009013465401685
0.0008906939973901
0.0008941499170756
0.0008754109670468