0.0023037439479949
0.0023335935080305
0.0023192532354028
0.0020712365116666
0.0023679266510759
0.0023712211101156
0.0023604982233131
0.0023828844303672
0.0023682082724533
0.0023652248568269
0.0023422263302702
0.002364349137931
0.0023381278100899
0.0023588117353651
0.2521456870316285
0.6616433966712141
0.6532847837643678
0.7153948472692215
0.6542892235833782
0.6656176744935123
0.6893613291674763
0.6589124303132415
0.6550759162448891
0.6896307166852529
0.6563106615473461
0.3927869031407863
0.0020174908666531
0.0020938404196167
0.0020809704419081
0.002066213423502
0.0020459894820116
0.0020329744236246
0.0020205679627601
0.002007880898145
0.0019962206040697
0.0020108263064839
0.0020061225019179
0.0019990633934988
0.0020543049804703
0.00206040703238
0.0020497116899618
0.0825931657084188
0.0850553010713508
0.0817279350233692
0.0898322482417685
0.0866401958097293
0.0865744378617392
0.0947677374398611
0.0871414139896841
0.0816314027516561
0.0879557760216665
0.0821446361713739
0.0017593187887318
0.0018545374329425
0.0018440581674326
0.0017595079131218
0.0018557259608832
0.0018524657213478
0.0018414352764994
0.0018343140170449