0.0056918610120131
0.0058514967984103
0.0057278855680483
0.0055844668897253
0.0052231737193837
0.0055299298187138
0.0054914082261601
0.0053188113397731
0.0048572559634961
0.0050168925133689
0.0049697790525604
0.0049864653066433
0.004579822842908
0.0043133833302732
0.0045838274860742
0.0045423677225596
0.0041392660395039
0.0043998572973947
0.0044478400129689
0.0040905224571185
0.0043317240073169
0.0045796623275939
0.0046105249299213
0.0049239194430721
0.0050384167032243
0.0050384167032243
0.0052044700404784
0.0048700054962356
0.0050281404745528
0.0047690364049221
0.0050534498361008
0.0047070560250574
0.0048376754796824
0.0048448041482239
0.004596014708633
0.0044170727574738
0.0042433684166906
0.0044803513434095
0.0043737849168086
0.004482608509378
0.0040398659878675
0.0042974705623012
0.0041624650026766
0.0042023538467218
0.0040562943336544
0.0040800823706427
0.0039925749122631
0.0041367003208862
0.0040448880602431
0.004074687272595
0.0040759838008457
0.004074185028018
0.0040068555975808
0.0040820413459463
0.004030650130807
0.0040508440243759
0.0040081514486471
0.0036754851517781
0.0039921446252307
0.0040362964468671