0.0062619584656327
0.0059991308370991
0.0058833766388358
0.0053373072698607
0.0053841289604609
0.0052977655938374
0.0052674289821736
0.0051959979004299
0.0051306436221827
0.0045347750420921
0.0048632327141098
0.0046334240970547
0.0048821382874182
0.0048322731782213
0.0047038325199725
0.0048286422220426
0.0048944853626565
0.0047772603830699
0.0049158119814204
0.0047288175790226
0.0050051391794492
0.0049163968574311
0.0050541752926114
0.0049770708991825
0.0052706051946526
0.0054997204471101
0.0055004339828149
0.0053627925632825
0.0053849659564227
0.0051940391159824
0.0051471915879393
0.0048488337177637
0.0051824005886199
0.0049447053797575
0.0049575335259904
0.0047346269326137
0.0046922076094913
0.0043562523181039
0.0045420808103143
0.0042543108810189
0.0045296233316856
0.0044773668688135
0.0045431027780621
0.0044485906846762
0.0044701289678216
0.0041900329363466
0.0044045495395277
0.0043630665479511
0.0043922310649227
0.00436561666974
0.0043460370377821
0.0042557645823907
0.0042276161846365
0.0040519889947771
0.0035821886466666
0.0040486591383668
0.0040957235281431
0.0040113124943108
0.0040895817120622
0.004071487649086