0.0011143856708036
0.001167232858496
0.0011080107125988
0.0011690343032272
0.0011905527747182
0.0011344322343423
0.0012013882714932
0.0011983332263567
0.00112728807704
0.0011963153230361
0.0012091638502842
0.0011565589073858
0.0012260478727272
0.0012295637561049
0.0011642300184835
0.0012247805072119
0.0010894942849999
0.0012200410296974
0.001224205516587
0.001232563529477
0.0011678081899272
0.0012326962838923
0.0011769308029145
0.0013546004396163
0.0020118684701999
0.0063079396821356
0.0078633928778228
0.0082282053937857
0.0085979251065224
0.0091590199077255
0.0091106825213891
0.009281392662826
0.0079836386742373
0.0080966611072836
0.008126150582385
0.0072799143789303
0.0051017528366295
0.0018586526177148
0.0010934494078268
0.001161281502341
0.0011114319820515
0.0011555923684499
0.0011796982375256
0.0011778167002809
0.0011847822447886
0.0011946485542869
0.0011999161688642
0.001203269526448
0.001203269526448
0.00119853959499
0.0012049272898221
0.0012232638985233
0.0012134411799509
0.0011437613735079
0.0012045549556497
0.0011964999094563
0.0012099795459082
0.0012188588568825
0.0011706499504402
0.0012081070749107