0.0060607234297147
0.0059403003260809
0.0057830787519047
0.0060614213386146
0.005785947054102
0.006039473223988
0.0059303278613861
0.0059369029558299
0.0058117431278302
0.0059169172848731
0.0056320238240952
0.0059309670280954
0.0060023675515468
0.0058948732236128
0.0059648076592947
0.0055741997221432
0.005983136462548
0.0058733850884075
0.0058733850884075
0.0060796169052863
0.0059319146871194
0.0060185463344167
0.0059341808636849
0.0060484441010068
0.0060348092886041
0.006016353939496
0.006085594069081
0.0059828288062622
0.0059002121725946
0.0059109425603482
0.0058919877412812
0.0060178663245577
0.0059493028877707
0.0059819878062097
0.00579964619089
0.0059217845572255
0.0058175197263037
0.0054142877252023
0.0056988349952676
0.0057784073747413
0.0053319059604566
0.005641644303613
0.005488572543559
0.0054854577926225
0.005443856970141
0.0055851312923059
0.0055270654925006
0.0056541303969121
0.00527773558436
0.0058505519779541
0.0058520899417823
0.0057682570453706
0.0054778777418366
0.0059882462304254
0.0059819922015596
0.0060264479070524
0.0059370145650845
0.0058371946632482
0.0058068066617862
0.0056894157928568