0.0054947787499159
0.0055823862763828
0.0055570628917146
0.0057135266837951
0.0051633278933577
0.0051650571067922
0.0055039397196176
0.0054958992932541
0.0053993602301486
0.0051253485159404
0.0051074927581826
0.0056299109151718
0.0056899619471437
0.005718704967955
0.0057633201513377
0.0059268681765919
0.0056654835075984
0.0058215618799666
0.00572480456556
0.0054892327686422
0.005851463865912
0.0057454723259824
0.0059830307814399
0.0060586234061658
0.0058879047645266
0.0057905181922119
0.0058212484093997
0.0061316219197029
0.0059904011621012
0.0061620914436413
0.0061058240067488
0.005960246711313
0.0057538887608168
0.0058681361228716
0.0051667525983333
0.005805470316088
0.0059640179998402
0.0058038430796297
0.005694996767436
0.0057049356961624
0.0057035398451885
0.005939154868071
0.0060007178650036
0.006104661528655
0.0058404555698773
0.0058862403362351
0.0057185733255758
0.0058010360881083
0.0059086995952937
0.0060723880406475
0.0060204401208724
0.0060268006407455
0.0057553615984791
0.0056523187642401
0.0059558600753852
0.0061157680735691
0.0060261950101054
0.0058247543259876
0.0060945569432108
0.0059965086286991