0.0067235668454974
0.0063862359351386
0.0063781439184285
0.006677313953292
0.0066907916800837
0.0067227153090091
0.0067165520256188
0.00604531235
0.0067587203828465
0.006742429226226
0.0060418733833333
0.0067245887872548
0.006742933966965
0.0063946698401205
0.0067324326903484
0.0067126220164006
0.0066828439344262
0.0066671862987438
0.006651526322564
0.0066660272902505
0.0066719533097281
0.0066459957627899
0.0066459957627899
0.0062973008783182
0.0066504368812788
0.006664316001551
0.0067183438546412
0.0067544577778669
0.0067924250815512
0.0067845409154711
0.0067535199368409
0.0067292304047676
0.0067317949358059
0.0060154750699999
0.006733956046167
0.006728115435134
0.006707489487274
0.0066616121727517
0.0062647298086818
0.0066437746611285
0.006256542247935
0.0066559743715922
0.0066623111145892
0.006678648225838
0.0066947843246358
0.0066964628909896
0.0066979071404342
0.00599052333
0.0067037876057676
0.0067054082654446
0.0066961723540145
0.0063802264339559
0.0067035831774441
0.0067172853277977
0.0063248691004333
0.0067060681892929
0.0067020756478787
0.0067010193426384
0.0067226555929968
0.0067226555929968