0.0059051987318538
0.0057372184389829
0.0054206847971225
0.0058447746842761
0.0059579978579503
0.0056158163410549
0.0058812309361834
0.006150756765877
0.0060210084768478
0.0055608604879873
0.0058505421021639
0.0058311058681903
0.0057920203496755
0.0054386859310141
0.0057248192117064
0.0057496682222595
0.0058514148887025
0.005754863404689
0.0053782196741558
0.0057814789357855
0.0060651061571125
0.0054171013233333
0.0059981872341198
0.0062130033220632
0.005867387739518
0.006199563074466
0.006126802580819
0.0060836272760115
0.0063504974195313
0.0055820262116666
0.0060391920021812
0.0060757786613762
0.0057406969698376
0.0060693154770963
0.0059693548365017
0.0056733133741512
0.0057382016305937
0.0056328724108301
0.0053568699551673
0.005533468075912
0.0054790255215822
0.0054706212529141
0.0056633304014396
0.0055904216193176
0.0052794798277504
0.0055684456611793
0.0057824456133277
0.0057824456133277
0.0057389561360359
0.0051552690199999
0.0057117307566803
0.005654639425227
0.0056504576517029
0.0056561028275897
0.0057710266309429
0.0057369062927772
0.0057298198075773
0.0057636425465838
0.0055621144723161
0.0058945704155643