0.0009753450157842
0.0010346968163687
0.0010465326225227
0.001046569340564
0.0010420489994961
0.0010387937933577
0.001038312176663
0.0010418868920813
0.0010318606791728
0.0009753702155513
0.0010373501080188
0.0009176438516667
0.0010485727027482
0.0010469503431489
0.0009927923133355
0.0010497178481033
0.0010516906287508
0.0010601585509385
0.0010650891884506
0.001063336106291
0.0009542043683333
0.0010813691668034
0.0010687074557747
0.0010773239573555
0.0010706189036828
0.0010069738541586
0.0010838953372022
0.0010862093708058
0.0010929454845166
0.0010867263132849
0.0011051718103346
0.0011015072586432
0.0011015072586432
0.001107285551948
0.0011150392769692
0.0011294633754844
0.0011138556506167
0.0011190290182607
0.0011187935000813
0.0011259309195027
0.0011170728600759
0.0010353921225874
0.0011036033914532
0.000978213005
0.0011003213488082
0.0010923213426219
0.001081529382002
0.0010815383210444
0.0010745985111913
0.001071054129536
0.0010573841330027
0.0010444685950552
0.0009693780422987
0.0010347516791076
0.0010295585393629
0.0010304490473781
0.0010394500059064
0.0010397002743358
0.0010391833160565
0.001035905915782