0.0241455409761508
0.0223808484368815
0.020541073240811
0.0133215774130102
0.0122277478010769
0.0081734738156905
0.0049392724440477
0.0012204338482884
0.0011833158393122
0.0011811431023129
0.0011281521759473
0.001176945809395
0.0011868655600954
0.0011826326392416
0.0011829375528853
0.0011746104708957
0.0011144542082123
0.0058537879968163
0.0063640262761008
0.014804030929531
0.0154671546016557
0.0199534366418558
0.0233832087699794
0.0230559846576721
0.025282473849807
0.0230777615084572
0.0253337746735619
0.0238510164320655
0.0218428810823598
0.0130218198783362
0.0127145569464606
0.0043540228966666
0.0042456731441234
0.0011872068028371
0.0012184936621385
0.0012159294321725
0.0012152593788694
0.0011529400431756
0.0012094893375178
0.0011972557100716
0.0011933125892563
0.0011972921528075
0.0011562541455296
0.0027670133861991
0.0066508393382369
0.0118339706526501
0.0153202343872296
0.019620453685824
0.0255640068892527
0.0219905827209634
0.0234529311919094
0.0237093950692297
0.0219271440703824
0.0224461898382839
0.0218805749682798
0.0170099661651598
0.0124397827128125
0.0094179736866114
0.0066571887667001
0.0013089918892694