0.0068607014812684
0.006698169441185
0.0062145242275927
0.0063374663530713
0.0060100401937177
0.0059279469219451
0.0057489547695733
0.0054457729862484
0.005701278108025
0.0053500369887141
0.0055430091609713
0.0054655097827676
0.005505659149012
0.005359004211793
0.0054215170701531
0.0053307472269451
0.0053782508715253
0.0056334915590312
0.0059084460906879
0.0060927276144449
0.0063742875611201
0.0063885803496526
0.006738074345779
0.0065456695348708
0.006524385336987
0.006730968425701
0.0067567478480918
0.00665805108585
0.0063238982752543
0.0064021144266917
0.0062097316842659
0.0058974633092493
0.0058271608627185
0.0056853977056833
0.0057750138070985
0.0056874728718854
0.0056936144760261
0.0055628711175881
0.0052618077350797
0.0050795511362953
0.005483331149253
0.0054754627731368
0.0053627941421763
0.005539894733961
0.0056157327131003
0.0054293016022813
0.0059377956344205
0.0060579741873107
0.0061970230359447
0.0062298780438498
0.0062298780438498
0.0062081880055237
0.0062860755051612
0.006168842257466
0.0059066107581149
0.0056856353438228
0.0055934525738927
0.0053140549193596
0.0052251122691136
0.0051816365513173