0.0014450271445663
0.0015209768953864
0.002011851212712
0.0022733295947971
0.0023118022454555
0.0019765697787788
0.0022590362415327
0.0019890867433209
0.0020631260415247
0.0021175012995451
0.0012320777967291
0.0038477944586329
0.0048781555498373
0.0048781555498373
0.0063371022416067
0.0063915213469736
0.0065813613821765
0.0070928594598918
0.0064372201899463
0.006546697769994
0.006905970417366
0.0067676377456031
0.0053838822203489
0.0026599557324778
0.0015971409354832
0.0027905389809361
0.0046810246631527
0.0050000792576373
0.0047016866293362
0.0048526824390167
0.0050897340774057
0.0050342800199999
0.0046481588844998
0.0050232324740101
0.0047024546313971
0.0037327910001467
0.0027624368373734
0.0018056617176365
0.0012878253127568
0.0013094619504275
0.0015657202829711
0.0013223894562423
0.0014198958583333
0.0013271385432756
0.0014195888849999
0.0014233579478922
0.0013770462978045
0.0012783878210522
0.0015407007767522
0.0021925746008781
0.0020930861650728
0.0029863117831281
0.0030555914828871
0.0032163131195698
0.0032125777853639
0.0032618857028824
0.0031995414088304
0.003100283796854
0.0030828485151366
0.0024305175728093