0.0011880642912611
0.0012100116042456
0.0011951343566249
0.0012149124440101
0.0012127230704911
0.0012191715079611
0.0012170499817116
0.0012303182132961
0.0012159462546677
0.0012312901254891
0.001223031895569
0.0012336663797365
0.001223177017106
0.0012338530402929
0.0012254129087528
0.001231912669642
0.0012273378943367
0.0012326432156317
0.0012303875214236
0.0012312725550343
0.0012217092759137
0.001222017843105
0.0012036554200346
0.0012145108277934
0.0011957317535885
0.0011982753654418
0.0011801373178699
0.0011855420431862
0.001172060270491
0.0011794245879955
0.0011818305060223
0.0011872259481328
0.0011814232652835
0.0011868594685223
0.001176247739146
0.0011930413445622
0.0011831145945552
0.001200311003035
0.0011931575176386
0.0012060077999371
0.001184259758398
0.0011838920193897
0.0011761274229822
0.0011890603087868
0.0011741922237578
0.001181260953537
0.0011630813314406
0.0011698199330593
0.0011655760231259
0.0011741698573815
0.0011666505751323
0.0011861517862103
0.0011843217945513
0.0011901570258394
0.0011744829945234
0.0012000674226841
0.0011879719941191
0.0012057513056137
0.0012078975582116
0.0011381467928269