0.0011615496680285
0.001154946331534
0.0011535258939468
0.0011486191734081
0.0011478730937113
0.0011527045227062
0.0011410513267444
0.001156686144633
0.0011695795023891
0.0011732968868367
0.0011715289635529
0.0011720212237442
0.0011793850903641
0.0011762302000251
0.0011833595902697
0.0011877946877242
0.0011860504706263
0.0011964498260116
0.0011821940702755
0.0011866272487933
0.0011985287153969
0.0011986158921086
0.0012012808687515
0.0011999186568668
0.0016904017009421
0.0016877887731481
0.0016868257120696
0.0016717818782309
0.0016824972602996
0.0016637636854417
0.0016576163463598
0.0016567123557402
0.0016640343356285
0.0016476474427543
0.0016275776082782
0.0011569213023322
0.001158346033817
0.0011339073796282
0.0011418074445372
0.0011402816023368
0.0011370719784449
0.0011293100479171
0.0011373079840974
0.001124145423006
0.0011329888525317
0.0011305961531501
0.001134183068454
0.0011550550088036
0.0011519954206796
0.0011492722443796
0.001165113976248
0.0011538740352409
0.0011641316250429
0.001158464899936
0.0011604861929541
0.0011562279883382
0.0011665747491145
0.0011541437514743
0.0011333599565334
0.0010701865372991