0.0068326449997227
0.0068102796236081
0.0067864006469253
0.0067712019436487
0.0067646258790955
0.0067889825048197
0.0067667857500231
0.0067424479412298
0.0067500283074714
0.0067590811455415
0.0067028511598652
0.0066718711392404
0.0066897441830988
0.006722514311187
0.0067473255332783
0.0067167018688869
0.0067143178941898
0.0067373222792002
0.0067322182411631
0.0067249025550048
0.0067522537671544
0.0067638924235933
0.0067844338237985
0.0067979121959255
0.0067732409943274
0.0068042220118641
0.0068667305128112
0.0068580661183622
0.0068207610718546
0.006844679087259
0.0068534107048706
0.0068582568318069
0.0068673543162157
0.0068729082905091
0.0068470672220995
0.0068902248914298
0.006871515961721
0.0068180889347377
0.0068386331126309
0.0068538543075324
0.0068336423596227
0.0068245808882126
0.0068122974612077
0.006794439328287
0.0067790374506256
0.0067941019255775
0.006778069697669
0.0067520026304252
0.0067705795886047
0.0067341770339326
0.0067551871963314
0.0067640949217678
0.0067769953729542
0.0067541035510395
0.0067857422236869
0.0068002879058412
0.0067984130113086
0.0067907387065794
0.0068001611655399
0.0063890003453865