0.0054805767697545
0.0056279591818602
0.0056998379767379
0.0055507896153985
0.0055533523496743
0.0056336781194794
0.0058379321483964
0.0056856311547479
0.0056441892616956
0.0059200656638704
0.0057753461643313
0.005880864775312
0.0058574064163351
0.0057964384360625
0.005807625654642
0.0060608079779566
0.006117464733499
0.0060016943279628
0.0060418849407158
0.006195860226968
0.0061406099251961
0.0061406531468279
0.0061596662903959
0.0060434114047389
0.0061146370183263
0.0061837897709617
0.006095561484457
0.0060130973027338
0.0061321108542949
0.0062322209895271
0.0061211490162563
0.0060051331210304
0.0059768888888888
0.005783029826564
0.005827140899193
0.0057164508869816
0.0056586505072662
0.0054468953006219
0.005407686600302
0.0053633461068758
0.0053207433835967
0.0053200687503451
0.0052786101737963
0.0052873045609232
0.005434169035903
0.0053951404002044
0.0053291103134938
0.0053485865805856
0.0054215606909597
0.0054197512326711
0.0054990987005507
0.0055202156367544
0.0054541402877037
0.005507754394951
0.0055834469671053
0.0054950882947161
0.0054432373741986
0.0054985891602483
0.0054571801775038
0.0051068204931232