0.0010871622283332
0.0010803764344834
0.0010691594319891
0.0010735471466705
0.0010667294861246
0.0010670813557429
0.0010739975616364
0.0010974363501241
0.0010802876095668
0.001080006732263
0.0010817728760573
0.0010653115413861
0.0010827452406913
0.001086170498291
0.0010850832483426
0.001078451017237
0.0010737706991597
0.0010831636400508
0.001060566783994
0.0010685188875051
0.0010680068889904
0.0010689270343273
0.0010679828947368
0.0010585120186612
0.0010615481623828
0.0010624035921625
0.0010709232647677
0.001071183854317
0.0010586118775697
0.0010591759029151
0.0010673781341479
0.0010681506023005
0.001066719152449
0.0010675879311263
0.0010693356695687
0.0010695558287977
0.0010735523962771
0.0010773483691502
0.001072023504942
0.0010847379323927
0.0010949702091091
0.0010843401313007
0.0010827623468182
0.0010871527698356
0.0010937138068491
0.0010870192811885
0.0010828256943444
0.0010972985392574
0.0010773450247736
0.0010929187306359
0.0011043276936133
0.0010916614726154
0.0010993526247847
0.0011018204703722
0.0010949365988976
0.0011020906293808
0.0011020453644935
0.0011051938989795
0.001087831052583
0.0010373008313314