0.0011602994920186
0.0011615212130127
0.0011581374210249
0.0011601768957691
0.0011593688371922
0.0011573264542733
0.0011738596053693
0.0011664486586837
0.0011602832414412
0.001152981772115
0.0011490347623317
0.0011468976739106
0.0011508894595124
0.0011513654139203
0.0011483603995342
0.0011417368010734
0.0011518435406179
0.0011408174367695
0.0011425985033436
0.0011456693995963
0.0011447577601837
0.0011358699506141
0.0011363473775354
0.0011183164463227
0.0011204875508364
0.0011122573017582
0.0011265798367017
0.0011161893021236
0.0011169199294342
0.0011201303757273
0.001127593237779
0.0011290792038917
0.0011795094432945
0.0011984297895305
0.0012167722678635
0.0011975806228986
0.0012137491049398
0.001190996237666
0.0011962907244364
0.0011885768823299
0.0011780035483576
0.0011661298531097
0.001163261891097
0.0011142374174614
0.0010939220503934
0.0010808756374194
0.0010899166774533
0.0010785666823666
0.0010878084732923
0.001082602141739
0.0010852490346799
0.0010838178373599
0.0010848887172403
0.0010761037630816
0.0010856738640734
0.0010794311844668
0.0010831931624545
0.0010760995609712
0.0010785870256325
0.0010106904553991