0.0014104252012361
0.0018873024079702
0.0022851575393711
0.002944113457467
0.0033433688757675
0.0038331216289397
0.0043774967636065
0.004780068475197
0.0052767886399109
0.005484970579555
0.006778677584368
0.0079500047902212
0.0098939527115679
0.0106607798118298
0.0125739667961199
0.0140194133275497
0.0156315814900626
0.016968691433678
0.0183303702622863
0.0194240377881845
0.0211211299032826
0.0224534222779303
0.0238997500816193
0.0257047065942477
0.0286592931712738
0.0307769864271385
0.0336791656165452
0.0371698518198528
0.0405673975578842
0.0448153588566813
0.049026848176015
0.0520936459991239
0.0547704125496982
0.057550203062848
0.0598933738292112
0.061901510187285
0.0637240158512755
0.0649497315247388
0.0658352784445772
0.0669011330887319
0.0667222391826922
0.0668627998233469
0.0674413311076839
0.0669471466297026
0.066010361947609
0.0650701916368717
0.063843675455356
0.0632816045718615
0.0627527916854703
0.0624071458707278
0.062288841446021
0.0617017808760645
0.0608086230481636
0.060372588986768
0.0607252644381327
0.0607913489190915
0.0608180716174083
0.0597971231692414
0.0591241610785846
0.0555855908579798