0.0003099904661975
0.0003318633249913
0.0003333242430392
0.0003115751028616
0.0003296561765304
0.0003257611585944
0.0003070926529334
0.0003308499944749
0.0003241046517999
0.0002986163526574
0.0003187281744597
0.0003166274723851
0.0002922761231051
0.0003081244372576
0.0003037499334504
0.0002827597274165
0.0003143143175487
0.0003061458005489
0.0002809412090365
0.0003080540185414
0.0003088830731111
0.0002973238107315
0.0003183300643579
0.0003277009449593
0.0003087845371385
0.0003336359465462
0.0003417611536068
0.0003164219746075
0.0003434144710542
0.0003448835119568
0.0003225835375081
0.0003487040844373
0.0003454431973106
0.0003270557059253
0.00034100560956
0.000342041586056
0.0003266804505051
0.0003399409989272
0.0003386407235705
0.0003190136554432
0.0003400628277067
0.00034013690498
0.0003167497559987
0.0003405641481321
0.000335884966198
0.0003175449561205
0.0003337165876603
0.0003337819895025
0.0003137154572654
0.0003352422115436
0.0003375680789873
0.0003180884648269
0.0003318053887296
0.0003360190350987
0.0003064454805398
0.0003315188202827
0.0003258779281062
0.0003061207619183
0.0003291964506734
0.00033804834144