0.0148976228616991
0.0150462954337304
0.014709994508192
0.0146461363399702
0.0146029893859806
0.0051348433069416
0.0137575251007437
0.0138924855361412
0.0138704197046859
0.0139299255055116
0.0136570003236362
0.0140144446515093
0.0135578868032564
0.0137794389715444
0.0138113112347988
0.0137873415362477
0.0135169678551508
0.0047402262727842
0.0140951219691929
0.0141090893181092
0.0141213023952645
0.0141829556216772
0.0139394400897257
0.0142779348547867
0.0142647723858936
0.0141136292032394
0.0142493244630928
0.0146159354856557
0.0143936771986791
0.0051768650000908
0.0141758664600211
0.0143247556515111
0.0143405782879487
0.0144497980811486
0.0142531149239351
0.0143744841045242
0.0145699921802099
0.0143818425894008
0.0139557514577262
0.0142742864247994
0.0141834230336561
0.0050715232490799
0.0147828786140844
0.0147655292597249
0.0146870148687466
0.0147672127295952
0.0148017006844827
0.014598779768121
0.0148377849588071
0.0150820076610751
0.0148122263013594
0.0150907134820097
0.0146860747599452
0.0051551274618239
0.0149262849157872
0.0150489266112649
0.0148626953488375
0.0149431093098056
0.0145990494622876
0.0154868094112086