0.0054650654690117
0.005599049623274
0.005593249636434
0.0058064335616562
0.0055730998327334
0.0056120958620057
0.0054759298294043
0.0057416889091959
0.0056129518091635
0.0058594133798408
0.0057421868619781
0.0058838571171008
0.0057380293196804
0.0058146489063376
0.0056802011099023
0.0059138569925439
0.0058636731842569
0.0061335401491486
0.0059601791654094
0.0062302729969773
0.0060207666746265
0.0062650952230423
0.0062132790205898
0.0064376683581072
0.0063742729248152
0.0066249510809388
0.0064991102407195
0.0067014968227302
0.0066219159480801
0.0069472036430543
0.0068145684132869
0.0070754459573703
0.00690675063275
0.0070182838916607
0.0068364439625486
0.007047417462733
0.0069376929378633
0.0071017058487262
0.0070324698537217
0.0070329028436878
0.0067334719780416
0.0068548211684765
0.0066112661764977
0.0066685999639833
0.0063880032498184
0.0064590073177748
0.0061262338329688
0.0061269990620321
0.0058912881981615
0.0058131145148712
0.0057353354585758
0.005735782581079
0.0054780206144555
0.0055486671389881
0.0053994029359656
0.005466197259266
0.0053411550208745
0.0055030045606228
0.0053641914274205
0.0050462031112332