0.0071253662545402
0.0071430831499816
0.0071109071625195
0.007146673104667
0.0071202928100936
0.0071049670258851
0.0070913775181015
0.0071187628012464
0.0071231009358651
0.0070872929036469
0.0071292598384633
0.0071006304115591
0.0070853727071559
0.0070730544445062
0.0070549575655547
0.0070441833097802
0.0070433510485178
0.0070396546722865
0.0070458810102967
0.0070774579147211
0.0071366381989831
0.0071780085206378
0.007186415124043
0.0071760332281582
0.0071816346634318
0.0071904223898953
0.0071842450281954
0.0071836926120644
0.0071730993005221
0.0071352756147173
0.0071069127541053
0.0070558667187295
0.0069745131444052
0.0070180550465466
0.0070205990433262
0.0070485325004494
0.0070203508529854
0.0070259782281865
0.0070444305888427
0.0070509838308458
0.0070835463802764
0.0070785779545911
0.0071052566512695
0.0071301461507398
0.0071057667126621
0.007105583859486
0.0071046299164118
0.0071389064943038
0.0071268280467447
0.0071129820201145
0.0071134283322231
0.0071096225366894
0.0071128585537599
0.0071185811897106
0.0071022524338481
0.0070909062996964
0.0071067682160689
0.0071060839607696
0.0071188357958241
0.0071354532236047