0.0059522696250576
0.0060449476887677
0.0058398635545312
0.0059474036759699
0.0056892579783805
0.0058520663960407
0.0057720954884546
0.005836923001985
0.0056334079894628
0.0057086753729296
0.0056894401102166
0.0057403973173757
0.0057001761055363
0.0058837597833841
0.0057382229116088
0.0057975784864865
0.005495984375836
0.0055746857691955
0.0054574530232558
0.0056736416595051
0.0055227422568406
0.0055722944356755
0.005333846657742
0.0053841212424134
0.0052931483356538
0.0055360044502664
0.0055710763781391
0.0058306950778107
0.0058168311094661
0.0058928238053146
0.0055638036257677
0.005568135131726
0.0054309586277596
0.0056262311799055
0.0055624120706447
0.005584715413347
0.0053127663332463
0.0053541809818759
0.005132658995854
0.0052515193167591
0.0051190720008507
0.0053093052136133
0.0054218118522602
0.0055913098428543
0.0055751740973229
0.0054865138107276
0.0053786497658469
0.0054130457085181
0.0053722128667926
0.0055175395798517
0.0052487760339533
0.0053792755444813
0.0052365698240221
0.0052947757511117
0.0051217273364312
0.0052160816957786
0.0052810379835619
0.0054562529464285
0.005409773246004
0.0050820306366034