0.0009969618691928
0.0010024317317537
0.0009946987501821
0.0009850013908206
0.0009835206519792
0.0009769563773612
0.0009638838347002
0.0009610476173541
0.000943109893466
0.0009470598485957
0.0009547440665794
0.0009600806786888
0.0009572724123392
0.0009709276747027
0.0009740086152708
0.0009767061278037
0.0009808227269388
0.0009947171046581
0.0009966553784861
0.0010039174348193
0.0010084574233439
0.0010219109589041
0.001025274318534
0.0010252174122175
0.0010127789076595
0.0010057480558485
0.0010043684084284
0.0010009393416082
0.0009940707866597
0.0009928341131744
0.0009897304145752
0.0009841675187363
0.0009815913762572
0.0009809513845244
0.0009740368072278
0.0009830960020372
0.0009769926759524
0.000980013348925
0.0009767657005722
0.0009770894184285
0.0009729155776734
0.0009809013710027
0.0009829639953542
0.000981200416263
0.0009761462375937
0.0009814366347177
0.0009725153782952
0.0009776887408805
0.0009723247578041
0.0009752799804564
0.0009728177928591
0.0009747230129625
0.000965937850878
0.0009609994720841
0.0009522578730664
0.0009479939770098
0.0009490742639492
0.0009572588680935
0.0009584991723641
0.0009559279815327