0.0061625525989296
0.0059668561867358
0.006111265407994
0.0059649854853172
0.0059550914330044
0.0057044342492639
0.0057443880970796
0.0055183491257651
0.0056386973385411
0.0055787632379793
0.0058262226191988
0.005732758478066
0.0057974758136385
0.0057360292011216
0.0057900201571939
0.0056887171323255
0.0058635509486742
0.0057005191349862
0.0058676153282976
0.0056588293593426
0.0057162247143539
0.0054081952058614
0.0055445238702262
0.0054574118983567
0.0053959626129078
0.0052060748300555
0.0052487639874417
0.0050459248709275
0.0051733234163857
0.0049860043321435
0.005060377714233
0.0049019509005537
0.0051047242787489
0.0049716689116381
0.0050747601637853
0.0050513784638884
0.0052545284230713
0.0052121287130565
0.0053479626050735
0.0052656795864694
0.005435223458423
0.0055888877543771
0.0057434551930064
0.0056685345810951
0.0057200647901307
0.0056615716776233
0.0057635348313351
0.0057209153084347
0.005846736106442
0.0058946672721657
0.0059008236850751
0.005800092795699
0.0057529515416109
0.0057457805636254
0.0057871014144172
0.0056982015072024
0.0057693158942795
0.005739435775972
0.0058802162688303
0.0055061904638202