0.0011313874652061
0.0011347737378457
0.0011303170085439
0.0011339671617009
0.0011171781342109
0.0011335404320431
0.0011151178358222
0.0011205961333705
0.0011168889546387
0.0011316975054051
0.0011151022340636
0.0011254106318278
0.0011211459819564
0.0011408907878356
0.0011498327847149
0.0011720948505013
0.0011696177243913
0.0011950932093658
0.001191092611137
0.0012055372570774
0.0011986754608615
0.0012146739946771
0.0012086881920802
0.0012205262114377
0.0012046334847453
0.0012067850013585
0.0012049339507767
0.0012074662235962
0.0011902145341321
0.0012000145794116
0.0011875928903703
0.0011871439236172
0.0011797773298727
0.001179755685568
0.0011714133992805
0.0011863381322885
0.0011775885029248
0.0011850818661659
0.001187607978142
0.0012062874467928
0.0011998788198857
0.0012216477368209
0.0012247100683133
0.001229873702951
0.001221200941801
0.0012291378940673
0.0012128776995096
0.0012200048589974
0.0012044577234723
0.0011973704637728
0.0011749763671589
0.0011810857316355
0.0011570543804461
0.0011661579611313
0.0011548997738043
0.0011691089395251
0.0011655124476351
0.0011733406682366
0.0011598364678224
0.0011712601766687