0.0057272705188206
0.0058464792590331
0.005903006335995
0.0059355930168922
0.005803763981316
0.005810404801294
0.0056356640805866
0.0058440757214816
0.0057211267969689
0.005829281028401
0.0057692065822877
0.0056839247171925
0.0055395903340492
0.005416895103887
0.0053818176066225
0.0053758307339027
0.005322973035245
0.0054026009565857
0.0053730214356302
0.0054501308673942
0.0053783454532219
0.0054251850675566
0.0055775415289179
0.0058050766623395
0.0059204664368617
0.0059014346480911
0.0059033408290581
0.006050752742832
0.0058748111094793
0.0059194846137136
0.0058805206617501
0.0060048944459795
0.0059417858978799
0.0060373181793374
0.0059261890468089
0.0059679440012791
0.0059182473548807
0.0060878230208604
0.0060266861271571
0.0062625009661398
0.0061084906824409
0.0062814551181959
0.0061897255744079
0.0062886126969299
0.0061307631157424
0.0062068716257724
0.0060487154529042
0.0060294797407106
0.005806360557877
0.0058807445312076
0.0057947078541983
0.0059120867450638
0.0058516039671305
0.0059351217407441
0.0058539838966166
0.0058611106373025
0.0057439066568183
0.0058961053050538
0.0059702245926515
0.0061876159107997