0.0057544418265858
0.0055113869967356
0.0056793295214732
0.005366356245461
0.0054143749770919
0.0052284585401457
0.0053112934135009
0.0053115985576486
0.0054597996315895
0.005399471571723
0.0059964809919181
0.0071069985241062
0.0084389409425115
0.0094187496988721
0.010439008139751
0.0106002728437471
0.0106786304462517
0.0105640255152463
0.0106933417126205
0.010603951406462
0.0106493435055057
0.0101065482227009
0.0090480780969477
0.0077108579315088
0.0066786906146026
0.0059463116790589
0.0059736505726557
0.0058563152530565
0.0060479984665937
0.0058777924590106
0.0060411111211951
0.0058296190218177
0.0060952541561669
0.006036393922483
0.0060639698973734
0.0059977363565229
0.007272199298895
0.0084376761341938
0.009976105011323
0.0112745961600459
0.0117620198600645
0.0117350738214533
0.01189277906069
0.011750965062803
0.0118073303473891
0.0117044557374098
0.0117346251074499
0.0105663902095305
0.0091598020200567
0.0078370732520221
0.0063097853221452
0.005929686585921
0.0059758423269183
0.0058739730258509
0.0060360964907582
0.0057850940462032
0.0059985156326465
0.0059046516860034
0.0060669275173069
0.0059895319188605