0.0011229979061278
0.0011087090330469
0.0011210227005799
0.0011189300867628
0.0011330723802863
0.0011276041963664
0.00112962663349
0.0011275552069684
0.0010932733723169
0.0010809840853538
0.0010853941120264
0.0010800104638677
0.0010845882590943
0.0010828968464485
0.0010810763061789
0.0010781494457639
0.0010881831887949
0.0010792540861271
0.0010851622190374
0.0010867289412026
0.0010923612321946
0.0010930666130119
0.0010990561590965
0.0010907825820632
0.0010923924374594
0.001080615794539
0.0010768767412023
0.0010608621953015
0.0010670223790359
0.0010662323137859
0.0010620279137475
0.0010466006237387
0.0010436747131413
0.0010332103136882
0.0010404454996326
0.0010400710743801
0.0010540018605689
0.0010597547125008
0.0010841078958018
0.0010916474061274
0.0010933079370214
0.0010991109174745
0.0011094476781084
0.0011058374461417
0.001108244816616
0.0011074951897912
0.0011063074719936
0.0011007533056965
0.0011029643212561
0.0010881175937605
0.0010838670232183
0.001073853551491
0.0010683246995366
0.0010624879288436
0.0010566684225822
0.0010657112402397
0.0010673136978785
0.0010671870961837
0.0010775226378488
0.0010718396979426