0.0283925593380709
0.03184859861296
0.0259061822582678
0.0260214821321894
0.0263336373958486
0.028110405614096
0.0291872552196113
0.0309185003563676
0.0316068325700329
0.0323039569404464
0.0288369141540375
0.0510504022528257
0.0501734519179509
0.0507721409491059
0.05060728501107
0.0511498657402354
0.0507987414848268
0.0517599455701404
0.0519622248731431
0.0520782212368575
0.0519883426384061
0.0519919943210818
0.030584453225786
0.0323005156250062
0.0320299717157525
0.0320786088149948
0.0318364337686
0.0310984228252592
0.0302122660855517
0.0408750988722134
0.0414572152140944
0.0418384893453938
0.0411776371663859
0.0408203739477901
0.0391438789060349
0.0398060663290064
0.0401830383597587
0.0404152780253976
0.0401639642704404
0.0398086549306054
0.0290018539656993
0.0304858587377745
0.0298165157944722
0.0308362190721754
0.0305451232561378
0.0300015115747704
0.0293492358577602
0.0405261161955291
0.0406458449030154
0.0407476863510322
0.0405782259704569
0.0404045220433762
0.0403365601008244
0.0399039423852096
0.0374582117229896
0.0349788496976094
0.0331049527011104
0.0306708486412093
0.0171406381075409
0.0149233798496412