0.0143496497912317
0.0151714385413621
0.0150269118755383
0.0053974999173325
0.0142735298606927
0.014469893256262
0.0139990759342462
0.0142376034051076
0.0144671536165665
0.0146073309609853
0.0141793630820699
0.0143093807649246
0.0143187624659974
0.0145141214536239
0.0141542671373509
0.0053137854599086
0.0141445009542836
0.0147190493427141
0.014254422796914
0.0145926766996188
0.0141980045587228
0.0137449881040126
0.0145253631915412
0.0145390216333844
0.0143152802425615
0.0142966723715938
0.0140232262526566
0.005042858997772
0.0144504268251091
0.0148887320761762
0.0143923571581578
0.0148197318446956
0.0147432613576116
0.0146829618661576
0.0144899161839864
0.0147190618673695
0.0147772575083831
0.0151770533547564
0.0149567458132641
0.0053054818271737
0.0144775956555968
0.0147759174020148
0.0144822783270929
0.0144384213234086
0.014530697120739
0.0147932766829052
0.0145426121700352
0.0146970354845904
0.0143919816170489
0.0146700419482386
0.0144637544194328
0.0053012306971379
0.0149567995803487
0.0151644125184013
0.0151347895259235
0.0153362942247563
0.0150732105339339
0.0150787958733686
0.0151769635305982
0.0151137523770078