0.1260841189207922
0.1782639045076779
0.23618113806888
0.2383018753239636
0.2351415493426974
0.2403577753272332
0.2337925238487425
0.2325434250605503
0.2371875136608044
0.2352067729000408
0.188683563867262
0.1643527644964677
0.180625844808566
0.1820190234302805
0.2463417674646008
0.2509780285850058
0.2516442210503388
0.2595908848536566
0.2543696719246914
0.2534812522636729
0.2552367447755208
0.2552653605507934
0.2015886971096839
0.13425957283575
0.0747563346121286
0.0228034008472231
0.0387092776341715
0.0522406914699569
0.0556241294587944
0.0580431756857203
0.059439173600535
0.0543543824975414
0.0585781237785005
0.0591987111962111
0.0589224430636109
0.0561710785006686
0.0462955286621896
0.0440637023157662
0.0545911563597774
0.0769401788229287
0.1098422687368116
0.1153939770416055
0.1276419054677015
0.1293894144931297
0.1253472576893943
0.1280800297212132
0.124600310905246
0.1245013957329532
0.1075797140650272
0.0994744590653389
0.0960122345317724
0.1084177932606131
0.1102701727806976
0.1401519482030568
0.1516700694102073
0.1530392056059401
0.1485691447889124
0.1565336466649209
0.1531474601013707
0.1548494684909715