0.0010799877617623
0.0010773031693077
0.0010775244888083
0.0010765775532788
0.0010660430039585
0.0010605810232058
0.0010541557802529
0.0010519032252171
0.001042014941972
0.0010401280348393
0.0010316686746987
0.0089412627576944
0.0261865064871964
0.0473157722720085
0.0645510123522599
0.0734063469972588
0.0776832682586307
0.0792704051484062
0.0779534355108878
0.0786234317187018
0.078914649283396
0.0727450189027666
0.0713856081128166
0.0549518332571783
0.0456979819653895
0.0437540949027983
0.0433192448106337
0.0410110849895542
0.0391002970979377
0.0402230597778887
0.0401525983279814
0.0387460663334282
0.0399577574839301
0.0400455505828689
0.0356289747525171
0.0268544106205162
0.0115430131014724
0.0120124159851644
0.01857911700216
0.0358593590284916
0.058166286052779
0.0661781510417602
0.0701968265705721
0.0692488506499392
0.0687464093639829
0.069918563572814
0.0713875489577803
0.0701429767907309
0.0596800197989478
0.0558677969935706
0.0458947212789214
0.0326862207744941
0.0420885835805951
0.0447021680763985
0.0442935079327918
0.0443651283370336
0.0448217342342342
0.0445133018755205
0.0440817245636669
0.0432907586721508