0.0010541155689947
0.0010541553682131
0.0010482141229244
0.0010550876848178
0.001056703397529
0.0009838426523961
0.0010421661748465
0.0010407466676338
0.0010329111007345
0.0010344060371934
0.0010291433566433
0.0010340871934145
0.0010340344127312
0.0010354552943721
0.0010288333847858
0.0010328150230227
0.0010329027803418
0.0010415580749739
0.0010338354398059
0.0010449262997108
0.0010365619200345
0.0010391633277992
0.0010329671400569
0.0009622581909801
0.001029790455898
0.0010401619052861
0.0010389893212114
0.0010344457383235
0.0010285089232759
0.0010282310042703
0.0010184848079288
0.0010258921341763
0.001022152415295
0.0010357699830009
0.0010333489688637
0.0010382648904229
0.0010279114077886
0.0010329578450044
0.0010429115858126
0.001046276225345
0.001051664704493
0.00105960888816
0.0010673077419711
0.001073383520817
0.0010668866377057
0.0010797452939766
0.0010665707903336
0.0010666734980912
0.0010639281397152
0.0010660975747116
0.0010642005190597
0.0010680680114958
0.0010686960399506
0.0010699159268644
0.0010597361983021
0.0010630897932102
0.0010494536938281
0.0010579283658225
0.0010504733182877
0.0010476148129487