0.0061035431482257
0.0059581550609547
0.0061867770956316
0.0060628818459778
0.006171891543917
0.0060324238119095
0.0060936860786864
0.005963857374068
0.006095629392913
0.0057439033957133
0.006128564267446
0.0061357627382697
0.0062330881404191
0.0060106999460819
0.0059942846882021
0.0058505024240643
0.0059599835475578
0.0059346403908316
0.00613072887526
0.0059610450695704
0.0060383777773724
0.0057944888888889
0.0058442764805852
0.0057172882169158
0.0057537722630352
0.0057097236505466
0.0057130938387768
0.0056386437436419
0.0055789467649023
0.0052911462898177
0.0054138323057278
0.0051827701689238
0.005408190988372
0.0053463485316235
0.0053998973981076
0.0053983174620689
0.0055150898822487
0.0054526672554446
0.0055757346825567
0.0056055452098548
0.0056602769755135
0.0056636987491628
0.0058210720714075
0.0057288954884068
0.0060104431960959
0.0059962169098418
0.0060768065877007
0.0059438064049439
0.0060473021924438
0.0058894993322722
0.0059813987323003
0.006043846593854
0.0060613457542825
0.0060960264184555
0.0061187201786131
0.0060438574905304
0.0060615319427284
0.0059910148625493
0.0061535650343164
0.0060690693270451