0.0057143469235933
0.0059068744530399
0.0058814391068394
0.0058826102318936
0.0057985026079318
0.0060162298681746
0.005844888121337
0.0058754933221427
0.0055979827795602
0.0052256793828263
0.0055603529368589
0.0056913167370364
0.0055569234573802
0.0055419931698455
0.0054085132197414
0.0054109511320617
0.0053700793685004
0.0055729585693156
0.005236575575278
0.0057611788147075
0.0056641410820041
0.0056959348779644
0.005612795156499
0.0057751195585308
0.0056933055078069
0.0058293359864886
0.00581185495006
0.0058512177123799
0.0057295649748715
0.0059176281434407
0.0057181470024539
0.0058277404467217
0.0057757686275933
0.0058502305557905
0.0057843890080477
0.0060193689531226
0.00599181601446
0.0061365078813882
0.0059621477743835
0.0060889861273364
0.0058962561588181
0.0059400049176068
0.0059585831163866
0.0061881241718824
0.0060033564741866
0.0061363075901178
0.0060355392604078
0.0061941798776543
0.0059637559308329
0.006145714921447
0.005993876631354
0.0061588417605684
0.0061285784265127
0.0061668165009406
0.0059640653348024
0.0060152629699145
0.0058820035395698
0.0060746607441928
0.0058373795323557
0.0060738218895857