0.0056831483648391
0.0056203565493468
0.005679067570464
0.0056405003394433
0.005723241616401
0.0057461364698691
0.0058051739823265
0.005641822769953
0.0055291864709906
0.0057682201568399
0.0059015015121702
0.0058589700883877
0.0059613662051375
0.0057172122893772
0.0058011288547248
0.0057112910522574
0.0057382331717527
0.0057606319478052
0.0058732592098622
0.0056510910948591
0.005916620614195
0.0054523335861423
0.0058869022906292
0.0058384518580926
0.0058995427230218
0.0057968317412588
0.0057027248577908
0.0059016051636123
0.0059041680226645
0.0058306242352727
0.0060646575954212
0.0058798853967451
0.0062590235362805
0.006082387119796
0.0061354816446131
0.006299540106282
0.0062957933072673
0.0064569733134603
0.0063693078883185
0.0063102940045834
0.0063272306090387
0.0060637592461591
0.0061911618322279
0.0059003001009227
0.0060399438451547
0.0055567179565066
0.0057992488439737
0.0059579510534156
0.0059971577267504
0.0058813255291388
0.005915114107393
0.0059317321763175
0.0060190695193944
0.0058706843771482
0.0059720407718987
0.0058112257756725
0.0058112509238593
0.005920504003281
0.0059794135516574
0.0057314190176861