0.0012124110167139
0.0012059949583752
0.0012006628346197
0.0012034441128886
0.0011980677061204
0.0012010782696919
0.0011958356107734
0.0011974675232625
0.0011898102886234
0.0011313016855049
0.0011935277155451
0.0012004559086233
0.0012043585172399
0.0012100922785112
0.0012076403014909
0.0012162724934325
0.0012075325291602
0.0012191731331062
0.0012127257321756
0.001217132918962
0.0012121069754817
0.0012175532958421
0.0012031018361164
0.0012057726935265
0.0012079096130921
0.0012237066760213
0.0012191006497041
0.0012322622911825
0.001221381387612
0.0012307393276511
0.0012274820295983
0.0012274098503533
0.0012188143818379
0.0012351210642936
0.0012294065805792
0.0012305142962213
0.0012176819055797
0.0012122105024157
0.001201882488021
0.0012163326968974
0.0012160544156676
0.0012266697257651
0.0012271946955887
0.0012346681079275
0.0012249707433358
0.0012349834677856
0.0012290194881004
0.0012209614157652
0.0012168352586098
0.0012330984997093
0.0012299663478181
0.0012368529714811
0.0012333591493734
0.0012302909817067
0.001230532277185
0.001235602237619
0.001220415098096
0.0014010118738471
0.0013977781401543
0.0014198768683939