0.0058849475669304
0.0060271406063544
0.00580526484865
0.0057567118858779
0.0055799187688486
0.0055566906079359
0.0053773273576685
0.0054686587547362
0.0053867036636746
0.0053660928015777
0.0053831762277349
0.0055525531817263
0.0057989722807758
0.0065436473252246
0.0071652445187725
0.0074032342544746
0.0072483023218517
0.007345593254789
0.0073492525775978
0.0074104537613885
0.0073367993440233
0.0074872808272778
0.0071447387856123
0.0069745347258865
0.0067165131691954
0.0066916475169341
0.0062323886289636
0.0066629550758245
0.0066394366004605
0.0066632049879676
0.0065578723635292
0.0066453762976573
0.0064884129514775
0.0068093630637804
0.0065996045024256
0.0065209741724396
0.0060765697827458
0.0061784593561368
0.0061573612183145
0.0065683188302163
0.0069590518057147
0.0072761933767001
0.007205884223481
0.0073155125355666
0.0072144992139673
0.0074227572394531
0.0072832029489026
0.0074793870236869
0.0071580287699134
0.0072337002322374
0.0067957343707043
0.0067279324383481
0.0065561158141176
0.0068601240026776
0.0068042876828727
0.0069192254882332
0.0067452119342667
0.0068450024622069
0.0063930034954547
0.0067032636781187