0.0011562958060596
0.0011670838892625
0.0011662467960387
0.0011746919432136
0.0011603613496384
0.0011620060650256
0.0011557068332908
0.001159869852117
0.0011418774603175
0.0011575991399198
0.0011461030920213
0.00264686195603
0.0057361548538309
0.0113091290502491
0.0170225568059336
0.0212642233942327
0.0210298112670953
0.0214911578112464
0.0216457502665146
0.0214913959414903
0.021470166490717
0.0213542384888052
0.020165418008381
0.0168609683828203
0.0289852708325834
0.0296118426760154
0.0297185879225563
0.0297833493346007
0.0289371400706992
0.0292397954306437
0.0297026767456876
0.0289056931202697
0.0291339632410138
0.0289573521673495
0.0292713891343478
0.0112960322338005
0.0052930759590096
0.0045292071072319
0.0051938502705844
0.0077693661178671
0.0215208084853363
0.0234318982085871
0.0241349766119416
0.0237926072641236
0.0241668164295548
0.0241975282360289
0.0236846323809524
0.0238874566315904
0.0210809544006519
0.0210036296646986
0.0216864449828458
0.0090881943163673
0.009650876530337
0.0234479864560639
0.0234682997110824
0.0236676312181531
0.0230844766694058
0.0222148585749536
0.0240620881798674
0.0235390297920799