0.0059356110854418
0.0058667339003867
0.0059197048089543
0.0058140572446299
0.0058857983252306
0.0058179639715738
0.0059367479914349
0.0057611829284637
0.0057854193705052
0.0056927969434281
0.0057872881710646
0.0057054594574966
0.0057614336354662
0.0055627100777998
0.0056659112497045
0.0055498122344944
0.0057083744054236
0.0056083206123175
0.0057015400879136
0.0054903638833807
0.0058377158493633
0.0059315361262574
0.005951721686946
0.0058373744106261
0.0058540796378284
0.0057526706628263
0.005836208197375
0.0057740461959973
0.005842129001761
0.0056921383394933
0.0057095877448787
0.0057523684734954
0.0057553575409714
0.0057013221530106
0.0057127599554898
0.0056296988688974
0.0057395547685985
0.0055770450785999
0.0054891521625753
0.005349369757985
0.005494992999521
0.0053671691421092
0.0053108239715554
0.0050501791925186
0.005156929306242
0.0052875851993795
0.0055102770938667
0.0054477498180494
0.0057208579613882
0.0057801652587215
0.0059344585234948
0.0059231115535148
0.0060586921612897
0.0059349307979523
0.0061244370120553
0.0060147513525369
0.0059771060237051
0.005956872376858
0.0059855960914414
0.0058498649833167