0.0003462835095637
0.0003198922997526
0.0003462878103632
0.0003497704238186
0.0003192483280916
0.0003459959705356
0.0003506071777785
0.0003250192609424
0.0003509305876315
0.000347161539288
0.0003153083364579
0.0003446877526534
0.0003407067033907
0.0003157359491751
0.000343311141698
0.0003445235218417
0.0003219403158467
0.0003464337613813
0.0003467399021029
0.0003221401221922
0.0003483187332884
0.000350817506698
0.0003254508071612
0.0003485216997227
0.0003481609621233
0.0003167668880114
0.0003496256507075
0.0003466544604881
0.000317789463911
0.0003448301677833
0.0003421527001862
0.0003173753913531
0.0003433795040116
0.0003387839900894
0.0003258666702804
0.0003420169985343
0.000347246337926
0.0003126220793647
0.0003412441133383
0.0003424210630345
0.000318004621407
0.0003503608847926
0.0003442473685173
0.000322316518226
0.0003482881765786
0.0003412206281149
0.0003289915887159
0.0003501040529936
0.0003562221571783
0.0003344354580804
0.0003520473660993
0.0003480795789549
0.0003206571133947
0.0003503506636568
0.0003483007305048
0.0003274000397671
0.0003526209524839
0.0003476804835306
0.0003256648235722
0.0003477261926257