0.0010405444909194
0.0010341035251956
0.0010399903305681
0.0010389292272449
0.0010359734631573
0.0010434323413306
0.0010431542669186
0.0010460237585379
0.0010492745387986
0.0010416783932408
0.001044905780774
0.0010536427961715
0.0010683515068742
0.0010566369654971
0.0010655857561293
0.0010700285745446
0.0010659850024721
0.0010668707626732
0.0010681842119404
0.0010716445368278
0.0010749929583773
0.0010782455995253
0.0010752662003214
0.0010781528616363
0.0011010960471567
0.0010976351751
0.0010944192976745
0.0010953507345319
0.0011058208629561
0.0011017490670959
0.0011044881189021
0.0011003230208275
0.0011022170275322
0.0011084239766081
0.0011018718809807
0.0010920747949112
0.0010920237139729
0.0010860210168388
0.0010904338591342
0.0010801924061126
0.0010907087915124
0.0010865024085124
0.0010865229926813
0.0010868780972886
0.0010891130050621
0.0010796229894645
0.0010754276742873
0.0010723383655209
0.0010845648429864
0.0010822394436532
0.0010871642887232
0.0010826622890668
0.0010800661606393
0.0010830612320313
0.0010885513039062
0.0010803123573466
0.0010941916305179
0.001088051807317
0.001087567263171
0.0010745011707071