0.0130635461568866
0.0133257482869883
0.0131086342923066
0.0132907164146985
0.0135162528454087
0.013702515237238
0.0133718426316075
0.0134357287213092
0.0132661160310796
0.0134362353433984
0.00479935610551
0.0150230256784198
0.0146765174298268
0.014793856361694
0.0147636863915042
0.0148648987109324
0.0147181710208601
0.014999492464799
0.0146690586220021
0.0149227531729147
0.0147829793717682
0.0151487830269585
0.0048115081765556
0.0150166803117112
0.0147937621865468
0.0148185662770861
0.0147443565063041
0.0149837652605458
0.0145718010479688
0.015057970262283
0.0149557929626138
0.0147233330044843
0.0143602816338086
0.0147105621514016
0.0047692322430325
0.0141398479791016
0.0139050823952441
0.01428822339425
0.01360289712313
0.0142202458328733
0.0139537303061575
0.0138983812454291
0.0140471221633473
0.0141927314824916
0.0139288136985309
0.0144804689856256
0.0048358076167752
0.0152611833077506
0.0146738839965829
0.015271218673535
0.015019011983147
0.0152587753961542
0.0151848300355055
0.0150036714046068
0.0148809522543059
0.0150820291281493
0.0146751374864399
0.0150086892317097
0.0049848638154802
0.0152908778414851