0.006083677871711
0.0061831651408575
0.0061088977699551
0.0061848096972581
0.0060227423790802
0.0060756064777901
0.0060431158815013
0.006162041423666
0.0060669855543845
0.0061484026075328
0.0060932676322078
0.0061009060186848
0.0060302215124857
0.0059838404082924
0.0058769382934217
0.0060388347406081
0.0058825875940825
0.00588835114886
0.0057360627577152
0.0057974437876201
0.0057117922674493
0.005797578883561
0.0056930034111638
0.0057308696621879
0.0056624606680547
0.0057599136592051
0.0056295406144472
0.0058596853536258
0.0057992641770401
0.0058469679259245
0.0057993300396708
0.0058833089786188
0.0058645565489739
0.006011109750184
0.0060458997341297
0.0061926369197618
0.0061403521236925
0.0062691205650278
0.0060651762090455
0.0062237341710971
0.0061296818288309
0.0062255340166559
0.0061286657471684
0.0059987714933782
0.0058479975430869
0.005873336838838
0.0057609013836208
0.0057536299542066
0.0055100965596205
0.0055346164702405
0.0054006915588528
0.0055096071309994
0.0054162161634232
0.0054458419393764
0.005613104286442
0.0058604852186973
0.0057342044265449
0.005808727028529
0.0056903575382671
0.0058424160961972