0.0010134028597449
0.0010198184966462
0.00102221028396
0.0010262255680665
0.0010233479698863
0.0010227672170026
0.0010212586099964
0.0010189788410761
0.0010220879413967
0.0010213892114526
0.0010251873803925
0.0010310483472209
0.0010342393397269
0.0010360750669244
0.0010295314177062
0.0010377355418714
0.0010288264037719
0.0010412738278425
0.0010418073116278
0.0010319809991574
0.0010272675796442
0.0010379393101943
0.0010298913472863
0.0010268570204715
0.0010387282674772
0.001043546836377
0.0010399181244493
0.0010521767453789
0.0010434370143884
0.0010472241732354
0.0010485686886214
0.0010504267659342
0.0010466328914315
0.001049554229335
0.0010488863035431
0.0010422976116341
0.0010356732567268
0.0010371728413095
0.0010274416338151
0.0010254070372797
0.0010260465765685
0.001041186273977
0.0010461392063579
0.0010458457844474
0.0010522903698279
0.0010595701331976
0.0010512863590042
0.0010511932267587
0.0010455196857671
0.0010535373401207
0.0010585423487803
0.0010572179867442
0.0010480936422061
0.0010443927465318
0.0010354143122068
0.0010337703400854
0.0010279235758652
0.0010283397195761
0.0010356568282583
0.0010426462199158