9.70155519859812e-07
9.791816356233526e-07
9.838217055698491e-07
9.802290625403432e-07
9.675416879050454e-07
9.77021636427139e-07
0.0
1.3641644405e-06
1.379548545e-06
1.404633561e-06
1.3660257446e-06
1.3867393245e-06
1.3944653165e-06
1.3797736916e-06
1.3771016958e-06
1.3610897447e-06
1.3955906898e-06
1.3778498089e-06
0.0
0.0
9.7060108493829e-07
9.829293022398384e-07
9.691896608136115e-07
9.621936694698097e-07
9.51038099315069e-07
9.532996012944525e-07
9.754129850172882e-07
9.5646324399957e-07
9.814276247975265e-07
9.572359562664949e-07
9.55161047615636e-07
0.0
9.946224838311162e-07
9.90179233509974e-07
9.821678447131422e-07
1.006730168e-06
1.0101479759e-06
1.0009141102e-06
1.0136078351e-06
9.957440616929171e-07
9.889629509203558e-07
9.860773401055451e-07
9.968318706529255e-07
0.0
1.0550677046e-06
1.0520206758e-06
1.0352061687e-06
1.0450616719e-06
1.0280234397e-06
1.027838683e-06
1.036857754e-06
1.0549120153e-06
1.0613725781e-06
1.0493183861e-06
1.0377420115e-06
1.4011121076e-06
1.4394545287e-06
1.4438714209e-06
1.3909327255e-06
1.4381294301e-06