0.0011430133877433
0.0011461841057666
0.0011374276204812
0.0011440488446433
0.0011448746704262
0.0011521740684021
0.001152227824019
0.0011557164256007
0.001152866188682
0.0011610093994207
0.0015442952479264
0.0025551446835791
0.004219161146714
0.0071207640225019
0.0087176238753362
0.0090699494065982
0.0091680138361811
0.0091521890756301
0.0092378134344726
0.0090032623672715
0.0091196018491816
0.0088736633086671
0.0079051415917795
0.0067395967712777
0.0049630791121639
0.0061469592140144
0.0057510987235124
0.0056907744422722
0.0056469082542213
0.0055685786563944
0.005696401956474
0.0056618978313516
0.005547150138721
0.0056145056509905
0.0049736370038297
0.0039321383371866
0.0018873661134013
0.0029786525466277
0.0043920744401008
0.00547845465088
0.0085455669708296
0.0088308436108536
0.0089373058273617
0.0091825286798463
0.0088462445872679
0.0090011317852117
0.0089353665327105
0.0084770583572146
0.0071116204502344
0.0061166378858578
0.0057560708227005
0.0037298691928844
0.0043156910548274
0.0041659608670664
0.0041380045510301
0.0042446418067615
0.0042255180505414
0.0041993246477195
0.0041061230392069
0.0041830986061388