0.001072583208639
0.0010783807548885
0.0010663509977221
0.0010698748579776
0.0010725217724149
0.0010698192795111
0.001064552860618
0.0010729591907726
0.0010617197627545
0.0010676941600443
0.0010629718955551
0.0010730643844683
0.0010766104556588
0.0010804856246351
0.0010768802773812
0.0010805819446456
0.0010886962539822
0.0010933200357846
0.0011001249393105
0.0011124919090892
0.001099890516359
0.0011171696412177
0.0011089988777067
0.0011235021119133
0.0011379930590701
0.0011495701478759
0.0011525556293834
0.0011447282730256
0.0011512684531948
0.0011400281563877
0.0011395591379947
0.0011405488955549
0.0011297963106971
0.0011371882129951
0.0011297332199279
0.0011235861768865
0.0011097101651632
0.0010975663214227
0.0010971173892046
0.0010926120048838
0.0011006835664335
0.0011021334163923
0.0011037592440875
0.0011016225258175
0.0010890823533655
0.0010879250607913
0.0010785795049124
0.0010774380119751
0.0010793398882479
0.0010749498807551
0.0010686299981641
0.0010646512444452
0.0010563927453976
0.0010596946284967
0.0010584775579859
0.0010648043365743
0.0010628586862575
0.001068213197417
0.001067410182637
0.0010754211251019