0.0012167990381124
0.0012118416343251
0.0012118955986399
0.0012156714262651
0.0012317518302565
0.0012410820440778
0.0012422510334528
0.0012460603429484
0.0012371073355199
0.0010935410746812
0.0016688167743575
0.0057050081739293
0.0222653820146079
0.0273915348795071
0.0297865802687029
0.0300625224308492
0.030859136309069
0.0312088217239478
0.0307446182660465
0.0311330760335725
0.0315569612961964
0.0304130503967167
0.0260116506092377
0.0108148608897076
0.0079810932804031
0.0091968029794954
0.0084695712434993
0.0083421197807367
0.0083051312546372
0.0082879877796002
0.0083410869351403
0.0082989471075576
0.0082540969497736
0.0080867166815375
0.0070148378920861
0.0050386092024312
0.0024346445904496
0.0057735227619254
0.0075683557565343
0.0121722620279265
0.0148816927887613
0.0153711165205983
0.015520074666236
0.0158412085562476
0.0157320976505673
0.0158917328083122
0.0153995328797781
0.0145216883482714
0.0110832286165692
0.0116025165150262
0.0073580280209509
0.0065926694394346
0.0075976982609801
0.0073509145221607
0.0073989791554021
0.0073547108003624
0.0071803501647728
0.0071795859225921
0.0072253750793736
0.007206027481275