0.0010732219188624
0.0010695503085345
0.0010763126295895
0.0010729590098579
0.0010697310398466
0.0010669065771424
0.0010660944804485
0.0010651272640259
0.0010776762025457
0.0010746615557692
0.0010778551032361
0.0010697603991539
0.0010757548014439
0.0010740139067918
0.0010858602109474
0.0010844217544113
0.0010908648376033
0.0010899933450411
0.0010906610139267
0.0010833940323925
0.0010783753917793
0.0010712872879097
0.0010754951361515
0.0010792943132329
0.0010879664411415
0.0010829812496613
0.0010893650584313
0.0010833027825928
0.0010902550391887
0.0010843122369046
0.0010846268363278
0.001085581580237
0.001096478578024
0.0011028829286239
0.0010995175605426
0.001108175975792
0.001113045592984
0.0011058528145517
0.0011195811514511
0.0011089648002004
0.0011163494054643
0.0011234696913625
0.0011226310950432
0.0011256844208943
0.0011235803604923
0.0011249449544673
0.0011095796728843
0.0011096276907933
0.0011239163095259
0.0011097471160615
0.0011169820921758
0.0011163541479016
0.0011129013745579
0.0011169123287171
0.0017109668822721
0.0017642839922678
0.0017607996398343
0.0017669517497253
0.0017816010923051
0.0017828357763251