0.0010244024818204
0.0010178009528364
0.0010270180344441
0.0010279440897764
0.0010400815312464
0.0010415767397349
0.0010503329817798
0.0010384677946195
0.001044449007403
0.0010486965277902
0.0010646667080943
0.001072433547322
0.0010862926230108
0.0010853638621201
0.0010870090866136
0.0010795293948489
0.0010716851367073
0.0010601543784644
0.0010655453770229
0.0010616301467108
0.0010557818340325
0.0010468716079838
0.001038927519554
0.0010385518259601
0.0010447801315884
0.0010460537391336
0.0010478245897129
0.0010485047352444
0.0010529537951416
0.0010498214740542
0.0010497019483086
0.0010499714587545
0.0010504211706501
0.0010511794838757
0.0010519125840889
0.0010443395730646
0.0010393100057837
0.0010360981826638
0.0010405211178781
0.0010421662682699
0.0010483125057547
0.0010517656626506
0.0010482001691925
0.0010490578587699
0.0010488876133478
0.0010408759455643
0.0010390315572956
0.0010401031738904
0.0010466984055246
0.0010357328059647
0.0010404481349191
0.0010403998321872
0.0010384665541214
0.0010422439225305
0.0010315209124786
0.0010325151548012
0.0010407978781284
0.0010366093104199
0.0010395510756596
0.001026317663844