0.0010552133710864
0.0010576343552668
0.0010551416930904
0.0010476437560152
0.0010569380186531
0.0010412621004903
0.0010414942511873
0.0010403625350492
0.0010477536395581
0.0010371051657232
0.0027856741911898
0.0080408887835645
0.0127096226145823
0.0163752913946909
0.0189768008402576
0.0185645575471353
0.018502666260879
0.0185345701593081
0.0184008277611293
0.0186513204073782
0.0187893845074582
0.0167222031456444
0.0115618019087862
0.0069007569586369
0.004492750755287
0.0027634128178043
0.0041331430976125
0.0048042203380598
0.0049676205519906
0.0049878303292831
0.0049619217605249
0.0049376018357593
0.0049740235056838
0.0049662850492127
0.0049047849610188
0.003780564502522
0.003623838240081
0.0027005533215348
0.0026804842700145
0.0025176911452524
0.0026780866585908
0.0027097490712101
0.00272812872807
0.0027023368929066
0.0027130491770807
0.0027590305868011
0.0024970906443921
0.0023041017502916
0.0018694201336335
0.0025195712447042
0.0026700087212451
0.0048130108028075
0.0068513116313895
0.007397519083555
0.0073791659706972
0.0075300642693894
0.0076891198795945
0.0079125993451824
0.0077629499963474
0.0076717699722532