0.0054678722482857
0.0053441986964819
0.0054166612202801
0.0052386441465332
0.0054164024841571
0.005516916594781
0.0056765882531302
0.0054979937028629
0.0055570384511556
0.0055542865378093
0.0056730683073926
0.0052928652863218
0.005606607760492
0.0055787540519447
0.0057521057817335
0.0054935397764508
0.0054609631749596
0.0052907038454427
0.005161266656939
0.004992538144936
0.0050442066773233
0.0048301000922181
0.004975491225491
0.0049051160849128
0.0049020695619308
0.0047526163386503
0.004730003746817
0.004518579063767
0.0042797224133116
0.0045696461667305
0.0046487684945164
0.0043211833211994
0.0046526988424027
0.0045388306411456
0.0046466503113553
0.0045622502977298
0.0043407354423228
0.0044871048253211
0.0046745563289648
0.00452192218801
0.0045745526946308
0.0044954209435506
0.0045531893980922
0.0044916821188725
0.0043925475647858
0.0043623847700763
0.0044531569922975
0.0044741250440295
0.0046028429365359
0.0045219194847903
0.0046789459166819
0.0044764891414324
0.0046491725094894
0.0045044226205689
0.004589384306272
0.0046769105795734
0.0046814178232421
0.0045396884856024
0.0046123621146479
0.0044761344466404