0.0011344745799934
0.0011339705662527
0.0011451661637497
0.0011398489985204
0.0011489969537931
0.0011386654679297
0.0011270647018785
0.0011114366269858
0.0011373253833051
0.0011288197112071
0.0046443337205565
0.0144978186851722
0.0348453664861467
0.0599474201246503
0.0665959583861046
0.0923648305860957
0.1211352334710371
0.1410261207165672
0.1610888168461932
0.1844838341835337
0.1937432301024871
0.2066443084808632
0.2319269406888666
0.2357170869197095
0.2377046417827502
0.2488924235769209
0.2668816065988572
0.2739229611254421
0.3029253309877202
0.3261460298200715
0.3514141449004486
0.3832722546991621
0.387827862159834
0.4131602416228944
0.4299790071256542
0.434102917491629
0.4396635162510847
0.4650860855065564
0.4573897458648022
0.4273887901172867
0.4749725248000871
0.490875293622142
0.4934188307537687
0.510495364395957
0.5192089598184881
0.5061102014785729
0.5133353924527667
0.5282646737230459
0.5038671344872528
0.5035353449353523
0.5022640492825501
0.508990500259228
0.5027366736088335
0.493547378565478
0.4991385586266634
0.4993158149489631
0.5128186745464242
0.5150158614281394
0.5164788730710081
0.5238314931541925