0.0060747378371426
0.0060375463064646
0.0060581294867891
0.0059846379372618
0.0061810100340107
0.0061329759837859
0.0058368157169201
0.0060243197868822
0.0054653950269973
0.0059094483825394
0.0057980678359416
0.0058810189635179
0.0057789219457635
0.0057081321849468
0.005690404992338
0.0056403783874542
0.0057006799772656
0.0058143090212857
0.0056461402116872
0.0056866058294248
0.0056874230622166
0.0054895628156628
0.0053793438797992
0.0054539655402241
0.0054505590980556
0.0053619202291142
0.0052824518887856
0.0051195326046888
0.0049655972690645
0.0050366077236146
0.0048456245848395
0.0048317814040974
0.0047619860396891
0.0046236727184253
0.0044520100472813
0.0045226581994284
0.0044943247158799
0.0044254055345613
0.0044539957258817
0.0044669884039831
0.0044077446684938
0.0045681518185157
0.0045154678910794
0.0042680023229671
0.004420075677246
0.004516119271211
0.0043823357730848
0.0041339756270041
0.0044000544739358
0.0045156424203937
0.0044470745600632
0.0044323302097197
0.0043323844382785
0.0044822862707091
0.0044766803001944
0.0046029516996431
0.0045458949213847
0.0046656742099455
0.0043926082434053
0.0047278745592031