0.0854865918356085
0.0838697028178714
0.0821083754393706
0.0767961079589247
0.0743191074770615
0.0711074274374945
0.0684934385843551
0.0676587395602999
0.0650498024602282
0.0625424883725183
0.0618870020120723
0.0588786883687682
0.0567334708777686
0.0545365392696821
0.0538392876017751
0.0525587686360611
0.052716233325496
0.0514851075229413
0.0511790814580972
0.0512479853928378
0.0511184104622696
0.0501783528737492
0.0507408064834079
0.0497359232925135
0.0493533881266284
0.0492566511940682
0.0487510993548389
0.0483268933410101
0.049621634758313
0.0487068820663665
0.0493961385753495
0.0483527451737451
0.0497144555559559
0.0501450928925643
0.0495097203242632
0.0501907391096838
0.0511448620677055
0.0517577263321182
0.0512752809763926
0.0509499977097676
0.0513590963124726
0.0503489505886619
0.0524050831364786
0.0527596211445715
0.0550006758807986
0.0575858467647904
0.0581323874829001
0.0566314074854086
0.0581372580269286
0.0578736477413599
0.0566756080573762
0.0576554430398514
0.0597880204406163
0.0633263489069794
0.0668644677279851
0.0682260772299217
0.0706551023010869
0.0746015262056838
0.0800064846486379
0.0823865319346728