0.001938030388023
0.0019857637325549
0.0019685206009518
0.0019706668968081
0.0019312593277095
0.0019116089772665
0.0018493744138822
0.0018764214850551
0.0018513771258886
0.0017499696241979
0.0017776286595853
0.0017200232805185
0.0016988113499387
0.0016525352800261
0.0016063229058175
0.001616453725341
0.0016412485034258
0.0016221061123121
0.0015980281091652
0.0015265748238144
0.0015563745965198
0.001513963251426
0.0015818682119567
0.001609537678542
0.0016007707735348
0.0015882106450565
0.0015962141236271
0.0015997023324358
0.0016037153914801
0.0015728457945631
0.0016202097983974
0.0016220707032719
0.0016551030136086
0.0016536243844123
0.0015733715904091
0.0016073346566681
0.0016230067279819
0.0015653323947314
0.0015489832442002
0.0015423768898687
0.001564194386297
0.0015644268723824
0.0016145846872316
0.0015941470769341
0.0015798295287727
0.0016387578502963
0.001654054423968
0.0016521449787834
0.0016619788792246
0.0016942960565355
0.0016964031118162
0.0016734224805491
0.0017268282067827
0.0016522889386787
0.0017264423142945
0.0017347647227498
0.0017470700322779
0.0017177001246883
0.0017334144547547
0.0018329661026121