0.0016565484072983
0.0016572828589932
0.0016479934197443
0.0016741412694628
0.0016770131892956
0.0016837468914569
0.0017015402045429
0.0017077914319647
0.0016178706802554
0.0017145074330826
0.0017539115253541
0.0017452294901846
0.0017548703812748
0.0017661245750009
0.0017670205356331
0.0016862269860844
0.0017885405745288
0.0017926922467213
0.0017943583270683
0.0017974057619324
0.0017974057619324
0.0017974861076135
0.0018051231624167
0.0018200060783636
0.0018411510776775
0.0018221164162412
0.0018244831281014
0.0018382896157294
0.0018322329899899
0.0017478731621122
0.0017333060306622
0.0018264836316664
0.0018347832704763
0.0017332886438491
0.0018527321991926
0.0017456892867554
0.0018734003343929
0.0017740617384241
0.0018499167104334
0.0017583731222087
0.0018364394974099
0.001853748450824
0.0018600206945523
0.0017683400729225
0.0018202884493846
0.001812271021647
0.0018200822207387
0.0018212219556292
0.0018108679338661
0.0018104811944459
0.0017319527934761
0.0018188532200942
0.0018246247393897
0.001820039559715
0.0017255001035543
0.0018405080498618
0.0018683476768645
0.0018592454158244
0.0018726920405836
0.0018745014278011