0.0081952635336017
0.0119922045042242
0.0183574012266563
0.025132472212065
0.0256961539753863
0.0341339351175193
0.0467873216503592
0.0491609569035267
0.0602067403618605
0.0651987015903923
0.0659123195059037
0.0744466108620117
0.0790268220891884
0.0787443187322155
0.0770078521415203
0.0792030298380373
0.0793583460164454
0.0743796722053672
0.0783283244915976
0.0772736427651516
0.0775323494328274
0.0742286544678132
0.0778062930301371
0.0774201169319824
0.0738641872275877
0.078050194092673
0.0768648595837217
0.0761369980624025
0.0754535117240371
0.0754535117240371
0.0770930437093165
0.0775250112417231
0.0786930175960079
0.0720878287992378
0.0753330129319596
0.0754299529562387
0.0764508478063663
0.0758395711893649
0.0770750514912909
0.0776352951643096
0.0768978584828191
0.0765366625377641
0.0787671592811294
0.0782495872737696
0.0796142258480403
0.0781169529083369
0.0793064664168381
0.0737072363790972
0.0794283386188034
0.077782672229019
0.0777348500570944
0.0781525132918602
0.0790319251119588
0.0771884692060739
0.0780784563478305
0.0795802784486945
0.0791373196303668
0.0789118020943622
0.0778278756480501
0.0735537102226877