0.0019846645930868
0.0060664128532958
0.010961550250757
0.0216780621506092
0.0276621261236621
0.0284279017188366
0.0391756716209348
0.0453762205525019
0.0475329839157418
0.0567847133475629
0.0619967998312776
0.0656825041965554
0.0658635299055618
0.0635384217448176
0.067082151740529
0.0667544562055949
0.0663589757362195
0.0664253922128213
0.0633183106946966
0.0676151118580024
0.0668851598928832
0.0668684082281359
0.0669531848349678
0.0669742869862133
0.0626841531666544
0.0668854689887809
0.0672651943532489
0.0674540920631121
0.0675794956556033
0.0639286739783279
0.067483971576096
0.067585655700397
0.0637097316250853
0.0644374596258771
0.0678018706306558
0.0675245663398741
0.067633106053427
0.0672040527150859
0.0672683513469732
0.0670446683277746
0.0670364545706431
0.0670316846002301
0.0673128433456897
0.0639144660822969
0.0672497456672882
0.0642584636924236
0.067352805414668
0.0673268791205041
0.0679118562551849
0.0681118283579558
0.068227188256248
0.0678766287809837
0.0679816349643464
0.063814160267546
0.0683117378980454
0.0684204790486359
0.068409799919639
0.0687008187401197
0.0683298295710442
0.0643088876996162