0.0964028432304901
0.0952980617799165
0.0948224593970473
0.0949692579719505
0.096214091606902
0.0942759186851215
0.0963093893330913
0.0958306650708122
0.0957935923069946
0.0944614214721298
0.0961370068341204
0.0959942913842286
0.0970645495715999
0.0971653921697683
0.0974394192918014
0.0953359350191795
0.0959036502697742
0.0938830193640183
0.0950645608976738
0.0943807316699674
0.0953249110704127
0.092323853354131
0.0924410248161782
0.0938732930706869
0.0935025534669301
0.0941477982265262
0.0954900996542905
0.0965528728911873
0.0963776192796367
0.0954312438261917
0.0975605788803867
0.0969868877420043
0.0977210915555592
0.0999207728419049
0.0979444300844759
0.0985869649509314
0.0987244545718754
0.098668208864126
0.0975030915747588
0.0969633564769828
0.0910732577744967
0.0952906843492746
0.0945231005066822
0.0971063382926753
0.0930101576812284
0.093371343391706
0.0941998844448497
0.0930464264136185
0.0908058614961966
0.0935015556230913
0.0940964159240341
0.0946380856956193
0.095712384087592
0.096251628388926
0.0966670169993262
0.0966602582352935
0.0968562793926015
0.0961080265458936
0.0991609932087061
0.1000763068421536