0.0280952283451247
0.0311599142249034
0.0638172651496688
0.1285422994977
0.1715334453340666
0.2044194297667374
0.266640290549698
0.3178488743712362
0.3796356131063659
0.4368167259236369
0.4455848812875239
0.542415136004719
0.5991614930100646
0.6184248442406061
0.6590738315593263
0.7161626392240996
0.7600779627871214
0.8011314980903681
0.839717452988347
0.8638619943307926
0.9009775941819118
0.9161096864091828
0.9495853257934438
0.9969826223573204
0.9594209453749262
1.057419302870712
1.0779727987512435
1.112554473330798
1.1327683308309873
1.1482358016195031
1.1815416723496392
1.2030922262790893
1.2327576488472267
1.240276691376736
1.266265587845946
1.283486809629612
1.287264015364229
1.3053254037120552
1.31687764797529
1.341942467012375
1.2794926908022484
1.3506017327080924
1.3572425555820504
1.3651339934283429
1.3760951828406842
1.3763714385791994
1.2974356234477815
1.2160174609130867
1.0885919608619132
1.011167160102756
0.9110808339265906
0.7223618107439469
0.6550054510578429
0.4676514450739767
0.426608692707802
0.3426206030596929
0.1094162768645414
0.0176310143214252
0.0161317194571607
0.0189679460731723