0.0024656853952546
0.0028592441913603
0.0031937972101617
0.0033950373017726
0.0038156255699527
0.0044353963526274
0.0057652709666797
0.005997358400322
0.0064381394449952
0.0075916820605515
0.0086796688052186
0.0101140307802565
0.0107439925743833
0.0114838797256098
0.0129962366285841
0.0126768312864148
0.0145930296438769
0.0155797945841392
0.0166955425702735
0.0168134039441737
0.0177985452129457
0.0190581129023396
0.019343873524421
0.0184183277821416
0.0210388692729836
0.0216981443852216
0.0220302502570504
0.0220302502570504
0.0227867153840561
0.0231278957967369
0.0242280725367252
0.0240567716104394
0.0247558501841038
0.0252580305276224
0.0253855805847905
0.0256989406455142
0.0264854067772016
0.0254950598939008
0.0273155273133891
0.027745463700077
0.0281300388459707
0.02857702291906
0.0291058927351116
0.029308748816984
0.0297958218392943
0.0299632552828649
0.0281960134065071
0.0271513895413968
0.0247984419031561
0.0227489758195061
0.0211282818778515
0.0165458961596835
0.015645188878445
0.0140857855656174
0.009539417669221
0.0070978603023467
0.0046416243717606
0.0024834762458901
0.0023516561513662
0.0025216116096026