0.0013021698113207
0.0013067985156514
0.0013098727038348
0.0013229698547602
0.0013593620328135
0.0013748374810569
0.0013113545083988
0.0014171329293074
0.0014224347638946
0.001454616247956
0.0014558812787689
0.0014700315998708
0.0014715289171976
0.0014710407276814
0.0014708232559861
0.0013851110307435
0.0014448101333122
0.0014290517539136
0.0014190156820149
0.0013923690325839
0.0013806032147665
0.0012883545527123
0.0013779805368159
0.0013749656781132
0.001360837334526
0.001350905453688
0.0013358326388127
0.0013355908016848
0.0012435615999895
0.0012988263188746
0.0012780971496349
0.001259349606756
0.0011468775994412
0.001206623481918
0.0011901023791561
0.0011107097177389
0.001166756946465
0.0011663955521132
0.0011526321156089
0.0011489869809863
0.0011489869809863
0.0011483743858941
0.0011533238508083
0.001100226439387
0.0011707268149963
0.0069719339604013
0.0071910915532143
0.0067788785733162
0.0071615712241303
0.0070843173978928
0.0077209186362183
0.0077261639416088
0.0068371352177625
0.0071611019866352
0.0073278559478864
0.0069044502106552
0.0013546967849554
0.0013424255519762
0.0015847742852597
0.0015639896614158