0.0058438558349022
0.0056730310799013
0.0057797510881742
0.0057353291595043
0.0058100502482185
0.0056255607008989
0.005847712987609
0.0059285442305201
0.0060440651205735
0.0060140484097074
0.0061662991523598
0.0061016687432286
0.0060894867054536
0.005896502222708
0.0059023202749634
0.0057613063879038
0.0057027651569829
0.0055300659111725
0.0054208563958165
0.0052036181282958
0.0052710796401689
0.0051145341759371
0.0052531277777776
0.0052159560238611
0.0054148660243134
0.0053879358941605
0.0055069501646105
0.0053664746503336
0.0053933064550756
0.0052904859301396
0.0054435920880321
0.0054132004875741
0.0055286014345397
0.0053721126585745
0.0055794673629242
0.005516508538177
0.0055150351199461
0.0053760414528157
0.0054740417065032
0.0053691923908265
0.0055743452505219
0.0055583368856455
0.0055007354613501
0.0053464430934642
0.0053893595751669
0.0052489914741475
0.0052729233664813
0.0052327748889374
0.0053300593254111
0.0052083174018718
0.0053620766268139
0.0052127171291901
0.0052132758187098
0.0051799250703312
0.0051950244225499
0.0051958895328576
0.0051709713544948
0.0050726299258888
0.005258425890072
0.0051816948342788