0.0056310046628408
0.0057616194204731
0.0058460111518097
0.0059032350075714
0.0059429704005576
0.0058932123918349
0.0056661838210994
0.0057272928085608
0.0056629169531918
0.0056571594524073
0.0053984339425398
0.0055277850264056
0.0054259440219154
0.0051668372680973
0.0049876068748097
0.0048037896226588
0.0046961796287097
0.0048097767103347
0.0045853556849694
0.0046561965603712
0.004642089007338
0.0047187663873472
0.0046512060620472
0.0049277536102532
0.0049939383154122
0.0052465025405317
0.0052856574104029
0.0053275143862926
0.0052442921762408
0.0054916186375299
0.0055013902911203
0.0055237552741837
0.0057402847006893
0.0057761160391579
0.0055802475478064
0.0057876625538763
0.0056981471289704
0.0059265582610569
0.0058124396329741
0.0059893252496958
0.00575678259755
0.0058704434727845
0.0057951585755942
0.0056141539390561
0.0055856682753829
0.0055890504618852
0.0054198943682681
0.0053692824118559
0.0050990450485151
0.0052905830113041
0.0051813503900379
0.0053298787917525
0.0052008668463314
0.0052867512937317
0.0054227294476874
0.0052723210573591
0.0052767148916886
0.0053722180581937
0.0054149888156473
0.0055505645691774