0.0009997069792027
0.0009938691927571
0.0009962183683
0.0009872886467079
0.0009931262108159
0.0009887905632947
0.0009874382719408
0.0009746037770275
0.0009735676268059
0.0009729653575902
0.0009723932323968
0.0009809310108673
0.0009873224185003
0.0009873279907588
0.0009930085827622
0.0010002342395843
0.0010055671056367
0.0010153649456273
0.0010279310015255
0.0010292350188624
0.001032995881699
0.0010313577714703
0.0010354090967141
0.0010311292505897
0.0010341450749854
0.0010330802788235
0.0010345158063939
0.0010387668736304
0.0010415520411714
0.0010450993068683
0.0010563909095911
0.0010616849114053
0.0010668270035346
0.0010619675137878
0.0010697919065513
0.0010633100745659
0.0010631183903183
0.0010548071235198
0.0010596853630214
0.0010586479650789
0.0010486560191726
0.001048883568959
0.001047449219722
0.0010501050669251
0.0010581985774943
0.00105276737133
0.0010610102672057
0.0010593642207815
0.001067663497373
0.0010554972932277
0.0010477578263755
0.0010504482061923
0.0010461896436384
0.0010418506063441
0.0010429941746525
0.0010425563975247
0.0010493677951101
0.0010432663847393
0.0010421282562949
0.0010414148623216