0.0061049300524837
0.0058857523448009
0.0059915452039793
0.0059080984598061
0.0060237997807884
0.00598318207478
0.0060764223055601
0.0059931209982537
0.0060170423828411
0.0060168517546258
0.0061490755078782
0.0059205554035567
0.0058709727581069
0.0057431997514928
0.0057650462294718
0.005458932042924
0.0054837671354043
0.0052416602213995
0.0051101982190095
0.0051289636357063
0.0049233680213962
0.0048038033359751
0.0049819962975428
0.005027525307152
0.0050277811061136
0.004933360795352
0.0051661253015981
0.005003310407835
0.0051642261375795
0.0051673719982535
0.00528094713472
0.0052417876893872
0.0052701978791368
0.0051466443282547
0.0052157653662435
0.0052359841203586
0.0053418822218194
0.0052377722219199
0.0053539106078022
0.0052826034771641
0.0053804619658043
0.0050932823374552
0.0052460278592374
0.0051837442929784
0.0051286362072711
0.0051005400486968
0.0051690872846413
0.0050205535878028
0.0050525184394725
0.0049525814248195
0.0049468703868912
0.004866373933675
0.0050167666375638
0.0049251381165595
0.0049599124331186
0.005018586737514
0.0048818377298886
0.0048222368252925
0.0049989039815644
0.0050014970803849