0.0010547575468058
0.0010475841782067
0.0010574080661504
0.0010493759053553
0.0010425629337735
0.0010534904343376
0.0010594239258604
0.0010482416403215
0.0010459013679939
0.0010312425349513
0.0010359695713562
0.0010398384925732
0.0010396896148505
0.0010412738549271
0.0010371662999
0.0010456472679054
0.001035730024832
0.0010385659449541
0.0010460257952784
0.0010488474437553
0.0010568850933367
0.0010485476207891
0.0010565278346036
0.0010573828861893
0.0010530793815747
0.0010516115247711
0.001053098324387
0.0010643722507297
0.0010644362214844
0.0010724141055445
0.0010685977972594
0.0010687544655303
0.0010643646287026
0.0010482602126265
0.0010522009437885
0.0010421684855234
0.0010376273904882
0.0010200696302268
0.0010022386077316
0.0010000163525702
0.0009912128354811
0.0009896246902415
0.000993910089511
0.0009937805852281
0.0010026478402246
0.0009880611795065
0.0010059608881205
0.0009993641358463
0.0010068557813343
0.0010119732439046
0.0010026577556561
0.0010016134085556
0.0010083462777282
0.0010065938492243
0.0010146019005292
0.001011025568487
0.0010104405363458
0.0009993726136913
0.001017647670361
0.0010167111921214