0.0021925491149617
0.0021883410734819
0.0021759378096154
0.0021680132365726
0.0021757627006186
0.0021582082567973
0.0021725239551104
0.002149758801678
0.0021367782909097
0.0021334853143517
0.0021556942634104
0.0021587006596636
0.0021421876890583
0.0021895873563434
0.0021600230292454
0.0021612928703361
0.0021742224622814
0.0021607693609665
0.0021790272088994
0.0021839697477739
0.0021755980103433
0.002164032133723
0.0021383025088952
0.0021652170142325
0.002130092631311
0.0021522618235647
0.0021767392289007
0.0021518160353535
0.0021611187521958
0.002160263913759
0.0021567530193236
0.0021643458729927
0.0021685919676676
0.0021912669132802
0.0021688003922778
0.0021875995284729
0.0021692247902173
0.0021344698272797
0.0021194115183052
0.0021419014990066
0.0021357131399593
0.0021344167948266
0.0021303959997055
0.0021112849096841
0.0021280459143691
0.0021227308570806
0.0021159549427901
0.0021166025182481
0.0021118353195899
0.002101018841945
0.0020666711199854
0.0020470196766743
0.0020335383489884
0.0020469403742069
0.0020487184179456
0.0020211988719827
0.0020207467332608
0.0020296367843643
0.0020502587654409
0.0020517026064637