10.0
10.0
10.0
10.0
10.0
10.0
10.0
10.0
10.0
10.0
10.0
10.0
10.0
10.0
10.0
10.0
10.0
10.0
10.0
10.0
10.0
10.0
10.0
10.0
10.0
10.0
10.0
10.0
10.0
10.0
10.0
10.0
10.0
10.0
10.0
10.0
10.0
10.0
10.0
10.0
10.0
10.0
10.0
10.0
10.0
10.0
10.0
10.0
10.0
10.0
10.0
50.0
54.0
66.0
90.0
78.0
100.0
106.0
96.0
139.0
125.0
129.0
146.0
151.0
157.0
156.0
159.0
157.0
151.0
192.0
136.0
142.0
174.0
128.0
145.0
153.0
146.0
187.0
131.0
146.0
171.0
121.0
190.0
163.0
132.0
183.0
167.0
152.0
168.0
139.0
162.0
146.0
145.0
166.0
138.0
164.0
132.0
164.0
145.0
144.0
191.0
138.0
182.0
157.0
127.0
165.0
106.0
119.0
170.0
159.0
140.0
98.0
150.0
120.0
141.0
145.0
153.0
137.0
189.0
226.0
166.0
174.0
223.0
290.0
285.0
142.0
322.0
310.0
284.0
263.0
256.0
387.0
409.0
324.0
279.0
332.0
315.0
386.0
281.0
256.0
280.0
303.0
396.0
326.0
367.0
385.0
451.0
347.0
419.0
252.0
251.0
355.0
309.0
307.0
501.0
276.0
434.0
352.0
394.0
429.0
498.0
394.0
439.0
503.0
506.0
353.0
440.0
369.0
293.0
472.0
535.0
439.0
403.0
390.0
402.0
384.0
316.0
419.0
406.0
395.0
445.0
353.0
364.0
442.0
473.0
532.0
376.0
343.0
395.0
471.0
501.0
677.0
516.0
489.0
417.0
538.0
511.0
499.0
515.0
493.0
356.0
318.0
419.0
392.0
599.0
518.0
533.0
475.0
613.0
418.0
337.0
441.0
493.0
513.0
473.0
401.0
439.0
392.0
326.0
385.0
479.0
486.0
571.0
482.0
390.0
372.0
478.0
377.0
380.0
284.0
532.0
385.0
397.0
399.0
342.0
444.0
414.0
366.0
459.0
485.0
397.0
359.0
380.0
369.0
386.0
470.0
393.0
383.0
440.0
484.0
498.0
505.0
539.0
514.0
450.0
308.0
440.0
455.0
607.0
418.0
420.0
338.0
521.0
438.0
442.0
414.0
509.0
478.0
452.0
449.0
545.0
459.0
365.0
451.0
551.0
403.0
397.0
509.0
525.0
450.0
497.0
632.0
527.0
398.0
320.0
371.0
402.0
402.0
307.0
375.0
403.0