0.0140874338256799
0.0141146960487993
0.0139838232976827
0.0141922397267622
0.0140158310918502
0.0052849548896236
0.0144915162601625
0.0145608725190697
0.0143960122195069
0.0146904461962009
0.0144913531360383
0.0146292229096989
0.0145390728203254
0.0145980521672701
0.0145771355502481
0.0146455001184336
0.0145204881721609
0.0054226418095728
0.0139493228986633
0.0140827040333303
0.0139025958164275
0.014140628498866
0.0140268987554238
0.0139966492309349
0.014077312472877
0.0140737524865688
0.013892164898888
0.0140440232866028
0.0139362045060024
0.0049346293611656
0.0150479960618952
0.0151644025528638
0.0149127864243837
0.0148646621202061
0.0150486077552433
0.0149361301510798
0.0148932506315506
0.0150133917760869
0.0150528004642475
0.015152221387326
0.0149828231087152
0.0051997296098636
0.0144108357209894
0.0145898235614646
0.0145456322942528
0.0145163817263545
0.0143491969721664
0.0144320546299175
0.0143906126442643
0.0145560571107785
0.0142805927818531
0.0144401854112703
0.0142395248635536
0.0048908618331797
0.0135818938575829
0.0136544269505098
0.0135365217172172
0.0139054785979531
0.0136382936916611
0.0137510264157902