0.0061693249345849
0.0060402951583038
0.0059554391705577
0.0060708404139917
0.0062409002472456
0.0062373293295835
0.0061709763679061
0.0063189377988703
0.0060950142676373
0.0061251373891651
0.0061781964269535
0.0060245411300487
0.0061386932758713
0.0062083978829501
0.0061120994874226
0.0059721582543099
0.0059315065927977
0.0060380583937626
0.0061294312313848
0.0060557013299121
0.0060744888017414
0.0060414887884202
0.0060231446339016
0.0060627657178376
0.0060237703230258
0.0057926329317124
0.0058593970300533
0.0058442940747226
0.0058370687981222
0.0055637381336719
0.0056921428054363
0.0054067377707514
0.0052740591614224
0.0053106292301639
0.0051659780477176
0.0050716293415607
0.0052867268391624
0.0051864940654941
0.0051237741753748
0.0050670539287183
0.0049626317586068
0.0049687285308602
0.0051880173735965
0.0051507823959987
0.0050592408438755
0.0051992248374844
0.0052546400043648
0.0051693660720745
0.0052219163808922
0.0052728493855801
0.0053109472391987
0.0054213279898264
0.0054646798165473
0.0053291632460143
0.0054235541971557
0.0054026385971794
0.0051851746290829
0.0051570374650749
0.005195268872558
0.0052137726520927