0.0011756335330854
0.0011739814481038
0.001184433308837
0.0011689008227104
0.0011715658344669
0.0011753159025787
0.0011512004646102
0.0011446512349037
0.0011424547090802
0.0011579815963048
0.0011335091380949
0.0011389298101647
0.0011502920428224
0.0011421588535517
0.001145840611793
0.0011394334238133
0.0011458287177643
0.0011509474736917
0.0011493748311981
0.0011473443302718
0.0011606626795115
0.0011694179420384
0.0011725502145298
0.0011613928590916
0.0011688249642346
0.0011706130133859
0.0011744081395764
0.0011731141963889
0.0011809021362059
0.0011745847630646
0.0011849710101135
0.0011599913486931
0.0011658841286892
0.0011608014299936
0.0011687809126241
0.0011572920080101
0.0011457065133251
0.0011592931920773
0.0011600206180007
0.0011475897106923
0.0011582928856564
0.001155174537037
0.0011604653303076
0.0011474825435734
0.0011466019635805
0.0011357972004665
0.0011399113810248
0.0011480231875125
0.0011355134821688
0.0011312322181871
0.0011944365349909
0.0011792190133681
0.0011808923764382
0.0011684319576285
0.0011643152519208
0.0011684388745324
0.0011606359172985
0.0011682097822285
0.0011742893580537
0.0011686932576526