0.0058350614478268
0.0060041677434406
0.0058396580033223
0.0057277244421476
0.0057028227311745
0.0058974548317436
0.0059285251041438
0.0058327819735186
0.0057696553383019
0.0058061388642727
0.0058754342868683
0.0060590269776031
0.0061485390953237
0.0068907839617436
0.0072747499909626
0.007634010076706
0.0077440593126887
0.0081613866021852
0.0086011950375804
0.0087020084390533
0.009107559164648
0.0093247519906111
0.0094446546691899
0.0093815504165158
0.008966361723631
0.0087655929615117
0.0087848535383941
0.0088710524568029
0.0088108475982532
0.0089787072614783
0.0092811481080691
0.0091468743918943
0.0095184620590273
0.0095914475167344
0.0098266129121897
0.0098327597980197
0.0099477771573603
0.0102368977603257
0.0101515387905038
0.0106057921912291
0.0106021191592591
0.0104866683101172
0.0109136727607451
0.0108136525175643
0.011338117619745
0.0115679590985571
0.011689446910508
0.0116207947784404
0.011483893949595
0.011732564967
0.0116745019910176
0.0115721641105991
0.0119157023450196
0.0117315638109859
0.0118466092662985
0.0113467700851399
0.0113184415845166
0.0114955379928769
0.0114668953935424
0.0111997336431364