0.0020970801863249
0.0020578444918841
0.0020723057877571
0.0020378180052162
0.002039672037949
0.0020403872728932
0.0020534958874458
0.0020626016196111
0.0020512385586817
0.0020480124634105
0.0020678129811964
0.0020772904215533
0.0020901003099063
0.002056943080799
0.0020984461695608
0.0020389031908852
0.0020470740801189
0.0020183060133465
0.0020116129870601
0.0020153915635279
0.0020465804743054
0.0020149407629614
0.0019917415914832
0.0020226099468192
0.002129657554299
0.0020897127990559
0.0021266553867149
0.0021159629072402
0.0021214360149233
0.0021330686170113
0.0021334868628964
0.0020930754475476
0.0021182047758055
0.0022175828404514
0.0022208656127192
0.0021252044256171
0.0021290315766588
0.002120965702017
0.0021172305806267
0.0020941786949005
0.002094731051038
0.0021078352617689
0.002131925111025
0.0020926082128145
0.001993035856144
0.0019564009533412
0.0019774571633738
0.0019718449062529
0.0019838416316186
0.0019645007391529
0.0020015977009403
0.0019851912663913
0.0019901042704249
0.0019774307260862
0.0020086735135135
0.0020056003904071
0.0019928326295654
0.0019724122124981
0.0020078948993679
0.0020043654191561