0.0056582356348006
0.0056092237577182
0.0058074060613659
0.0058069783114293
0.0059319680174847
0.0058542124811565
0.0059173206776557
0.0057755917782544
0.0059887628414503
0.0059676913161842
0.0060665444221069
0.0059400077963812
0.0060307490240935
0.0059515296834744
0.0060729856375693
0.0059136672364159
0.0060236406107198
0.0059094308947571
0.00603033576227
0.0059596990821402
0.0060766596104841
0.0060228312656011
0.0061384385845713
0.0060754351597672
0.0061244853707414
0.0059513185719437
0.0060264898103492
0.0058844469074787
0.0059979749522549
0.0057945259723964
0.0058378006392545
0.0057519609219505
0.0058179934648805
0.0056714797361317
0.0057567821514747
0.0056015018800358
0.0055889966032485
0.0054982874060661
0.0056481895516413
0.0054307214292063
0.0055152100225535
0.0053451300059935
0.0053917035391678
0.0052278568679423
0.0053100215911969
0.005181277608934
0.0053239780120263
0.0052691455070979
0.0053981718875355
0.0051835110805103
0.0053957135406254
0.005366612962051
0.0054158676092544
0.0053211766286958
0.0054184559856279
0.0053693786072135
0.0054302515985645
0.0052458208977215
0.0054153529293776
0.00528539897878