0.0057925725759238
0.0057832422212895
0.0058448103191063
0.0057901201344365
0.005807887873648
0.0057810752939049
0.0058857133946756
0.0057247814939495
0.0057138311145059
0.0055424086429948
0.005732692197461
0.0056989943837527
0.005841479872559
0.0057503540630932
0.0057415250239552
0.0056985490096588
0.0056767881251806
0.0056602516355483
0.0059634239326735
0.0059511455656505
0.0060799956935878
0.0058785802541336
0.0058612120517586
0.0057316975745466
0.0056691218236309
0.0055426060817084
0.0056117105123755
0.0054548881588715
0.0053790201834862
0.005109744006755
0.0051815279144779
0.0050355079839604
0.0050852348984748
0.005038627675324
0.005088505923604
0.0051162759335722
0.0053791746398008
0.0052639950062876
0.0055403512329567
0.0055246206329182
0.0056508112528268
0.0055155607689389
0.0057492568369687
0.0056193201103829
0.0057120968255437
0.0056817408578807
0.0057848800686587
0.0054870533644809
0.0055683231261919
0.0053756286789072
0.0053386082919102
0.0051254261704681
0.0052391445468905
0.0049612221841588
0.0051089528363755
0.0050434528924446
0.0051026112811226
0.0050227866794667
0.0051809068517197
0.0051441142815574