0.0058217708954809
0.0058278490893808
0.0059909479908444
0.0059608207432641
0.006066961591549
0.0061690220136428
0.0060846255155553
0.0060685335014274
0.006067799188604
0.0061610609451364
0.0060383652718598
0.0069983558515004
0.0083034183000664
0.0094790111439046
0.0106445348837209
0.0118573703019537
0.0131116167444903
0.0141385149253731
0.0153493933896891
0.0167473828607664
0.0176390853175338
0.0188586688352308
0.0186802248349609
0.0183723468744967
0.0180417070838926
0.0181172619392449
0.018307175740717
0.018570134500745
0.0190001374014653
0.019341630852557
0.019287926169401
0.0197270717004514
0.0202211207274198
0.0203595259005332
0.0202258296587584
0.0197187467840337
0.0195295814405766
0.0194398227563986
0.019560084457753
0.0192133902864304
0.0194841400501748
0.0195777806204088
0.0191936052216217
0.0187475681876115
0.0190254640260624
0.0191692768091065
0.0193172521458839
0.0191187565207841
0.0186046243750919
0.0186508494817727
0.0187155081171486
0.0175390903476878
0.0179122799578096
0.0179813883359587
0.0183649597173659
0.0183087237039256
0.0185087944986434
0.0188150317946824
0.0184515148702576
0.0184425822581819