0.0011092047586948
0.0010995974202793
0.001123707948794
0.001108344883955
0.0011231065153935
0.0011117914375632
0.0011226435206939
0.0011192540706435
0.001133241011142
0.0011145504276292
0.0011409321636557
0.0087617566970351
0.0192438461357424
0.0263271458832501
0.0357065914799949
0.0428064107385222
0.0515261089166007
0.0614059309044306
0.0689719278050023
0.07725290472103
0.0862326840528121
0.0941137990449661
0.0950453754834705
0.0924173206952785
0.0904719365246579
0.0908002090615121
0.095020120809672
0.0961386762653811
0.0973784201193269
0.099551877768737
0.1000548756239827
0.1021060555698671
0.1058605293449654
0.1068052649233879
0.1028425040163156
0.1009577748415753
0.0993185392516372
0.0976615487178555
0.0979383634742832
0.0998913508559446
0.1017323590253066
0.0996479481565986
0.0997867581711214
0.0970686020110996
0.098092409064209
0.1019143354063629
0.102062041831097
0.0997998446966987
0.0973145730474232
0.098018222821728
0.0976511816127431
0.090803839282057
0.0939601582222223
0.0936117640990249
0.0970518573428352
0.0963239695959199
0.0989881119864327
0.0993990512293965
0.0981526454520673
0.0972143421733041