0.0019684867603039
0.0019843410530157
0.0019908867670104
0.0019625103601247
0.001999105121839
0.0019826468925516
0.0011907189073761
0.0011871461751622
0.0012038137583587
0.0011987697463867
0.0012103942992439
0.0012033432578287
0.0012154410620941
0.0012091154727581
0.0012141725629931
0.0012032826188845
0.0012162496877545
0.0011960739934711
0.0012061135797493
0.0011920515726681
0.0012006186928972
0.0014319898685406
0.0014525029385089
0.0014356939101987
0.0014563071101374
0.001455389793824
0.0014485229665858
0.0014225186208125
0.001434900625409
0.0014219561294336
0.0014253201146153
0.0014089797917273
0.001164399949102
0.0011548119449257
0.0011553894786335
0.0011394393347794
0.0011574513334403
0.0011537685367661
0.0011723417294065
0.0011719020327964
0.0011897669846143
0.0011787760277436
0.0011891693471219
0.0011838147465266
0.0011853174844131
0.0011881587922891
0.0012009727402895
0.0015057847314295
0.0015330162532709
0.001512476788994
0.0015320901501896
0.0015002405531921
0.0015233711928934
0.0015140059406662
0.0015238330640328
0.0015168361509405
0.0015124031835003
0.0015180352029082
0.0011904852661773
0.0011760568237359