0.0055908129184502
0.0056228491164556
0.0055427592711225
0.0056995360334201
0.0054972210603024
0.0055406131310583
0.0054111472277082
0.0053928383576445
0.0054129621971749
0.0055078886424376
0.0057370382535623
0.0067329804307759
0.0074637124590043
0.0086762570320786
0.0091831032770605
0.0104972121742938
0.0110966179641812
0.0121175861102628
0.0129738272745604
0.0140576461527296
0.0149446508775104
0.0156902780399601
0.0154313145428535
0.0157379050394613
0.015285843301963
0.015419031067046
0.0151338640583434
0.0149935032523658
0.0147821574016807
0.0147459519517898
0.0146584300520946
0.0144154784672896
0.0138349518074512
0.0133498128732944
0.0124222391821293
0.0121789606262372
0.0116831711302277
0.0110956974739154
0.0108927800370703
0.0103945301868667
0.0101002581973847
0.0093799623588687
0.0093641046865378
0.0093821372885333
0.0095193350509831
0.0096261004278315
0.0092662779660399
0.0088159458365562
0.0088899822908678
0.0089467817877155
0.0091196720026435
0.0092437191930206
0.0093874147849123
0.0093871372521019
0.0094623990298041
0.0094403592252579
0.0093390561211686
0.0093377201618584
0.0092764651587011
0.0090958172303624