0.0021827944115847
0.002175467036716
0.0021809373117783
0.0021893655037678
0.0021823469902357
0.0021952268509996
0.0021608274247009
0.0021437856199914
0.0021701994778644
0.0021301859825423
0.0021449149288846
0.0021277513784371
0.0021299579848774
0.0021378898810056
0.0021513679106777
0.0021301409674633
0.0021093718763386
0.0021522444440362
0.0021469411606131
0.0021284274113722
0.0021429701287584
0.0021294045671313
0.0021591756697408
0.0021372850294181
0.002137714832098
0.0021151160354698
0.0021357793361982
0.0021340715215289
0.0021139376487558
0.0021103647494356
0.0021342239556124
0.0021240125423418
0.0021061884737475
0.0020841781458145
0.0021094503138545
0.002106493998204
0.0020968462389179
0.0020923972839013
0.0020874806085163
0.002097217827369
0.002100063977061
0.0020673717400051
0.002085133853475
0.0020926156064056
0.0021067453969764
0.0021009431021897
0.0020921085761711
0.0020876887918647
0.0021007894015614
0.002125608625939
0.0021069418485986
0.0020800024687353
0.0020911451130798
0.002067127088877
0.0020630540122083
0.0020651473881275
0.0020613449558173
0.0020466416184971
0.0020699953636944
0.0020723544892487