0.0010610355427994
0.001059423537019
0.0010521767864442
0.0010514253467451
0.0010396238842886
0.0010534213059782
0.0010628818919215
0.0010700257446572
0.0010700026577707
0.0010717848082595
0.0010622008948057
0.0010679136073459
0.0010673397406918
0.0010721892551892
0.0010628400357621
0.0010646781044851
0.001052978998325
0.0010452311148654
0.0010386341203075
0.0010354474052531
0.0010273323012672
0.0010337493407953
0.0010278801145065
0.0010289680984266
0.0010290982870902
0.0010433020407397
0.0010376761602033
0.0010453516933046
0.0010500027020165
0.0010551969770754
0.0010503549925591
0.0010547286057692
0.0010387263379337
0.0010387546556474
0.0010396019507664
0.0010305581251253
0.0010183999294843
0.0010229354137899
0.0010058232109015
0.0010011569530688
0.0009886705266817
0.0009948275039015
0.0009925606440328
0.000997366756708
0.0010022423731549
0.0009989934599698
0.0009985868413464
0.0009986143383708
0.0009931007211275
0.0010049893800124
0.0010202660971451
0.0010380802469135
0.0010419485794064
0.0010436184677551
0.0010682421452089
0.0010825436788431
0.0010969193940361
0.0011195227051364
0.0011303822597294
0.0011477815911243