0.0069029051253785
0.0074739520358561
0.0081646921435197
0.0082120143945418
0.0087034820906038
0.0092351825040547
0.0099990145870861
0.0105968987294538
0.0112003352118889
0.0115031876484573
0.0116766663469511
0.0112697845051437
0.0112870821967292
0.0113680360628269
0.0117803454399688
0.0120125487397056
0.0119913460459475
0.0120134450594613
0.0120837700951365
0.0120714855769213
0.0121111832171943
0.0120206533743395
0.012239712700414
0.0118610178881255
0.0117883240813068
0.011785433716368
0.0116083973689527
0.0116090210717804
0.0112918958872063
0.0112973869233821
0.0112326352110705
0.0111578573384032
0.0111054703210602
0.0109814362568455
0.0110708867423545
0.010983902627056
0.0109768473070978
0.0108138189863769
0.0109080779693303
0.0110483471135557
0.0110374516460458
0.0109079734501978
0.0110902556719671
0.0109836014380085
0.0110505157939593
0.0109772591599843
0.0112426253342014
0.0112128989681679
0.0115594045215379
0.0113578780895116
0.0112112552582848
0.0110955240528956
0.0113948560434284
0.0108308506602479
0.0104755051000049
0.0098275262537195
0.0094986982721122
0.0086732984774511
0.0083782076363143
0.0075236101760909