0.0020501311743278
0.0039251133595277
0.0062892262216328
0.0082138822865945
0.0104730595977879
0.0124773366798594
0.0150059597958914
0.017207234380196
0.0193009321909002
0.0216407602831731
0.0232632392555778
0.0245401195658061
0.0253634201504109
0.0254416731357376
0.0258342937702173
0.0256292378492294
0.0256565033235447
0.0258473365635827
0.0262275870305327
0.0258338092070475
0.0260855194045716
0.0259536014546637
0.0260813679032137
0.0261061020536827
0.0260140298486062
0.0259383015249665
0.0258383566646048
0.0260917480322123
0.0259665125702616
0.0259301119818611
0.0266781356087082
0.0261494936221017
0.0264354517146592
0.0261925995708768
0.0263502642577665
0.0265240341267185
0.0262674930379744
0.0264358077731103
0.0262787893043374
0.0261103337147761
0.0260439039941868
0.0256957568699337
0.0256312158724919
0.0258228570124731
0.0262180477665246
0.025964294156294
0.0260294086240841
0.0262866473699554
0.0263780393817165
0.0262240321993033
0.0264353990124834
0.026124498593428
0.0262983993253766
0.0245726419165993
0.0220666293836945
0.0192528298807496
0.0168897436943422
0.0142828874073268
0.012210396123607
0.0099359131603957