0.0012430366912485
0.0012465580457682
0.0012485162308633
0.0012578037023723
0.0012617785650858
0.0012720338811448
0.0012848176274742
0.0013054138468388
0.0013059991823232
0.0013013020313323
0.0012930317367028
0.0012907228133967
0.0013025603926433
0.0012883509091584
0.0013036609552719
0.0013226032750936
0.0013132730882517
0.0013116024496422
0.0012938433448144
0.0012957991559354
0.0012997357344837
0.0012969413832895
0.0012985905813719
0.0012954745875656
0.0013213795847501
0.0012922131002633
0.0012943042170871
0.0012907818376449
0.0012814022448213
0.0012949385511113
0.0013000437171182
0.0013246501805187
0.0013274977399386
0.0013349967457164
0.0013292837403772
0.0013184826014006
0.0013420198698433
0.0013391707757722
0.0013401913530085
0.0013385912836079
0.001345953346066
0.001351357670602
0.0013308592219019
0.0013366479898759
0.0013037672370359
0.0013148733777494
0.0013186669826337
0.0013169838466976
0.0013172186484612
0.0013134375300807
0.0013130703584018
0.001308836754289
0.0012902692355879
0.0012928545411925
0.0012963328597449
0.0013109305150632
0.0013215519183837
0.001386047666009
0.00137242792391
0.0013722869601707