0.0072771874380276
0.0081383433430201
0.0098805571508638
0.011977208823104
0.013734777338071
0.0165498200567225
0.0188897492156144
0.0214683112865812
0.0238622296027572
0.0273788704560599
0.027719489767483
0.0299846671336059
0.0308783349343708
0.0317385457746489
0.0320798157022697
0.0324334802832562
0.0329715885471105
0.0321616234006907
0.0323010728964865
0.0330156059068828
0.0325904491083462
0.0324022542715046
0.0323989823600977
0.0330661170509419
0.0322215174911049
0.0326422474392733
0.0325244597679834
0.0320860084577018
0.0326203312006294
0.0323666778005503
0.0314684075160398
0.0322121818029853
0.0325886947753516
0.0325264467955058
0.032437294871794
0.0327455646868725
0.0318906063034201
0.0330001815191548
0.033286297721385
0.0311133916065454
0.0331026171608783
0.0332668431062098
0.0331927515745509
0.0331845138618296
0.0333684129047534
0.0328486793307526
0.0310307151644262
0.0320482290858704
0.0291643478654417
0.0242010062616821
0.0241082415604866
0.021513384224565
0.0191326077080144
0.0164694344202972
0.0138929158223913
0.0113037749239173
0.0093993633114396
0.0070035204036452
0.0059813415710189
0.0058655571490115