0.0010900154326526
0.0010917654289605
0.00110713464509
0.0011035638440735
0.0011075858503952
0.0011024156860557
0.0011165428794083
0.0011216052260791
0.0011276150780651
0.0011063486703325
0.0011150690411454
0.0011047568161666
0.001107301930516
0.0011052263161727
0.0011057598293701
0.00110270219274
0.0011024727214492
0.0010922121125092
0.001101375778623
0.0010937749652194
0.0011538300481901
0.001253164132682
0.0015812993072349
0.0019679537994584
0.0025264543118794
0.003006682104276
0.0034745362176277
0.0039037810389942
0.0046662288992931
0.005393348022782
0.0069744124744414
0.0071239007266994
0.007472138933883
0.0076498562434607
0.0080282799096249
0.0079005387182668
0.0083839873163976
0.008123301230926
0.0093084960595526
0.0100113615037103
0.0101080804131516
0.0100307217232262
0.0106208149316509
0.0110972767767228
0.0112393075027582
0.0110885560255254
0.0110401146265654
0.0124489084040149
0.01270180471894
0.0122168024489646
0.0114709489710318
0.0119694109872929
0.0116928431541837
0.0122517102621912
0.0126984228966829
0.0126754541543912
0.013300319891587
0.0132940271014413
0.0120811301995565
0.0122736191282646