0.0003248917175335
0.000344300283389
0.0003473091345185
0.0003330715231788
0.0003432481966537
0.0003399966412377
0.0003181949346674
0.0003407025736028
0.0003365338260576
0.0003181954985321
0.0003352191700866
0.0003395022623608
0.0003138968882806
0.0003346971285982
0.0003222078815911
0.0003137059389876
0.0003331623197411
0.0003415375710841
0.0003160014568234
0.0003443736831461
0.0003396935992747
0.0003196562142532
0.0003413850664157
0.0003415744692316
0.0003212932213071
0.0003361793592389
0.0003310621924673
0.0003097559282501
0.0003206605625859
0.000320483058608
0.0002939909621201
0.000312969903267
0.0003199914481185
0.0002928623611816
0.0003158216559354
0.000311444216644
0.0002930450592741
0.0003180393251323
0.0003132321692518
0.0002979983088857
0.0003164945249859
0.0003197297777289
0.0002993188637727
0.0003152112971837
0.0003189376990042
0.0002957275314422
0.0003206188568619
0.0003253536122377
0.0003022314615897
0.0003254898918492
0.0003215788355524
0.0003058097782184
0.0003199064683425
0.0003222031569343
0.0003040961710355
0.0003233610225982
0.0003217982272155
0.0002982013771264
0.0003263444836216
0.0003253280263469