0.0059056776640468
0.005956458752804
0.0060541696712039
0.0060230875643467
0.0061248838297718
0.0059823402782784
0.0060795848449439
0.0059585692649028
0.0061134441604582
0.0061094290592701
0.0063026360677084
0.0061475439469022
0.0061848423618536
0.0060785677155319
0.0060968669542015
0.0058687444847304
0.0057973606497535
0.0057082665239741
0.0057957547259323
0.0056815693506301
0.0058194889026343
0.0056514776474899
0.0057733215173557
0.0055524941015909
0.0057309327751064
0.0056197978959956
0.0058113706945122
0.005794455894403
0.0059608949783145
0.0058288937977756
0.0059083633833969
0.0056807768904554
0.0058151074201184
0.0056045387161904
0.0057856599897187
0.0056207246260195
0.0057573443048469
0.0056654492270598
0.005742663659342
0.0055552577544618
0.0056853346586659
0.0055461622619221
0.0056158606050776
0.0054424975305339
0.0056305942231075
0.0055513143618087
0.0056316895232278
0.005504328019032
0.0056633737695266
0.005661558941004
0.0058155303759785
0.0056908594824173
0.0058291496651584
0.0056660477045396
0.0057679859736126
0.0056017713683368
0.0056323176139623
0.0054849373475251
0.0055845875535308
0.005412058642031