0.001129305652452
0.0011179998746755
0.001132435177829
0.0011131359223302
0.0011260516269301
0.001121592729433
0.0011415447850062
0.0011320777233224
0.0011337810856204
0.0011176944806842
0.0011245209155065
0.0011184117403363
0.001132983857465
0.0011205956316516
0.001137817458732
0.0011224443219403
0.0011310629740791
0.0011065520085421
0.0011172468154338
0.0011056367506718
0.0013100803689064
0.0014661172668343
0.0030792762725334
0.0037973045932342
0.0044593818509508
0.0051862430560686
0.007148056898952
0.0076473034307907
0.008657021949552
0.0095846811024324
0.0107286202269255
0.0124412044189639
0.0126314177979719
0.0116778837243429
0.0118495178835941
0.0121338778916273
0.0137756494339351
0.012679518539935
0.0153630360312259
0.0163250178130352
0.0167597818904186
0.0178204179769154
0.0173118414492752
0.0194030964199546
0.0196338710074367
0.0192968413628903
0.019515053931324
0.0182142465832068
0.0200594051037855
0.0186965780745708
0.0198798821825469
0.0203238055745615
0.0210100894033199
0.0210104771364929
0.0219016903260605
0.0216624912907463
0.0226997912148604
0.0230985138276624
0.0233892421698182
0.0224393191775178