0.0009954547621991
0.0009939145066513
0.0009977875573089
0.0009801442311124
0.0009804435192087
0.000987180674587
0.0009866029225244
0.0009879762286324
0.0009930280326197
0.0009984482285879
0.0010025693784179
0.0009960950531516
0.000998426237272
0.0009786330229463
0.0009889892469171
0.0009882743526846
0.0009815478674001
0.0009808752126122
0.000981052845227
0.0009847030324027
0.0009931355448194
0.0009901501393064
0.0009910020606149
0.0010045273677454
0.0010215613047364
0.0010178934279045
0.0010229400665124
0.0010217514188848
0.0010171523770749
0.00101804552663
0.0010174345581259
0.0010149997634858
0.00101114180602
0.0010113497540589
0.0009998535407241
0.0009930764450893
0.0009939919930631
0.0009960285735769
0.0009945232784218
0.0009979217170351
0.0009909251428465
0.0009938796228487
0.0009759578262617
0.0009851784846357
0.0009829898411789
0.0009978594638207
0.0009944270312246
0.0010005933735479
0.0009985265542545
0.001009485771343
0.0010077372467813
0.001014386978904
0.0010137211343686
0.0010292046194902
0.0010278986900504
0.0010287305103348
0.0010315212389063
0.0010279330843505
0.0010224745521023
0.0010265232463446