0.0053656308421517
0.0055414558105161
0.0054793737291361
0.0055679596977329
0.0053754123392657
0.0054011679764424
0.0052989028888316
0.0054322193952334
0.0053830356504911
0.0056094158189262
0.0054973773877414
0.0055717880337835
0.0054727010004044
0.0055527264274775
0.0053883544655766
0.0055464098324147
0.0054547482269503
0.0056251471925538
0.0055768760263781
0.0056880264623454
0.0054429584551186
0.0055167463022681
0.0052712716408031
0.0053436026883287
0.0051587528716949
0.0053492312720408
0.0053219489313511
0.0054683100701822
0.0052344985536963
0.0053048467330175
0.0052323594984666
0.0053711609244398
0.0053127579145429
0.0054927951048824
0.0052418425532677
0.0054538489438601
0.0053439972614321
0.0054252616228388
0.0052841178406605
0.0054984378536801
0.0053867644062226
0.0053479766124744
0.0052710400464306
0.0053512986133679
0.0052122078332734
0.0054796326154071
0.0054472358403475
0.005465672633715
0.0054626382689266
0.0055398552277347
0.0053624991593599
0.0054257746766991
0.005387295276653
0.0054361534943091
0.0053090294047597
0.0055023636003028
0.0054193494060348
0.0055009746401269
0.0053468317477032
0.0053055756209278