0.0010623589636058
0.0010703587770914
0.0010646251412737
0.0010596359284314
0.001054130075578
0.0010668820848449
0.0010504736088154
0.0010563902555092
0.001056712613713
0.0010599226956321
0.0010607016841575
0.0010694351469805
0.0010631730858634
0.0010630047017126
0.0010639289327218
0.0010639608250749
0.0010491325686899
0.0010555691189664
0.001039774080972
0.0010264281435525
0.0010239870271873
0.0010230066389583
0.0010236502207927
0.0010287452731573
0.0010225311963997
0.0010266403143009
0.0010190005612279
0.0010284492689492
0.0010222403830187
0.0010308917740153
0.0010264268452654
0.0010232141311404
0.0010212111463276
0.0010170929151519
0.0010095077280608
0.0010158795851951
0.0010062828569917
0.0010067359624208
0.0010003100844866
0.0010021466086706
0.0009965717676251
0.0010058883538917
0.0010029479682944
0.0010056862040613
0.0010013410999778
0.0009958473611161
0.000993086285064
0.0009952578463352
0.0009969661654135
0.0009977853545347
0.0009972294101509
0.0010018390764865
0.0010082692677441
0.0010127063177323
0.0010039207146943
0.0010068357263435
0.0010135331060272
0.0010183755361711
0.0010253533825116
0.0010344091565569