0.0055921071370509
0.0055386879302768
0.0055076562010278
0.0056559005077811
0.0056476726266881
0.0057480320936345
0.0056723814406515
0.0057619493493381
0.0058980739618509
0.0059594435254213
0.005880658994593
0.00598671005756
0.0060700579947163
0.0060491204386287
0.0058079284077683
0.0057896015077202
0.0055616678178206
0.0057461055796919
0.0057569037518632
0.0057971212458886
0.0057485737689995
0.0058262641982941
0.0058292636829333
0.0059195803621395
0.0058715166736102
0.006046883256163
0.0060419633861855
0.0062520544557968
0.0060836511954736
0.0062303252279635
0.0061417548423006
0.0061677652757759
0.0061888630903141
0.0060645228074103
0.0060693334754244
0.0063082812937221
0.0061883646911429
0.006293436933988
0.0061176816474644
0.0062277878457851
0.0060202954814505
0.0060105994076998
0.0058940601802129
0.0058553851157018
0.0059397376517922
0.0060305343924895
0.0058195212243873
0.005965894663945
0.0058006685177815
0.0059949213895321
0.0057925871418921
0.0059028101320866
0.0058008826838087
0.0059387207753098
0.0058625623574558
0.0059692613607788
0.005775366148282
0.0057496250068509
0.0055610706468206
0.0057084377448159