0.006117873117023
0.0056674189073683
0.0057339567878941
0.0054570222730383
0.0055671775946253
0.0054541045971258
0.0055686257209609
0.0056133248801298
0.0056606776626346
0.0055409381615599
0.0056738620451237
0.005743847336998
0.0061845359054661
0.0062590231226482
0.0066350900055115
0.006658544088516
0.0068236894115921
0.0067408897299658
0.0068902499542543
0.0068318620967741
0.0069757725408335
0.0068714592164418
0.0069256100864966
0.0066190322200464
0.0066390281754353
0.0063380497722077
0.0062195488789402
0.005966862250431
0.005960100073086
0.0057585238503649
0.0058524692564481
0.0057599784443532
0.005885955507504
0.0056418762950987
0.0057296824391868
0.0056387643626082
0.005749605252628
0.0058910885721605
0.0061292595593358
0.0062594852641165
0.0065494185995902
0.0064511935241232
0.0068733753477306
0.0066721926268955
0.0067415801391201
0.0066428229930007
0.0067373578126416
0.0066275049919195
0.0065615337715693
0.0064072070702376
0.0063275713234106
0.006020387011158
0.0061183359079704
0.0057164704221759
0.0058191525636591
0.0057049066355392
0.0057770949272087
0.0055260949884519
0.0056396662377863
0.0055175861819628