0.0008720765226265
0.0008634528436968
0.00085255530067
0.0008624247530191
0.0008673995751541
0.0008642422658668
0.0008596228560284
0.0008609322015439
0.0008574160769842
0.0008570430849787
0.0008594463316205
0.0008617407387323
0.0008728631322477
0.0008809412228527
0.000870023404413
0.0008705381734722
0.0008722221534868
0.0008759767833289
0.0008756479980695
0.00088672621928
0.0008899774967372
0.0008872094481139
0.0008934219440756
0.0008986432415682
0.0009026785384562
0.0009172120545379
0.0009278116868014
0.0009322997694484
0.0009377655534306
0.0009372243432068
0.0009281559817335
0.0009317440666398
0.0009256158416224
0.0009215469889742
0.0009133231816733
0.0009057298288074
0.0008958261142358
0.0008838215298999
0.0008902098292909
0.0008843861878873
0.0008859043297215
0.0008859306143941
0.0008795167633156
0.0008872430549252
0.0008822835368639
0.000886850560805
0.0008861287489767
0.0008945204940869
0.0009021885493868
0.0008903563563754
0.0008877089652189
0.0008870245255355
0.0008865425053961
0.0008930174692058
0.0008923174191941
0.0008903237735712
0.0008811605209158
0.0008804850665213
0.0008651023063782
0.0008524111428875