0.0011458176238094
0.0014751753802798
0.0020333547058931
0.0023990585541559
0.0028533756444347
0.0033174622897062
0.0037591831073184
0.0041149242459006
0.0047204085170662
0.0048333151583184
0.005901476743115
0.0075160989401895
0.0089598788058623
0.0105366602248831
0.0121032878815738
0.0138654806208536
0.0151784447662162
0.0169510329760025
0.0182795665704672
0.0194925148554924
0.0212493479983205
0.0222431338486274
0.0231116816145956
0.0254730409116621
0.0278219943073304
0.0298214264878215
0.0325981285904647
0.036532218171047
0.0397936731049767
0.043299282824608
0.0478176641210243
0.0511274099433863
0.0538303758865247
0.056487397758901
0.0581953654596103
0.0605123613389213
0.0628750526613607
0.0643986586522181
0.0654678374182408
0.066177816775965
0.0665470649137075
0.0660840578960783
0.0667862890455923
0.0671236999060463
0.0669736715398728
0.066788008395025
0.0657950507500915
0.0652031881236891
0.0656226312939704
0.0648219818396224
0.0645752739090065
0.0637044368448877
0.0642038841856115
0.0640141926431412
0.0642535418119404
0.0636543736545455
0.0641733305662562
0.063104712917881
0.0625175265262886
0.0616325855886944