0.0011079576575063
0.0011088694942901
0.0010987937412647
0.0011060385447208
0.0011033637625566
0.0010998459060543
0.0010922479896478
0.0011104065910041
0.0011045131590768
0.0011111926245801
0.0090441932167994
0.0216017378393052
0.0372415675875045
0.0491544812478023
0.0637133495471378
0.0724959091792401
0.0866572189341762
0.098430429688465
0.1126831233282174
0.1195300270969153
0.1299935637880455
0.1332142466708828
0.133044361554817
0.1285090368282062
0.1244127130728504
0.1214794080815039
0.1219777939299131
0.1209658804367841
0.1172092990661089
0.1147099406478461
0.1169581636649698
0.1109635543173422
0.0981163168621035
0.0867495117035339
0.078159106791811
0.0740317619700992
0.0650607000999003
0.0605788583705178
0.0490211988285844
0.0417195813443518
0.0342638626897149
0.0261819576461632
0.0229123252207324
0.0228042357114271
0.0210930552768403
0.0192442027479718
0.0172457501001706
0.0146362146142511
0.0114794929027169
0.0104243793809659
0.0084665493604468
0.0073066526980698
0.007146468136265
0.0066459331586822
0.0055530215623438
0.0058221787920695
0.0058134896905308
0.0051216606610432
0.0051341295575418
0.0031869971420822