0.002136556537713
0.0021335930639866
0.0021529923356643
0.0021488854586693
0.0021434822766571
0.0021604263354759
0.0021820162472756
0.0023059836185595
0.0022838749550133
0.0023004724156496
0.0022925020813849
0.0022978058988564
0.0023166159789161
0.002296162932212
0.0022841530162114
0.0022933643447121
0.0022763284220183
0.0022771292582214
0.0021507005749508
0.002169055560629
0.0021435678828902
0.0021612020573767
0.0021575694835068
0.0021438888868502
0.0021555671831574
0.0021652927092515
0.0021526075710357
0.0021836238584474
0.0021696665997591
0.0021750574534161
0.0021732325176427
0.0021779065430673
0.0021380775701107
0.0021058631584701
0.0021011431781347
0.0021235120487406
0.0021176059439851
0.0021229880407956
0.0021079811459794
0.0021275012192699
0.0021356588092916
0.002117489450042
0.0021258938908539
0.0021485502340324
0.0021744846793667
0.0021833594069075
0.0021738309932108
0.002184527166788
0.0021821666088607
0.0021799163736542
0.0021531137351252
0.0021480470996438
0.0021707534206428
0.0021675186551791
0.0021775293147805
0.0021895769715799
0.002185307717678
0.0021650249835273
0.0021864255759061
0.002188099660105