0.0057340583448404
0.0058153716790411
0.0056705393203619
0.0056751590181816
0.0053920013600015
0.005650483546884
0.0056120496611933
0.0059334781666876
0.0057184756121802
0.0058437602680966
0.0056796900933378
0.0059227716372903
0.0058997387552347
0.0061201199179479
0.006091799635867
0.0063634405635565
0.0061400246062815
0.0060524935311336
0.0058533340105424
0.0060043963152693
0.0058660901400661
0.0059073153052638
0.0055981462222871
0.0056801220692565
0.0054042519148937
0.0053469808097314
0.0051253860380116
0.0052843571480884
0.005188306039341
0.0051872065994041
0.0049806761629807
0.0050992743147499
0.0050648672813229
0.0051518449619475
0.0049619472932123
0.0051431442038402
0.0050278789917506
0.0052387986122493
0.0051511842717291
0.0052925773944127
0.0052377870695449
0.005338492030643
0.0051548870752528
0.0052563943754565
0.0052065513420782
0.0053825649451989
0.0052996646184341
0.0055660645493283
0.0053168257757003
0.005451932332056
0.0053523401289327
0.0055516760563382
0.0055065635540402
0.0057428178348623
0.0056403840097808
0.005861116522834
0.005772434468562
0.005900183709088
0.0056993197560799
0.0059306187648877