0.0010203258331684
0.0010306538482129
0.0010190683901587
0.0010314648029021
0.001011593751722
0.0010027864703351
0.0010196709521825
0.0010220495839172
0.0010307734328806
0.001040834062801
0.0010470129935126
0.0010503691202481
0.0010327623220724
0.0010164641082262
0.0010199175981418
0.0010299445953474
0.0010444380247789
0.0010397684671167
0.0010225873036437
0.0010153244455792
0.0010200954502009
0.0010253922939359
0.0010130273742202
0.0010159354712721
0.0010332427915597
0.0010196697686542
0.0010228719850563
0.0010181057127308
0.0010134044872023
0.0010053774592313
0.0010141029648723
0.0010043938051468
0.0009997028454841
0.0010137435283691
0.0010164515225506
0.0010134561689472
0.0010177239624543
0.0009937384609728
0.0010112249106211
0.0010118114855981
0.0010213784024515
0.0010186122504482
0.0010077849303967
0.001029009448962
0.0010290074107866
0.0010356704525
0.001033929133574
0.0010438258801655
0.0010576756197234
0.0010406282452958
0.0010351918278798
0.0010253606384559
0.0010347015754828
0.0010425460207625
0.0010124643734639
0.0010469366983573
0.0010579257943374
0.0010568923287728
0.0010544443116233
0.001048706055858