0.0061356325441207
0.0062670365192478
0.0060331536789146
0.0061862210310811
0.0060580346487007
0.006140492072845
0.0060240620606546
0.0061233864945712
0.0060512607945353
0.0061501873291291
0.0058718104888727
0.0058488468120191
0.0057154355230705
0.0058649508145594
0.0057075660962835
0.0056855082888041
0.0055481414139558
0.0056551763107359
0.0055596133444358
0.0055727132124926
0.0053635957396706
0.0055244447670224
0.0054003516627581
0.0054913636079152
0.0054490455223879
0.0055943742936829
0.0056552993338349
0.0056879059461037
0.0054544759999278
0.0054548652425966
0.0053772813918577
0.0056113562292664
0.0056447056413431
0.0057312296629453
0.0056346662427096
0.0056511445042844
0.0054532540727966
0.005512247792787
0.0054426941119811
0.0056637674070515
0.0055392977564447
0.0056208758975284
0.0054724692077862
0.0055055725607282
0.0054923431928908
0.0056058174199502
0.0055796372442117
0.0057378072146876
0.0055261839074164
0.0056488704491022
0.0054654748811699
0.0055670110126143
0.0054624346681498
0.005509003119495
0.0054099807776161
0.0055241485841783
0.0053836500503524
0.0053883978942392
0.0052271898164872
0.0054883690880821