0.0124160512853212
0.0119952140672232
0.011188062865497
0.0099552727766807
0.0089050387393422
0.0072391785781032
0.0066798340524758
0.0055985700100598
0.0055384393029619
0.0054125486141584
0.0053218906486228
0.0051094882090042
0.0051612255363976
0.0051250204813762
0.0052093411468109
0.005183315451233
0.0055708869441984
0.0062884291594452
0.0076832489075983
0.0082926214621772
0.0091829546420472
0.0115288208376149
0.0131994799999998
0.0139605754742773
0.0142514519997802
0.0140985961674817
0.014071066464389
0.0138392726525242
0.0133128762619726
0.0118879067999929
0.0112301405350307
0.0103258634920058
0.0080472486161426
0.0064712174486563
0.0057915001894106
0.0055543676512252
0.0056357411213434
0.0055586974697871
0.0056431942296362
0.005459454977507
0.0054253118323367
0.0054168800620755
0.0054324494599884
0.0059543845620442
0.0080422833849811
0.008396984199495
0.0093943330290444
0.0110160636683219
0.0119391227950777
0.0126637465934066
0.0126892477551901
0.012709643292028
0.012926998924025
0.0128672588295204
0.0121874226713374
0.0103245600919859
0.0099798117045077
0.009134568209401
0.0076006406983459
0.0065491295837858