0.0010440490655454
0.0010399057370962
0.0010256689607832
0.0010228410803672
0.0010076708926646
0.0010009192287462
0.0009999776005865
0.0010015787479048
0.0010050230623051
0.0010101575634972
0.000999461179927
0.0009981904822265
0.0009997936248834
0.001012750593694
0.0010107798253245
0.0010184210433339
0.0010194684805205
0.0010213566163186
0.0010123080073034
0.0010202113207546
0.001014073301926
0.0039459417581404
0.0074644029206162
0.0092726400205345
0.0092358354086029
0.0092006545415099
0.0092690414456777
0.0092365289152689
0.0093066998919157
0.009324094471145
0.009230592123412
0.0091176870032223
0.0063001728692774
0.0028686948905109
0.001052440285205
0.0011229362920937
0.0010722179414919
0.0010851351823261
0.0010778673409772
0.0010784040346976
0.0010767870170798
0.001072217222639
0.0010667316504644
0.0010722972858896
0.0010629651590801
0.0010700294278226
0.0009880929449861
0.0009857041811658
0.0009662839994984
0.000967512341224
0.0009721384498788
0.0009705676726532
0.0009704051092241
0.0009720776899652
0.000967275845428
0.0009778383933077
0.0009789918266388
0.000987494998658
0.0009972999535531
0.0009995285817856