0.0077174183166045
0.0077236705128438
0.0072032214912685
0.0070402725167314
0.0065762481037122
0.006523229581727
0.0059818776751842
0.0058085922847906
0.0054808503520806
0.0054299596756561
0.0052737072145523
0.0053864800355087
0.0052489604629613
0.0054048202929554
0.0053709618654051
0.0055556659559346
0.005484654054852
0.0059009536867764
0.0063120817630205
0.0068317577034117
0.0070926658708565
0.0074133291211105
0.0075798471693601
0.0077153482585279
0.0075070901061966
0.0076294300820621
0.00764624916721
0.0076601870804146
0.0073157380739522
0.0068973973925376
0.0065930388984959
0.0064479400616469
0.0061717736513812
0.0059529667027809
0.0057676221458295
0.0060798053451948
0.0058590855493821
0.005877341246074
0.0057573810898528
0.0058021990861971
0.0057834395213513
0.0058399599301273
0.0057032435565828
0.0060724540395526
0.0064968698441299
0.0068292532962447
0.0067861246848838
0.007485448919578
0.0075087225871008
0.007836455678845
0.0076949164025791
0.0078216739242465
0.0076308791408674
0.0077261361949891
0.0072089835793357
0.0069193146063363
0.0066510909807949
0.0066327739352731
0.005955873176986
0.0059365862618638