0.005961724875476
0.0058440491767766
0.0060175221683753
0.0057013866471556
0.005756348133463
0.0055047191549955
0.0055338842008508
0.0052947788968391
0.0053883940755325
0.0051773602471832
0.0053209085363584
0.0052379337863832
0.0053226828788816
0.0052147315269585
0.0053870423895225
0.0052922702976274
0.0053881976883873
0.0053691231680696
0.0056375736913589
0.0056076398548094
0.0058437533246836
0.0060164265256863
0.0066719979012278
0.0068350563008615
0.0068785751121485
0.0067574906936446
0.0068057849043553
0.0067306812960615
0.0069823473431457
0.0067285761173058
0.0068521414392058
0.0067150543042721
0.0066000602796775
0.0058954811689241
0.0057656565593397
0.0057062909479581
0.0057991387176762
0.0056938266392988
0.0058456877538752
0.0055253571352178
0.0057378009541042
0.0056268904518251
0.0057618258541056
0.0055090845895838
0.0057288529234366
0.0056104838644091
0.0057671381496015
0.0057124841849147
0.0058268044978929
0.0056775120880715
0.0058783883248731
0.0057391899428991
0.0060109454142522
0.0058369176892271
0.0059623684954802
0.0058181427339526
0.0058412370873509
0.0055883158537261
0.0056254117838954
0.0055449009566886