0.0055840841355981
0.0056746283562901
0.0056547627149552
0.0056904877529485
0.0054560217019477
0.0055008679214462
0.0053180863749596
0.005398865378594
0.0051193413953822
0.0053949041284486
0.0060134729199228
0.0067601970001243
0.0076128866312089
0.0088645917640893
0.0096776915033375
0.0105510092873152
0.0113937937810207
0.0123532596844677
0.0128640234102961
0.0141459199730756
0.0145629049895973
0.0149973391430248
0.0149191944847869
0.0147710429758876
0.0144456111172936
0.014389765448788
0.0145931446479355
0.0146973175674456
0.0144343983605971
0.0142400258367163
0.0142099100861054
0.0138159657068969
0.0130081239658833
0.012307213230362
0.0117390024548384
0.0112275678164279
0.0101638619887048
0.0093490341387799
0.0084853800348377
0.0079657607535663
0.007423327061163
0.0067405031989073
0.0065666608318266
0.0065222483929545
0.0064451919479241
0.0064199871604152
0.0061782316375026
0.0063905658833137
0.0060233557685315
0.0061258446039494
0.0059460729861956
0.0059933564097511
0.0059067039466369
0.0058359245925651
0.0058063786660313
0.0059431026529325
0.0057214739282634
0.0058474181925141
0.0057526388996799
0.00605313625588