0.0009808620790362
0.0009814927824249
0.000983630760012
0.0009848523205988
0.0009825205155493
0.0009884978451019
0.0009956430710862
0.0009967404354465
0.0010039992118189
0.0010022086130504
0.0010066578454375
0.0009568166158796
0.0010109604403737
0.0010081443860066
0.0010087836952277
0.0010174919023201
0.0010235659857739
0.0009134350499999
0.0010246268192142
0.0010198377911993
0.0010312414663593
0.0010334855180977
0.0010338304180373
0.001030095267621
0.0010391307825261
0.0009858400228651
0.0010345942954867
0.0010351169894334
0.0010373434181729
0.0010278516973387
0.0010286941885046
0.0010228214077635
0.0010227638196987
0.0009659242764007
0.0010200960114065
0.0010016198020159
0.0009017530133333
0.001003526450354
0.0010025862363645
0.0009485705004022
0.0010099904919036
0.0009540042402915
0.0010117885691662
0.0010256434009645
0.0010225436599423
0.0010384751001149
0.0010343021316705
0.0009870602166164
0.0010384789515197
0.001030265
0.0010393788634461
0.0010357208415086
0.0009228003399999
0.0010249497725237
0.0010131742870077
0.0010149679385178
0.0010071331116038
0.0010038384244808
0.0010114576823801
0.0010136136380364