0.0056942237751162
0.0059631856006649
0.0060372504141758
0.0058888525264979
0.0059284052053327
0.0058922709918718
0.0058211291956818
0.0055132267408011
0.0061469875488233
0.0056217353496145
0.0059386999630996
0.0058998671012837
0.0062200786342471
0.0064621995059469
0.0068606181158362
0.0068665761868298
0.0071468138919514
0.0070697038838487
0.0072066024809084
0.0068074972568827
0.0069577800590939
0.0066511369016842
0.0068338031477438
0.0066403145682414
0.0062338015531315
0.0067005328156899
0.0067287426292527
0.0066372960027882
0.0066500999243951
0.0064841160848933
0.0065169213448655
0.0066565396272012
0.0063938773266553
0.0065857698079333
0.00658119971304
0.0057368164577946
0.005696072465513
0.0061577781783269
0.0059022222948401
0.0062456777946572
0.0065904353308884
0.0066057040930523
0.0066366225346968
0.0063987432964661
0.0064679091533634
0.0061142002258887
0.0063854520003645
0.0056680884200324
0.005643353413426
0.0059655996024169
0.0058343101206686
0.0059482342189971
0.0060151220516597
0.0059494204447886
0.0060431662712266
0.0059825628798419
0.0062550613487138
0.0061376916231029
0.0064463665425201
0.0060488548513398