0.0056488189507962
0.005777919764238
0.0054416408015243
0.0058555942285159
0.0059813749700552
0.0059549750370331
0.0060772114140796
0.006177949311386
0.006177949311386
0.0059726640672886
0.0058819661675079
0.005250664265
0.0057896622474001
0.0058231726638415
0.0056479740587888
0.0052380761568659
0.0053840847111928
0.0053028566830332
0.0051199393550931
0.0046967476574206
0.0049857660515479
0.0049732244351431
0.005006958554814
0.0049426396809355
0.0047823383491311
0.004947832479668
0.0048272129109055
0.00502631895247
0.0050725805664875
0.0052349720992103
0.0053920770102116
0.0053340432732875
0.0054840185232968
0.0052105654178397
0.0056448920467941
0.0057675227000892
0.0059008375087045
0.0060448174120234
0.0056108831000258
0.005804243938527
0.0055430090787619
0.0052466024186875
0.0054368414001251
0.00515085530484
0.0053188229018841
0.0056316571925217
0.0057988991267635
0.005836868260758
0.0059058144890956
0.0060881340245916
0.0060881340245916
0.0060699826426556
0.0056411141680811
0.005573636704361
0.005826051551154
0.0055315490589185
0.005393838442217
0.0053854822725788
0.0056526978563204
0.0054336268301908