0.0055629164548812
0.0054385178881239
0.0054385178881239
0.0052908118191524
0.0056032750567688
0.0053975745918384
0.0055669947596186
0.0056054014950809
0.0058029904494287
0.0054522514925621
0.0057776162118427
0.0057459970367875
0.0058673576285162
0.0054860377162428
0.0057854616544116
0.0054235529620535
0.0057167339193241
0.0052660841921574
0.0056045965223371
0.0053579488928305
0.0055223552600505
0.0054743200651348
0.0055615490064544
0.005300509706086
0.0049543568029442
0.0052899267639178
0.0053666099537036
0.0052891796341154
0.005272201566664
0.005287451038522
0.0053109231594449
0.005249987447196
0.0050507435712647
0.0053364216839095
0.0054030388795406
0.0050354752024819
0.0053340821852892
0.0053137191259649
0.0053319617859942
0.0050587757327211
0.0054545774874337
0.0055134312173339
0.004927721425
0.0055027903111676
0.0054452267272727
0.0053586377095739
0.0053586377095739
0.0054924479871586
0.0054953306161979
0.0053871698021706
0.0054267449651086
0.005554099712216
0.0054250336067486
0.0051870487167454
0.0054936175468483
0.0055437339511342
0.0054580489561078
0.0055708067146107
0.0056134040992118
0.0050443899366667