0.005399783853161
0.0058668584273754
0.005818614184349
0.0052612385283333
0.0057883427547433
0.0058695897775289
0.0056674290324467
0.0059854039701848
0.0059494998634451
0.005698906766614
0.005698906766614
0.005644998721534
0.0054824174113916
0.005496729748732
0.0055238437562656
0.0054751002632289
0.0054247429438597
0.0046835748299999
0.0052879424182951
0.0052447239453356
0.0050678136562919
0.0053119714557562
0.0054834462658452
0.0052986412591247
0.0056247078694676
0.00559323778384
0.0056387415592388
0.0055802846512728
0.0055815317116936
0.0055108833243096
0.0056637333225095
0.0053406600647056
0.0056810016719866
0.0056552415533128
0.0055953104877272
0.0057290432522505
0.0055495321779483
0.0055447630145154
0.0057209380257545
0.0056182686102207
0.0056831638046122
0.005758263173916
0.005493097414643
0.00581230104073
0.0055333271905008
0.0055755783807139
0.0053375523017879
0.0054664583680872
0.0051991826239571
0.0051929826414894
0.005598198282446
0.0055317563930464
0.0053887113343683
0.0054159421840353
0.0055672510600647
0.0055917637256059
0.0056322513876792
0.0054352018636269
0.0056434052508712
0.0053910808728353