0.0059932083981599
0.0057342828762435
0.0060587713942083
0.0060369984614255
0.0060369984614255
0.0059916398900538
0.0061579103489771
0.0061101664130912
0.0056986774704727
0.0057064081540015
0.0063828094075715
0.0075415254437869
0.0083440513689222
0.008119494540847
0.0093368728159359
0.0096045199236795
0.0093437038657247
0.0090301115650705
0.0090805411647314
0.0090176322980695
0.0093872699177486
0.0092558039019965
0.0076498469521392
0.0066454025835012
0.0051081741358542
0.0054462100820192
0.0055479872290567
0.005449620717291
0.0056771007906137
0.0056297586868354
0.0058983272576186
0.0055849092924772
0.0056141528530766
0.0054327116399415
0.0058378752592092
0.0061253065749233
0.006189450887531
0.0058846133856282
0.0064699459329953
0.0062252953571548
0.0058046971407188
0.0060115878023133
0.0059388227560433
0.0058882715022403
0.0058238064306171
0.0054890610961445
0.0056442975167232
0.0052454420784339
0.0051702026167183
0.0053692797505407
0.0058384663456296
0.0057837389836227
0.0063996967099756
0.0063053717609998
0.0062289829563478
0.0065301288543857
0.0064436874942922
0.0065178577034179
0.0063502640791053
0.0067224860971897