0.0009561783412482
0.0009540850014908
0.000913314168925
0.0009598105278491
0.0009593486462977
0.0009509586419753
0.0009634021807809
0.0009506487709859
0.0008934866924996
0.0009186169673398
0.0009173898235164
0.0009657445388348
0.0009794894591947
0.0009304029385771
0.0009857825889779
0.0009920940138557
0.0010077080029487
0.0010114961037948
0.0010160853312387
0.0010115017858575
0.0010124380753137
0.0010162226083114
0.0010064885612183
0.0010050898136898
0.0009511260330326
0.0009517284756333
0.0010069945516497
0.0010016929413068
0.001002821914577
0.0010119354583817
0.0009536376981105
0.0010119533341228
0.0009684441942035
0.0010125680296311
0.0010108153137254
0.0010008566781131
0.0009934134741671
0.0009375708429575
0.0009331454096868
0.0009880047612942
0.0009852401034313
0.0009362763555014
0.0009749560265739
0.0009897362980372
0.0009897362980372
0.0009900516987243
0.0009918106087337
0.0009984818672305
0.0009408048280682
0.0010056177786852
0.0009539332317748
0.000998172253243
0.0009954376877845
0.0009445700678193
0.0009951178233551
0.000987106700344
0.0009885781834017
0.0009928195279124
0.0010035169996425
0.0010089155691995