0.0012166276225419
0.001301537366612
0.0013241406642173
0.0013426541895604
0.001346573417906
0.0013742716022301
0.0013742716022301
0.0013805684220697
0.0014048146875632
0.0014105121080011
0.0014014259763356
0.0013991963154125
0.0014144639895681
0.0014002323978608
0.0013828052523563
0.001385075758134
0.0013536510111614
0.0013557904742587
0.0013433245907801
0.001321603890555
0.0012957290922796
0.001267662106426
0.0012572194673511
0.0012133449700397
0.0012044244048471
0.0011968924567981
0.0011834118917362
0.001193280552817
0.0011722727853648
0.0011739232854578
0.001175854264966
0.0011766996124759
0.001182236921732
0.0011831524554824
0.001195809235834
0.0011940426050573
0.0011908840617155
0.0011156851204831
0.0012027609992609
0.0012200445181755
0.0012236473126076
0.0012327860654102
0.0012395556588094
0.0011754213051008
0.0012631605022118
0.0012572076814954
0.0012522378707558
0.0012585173971822
0.0012662707274256
0.0012662707274256
0.0012621688922802
0.0012668527992983
0.0012583278471604
0.0012593435771358
0.001260771817865
0.0012677928378309
0.0012530979194811
0.001254452803317
0.0012610419177029
0.0012044542953845