0.007210743100364
0.0085573249663076
0.0100692268708109
0.0120969716394726
0.0153906395917466
0.0192930929478976
0.0230693513269393
0.0268164738260422
0.0326983674972118
0.038071593323355
0.0438517519950441
0.0501564871572089
0.0551342333433774
0.061872951364891
0.0675648153347922
0.0726789151866426
0.0767178961433998
0.0822370833408221
0.0878278522739384
0.0926561628536799
0.0978103648294902
0.1023678324123919
0.1066968833790958
0.1112754098068077
0.1165890735272516
0.1205330265346032
0.1250474691518371
0.1301555806149264
0.135206061677676
0.1379367408985004
0.1425575923267151
0.1465781900278356
0.150348948678101
0.1539231189761499
0.1586154392259107
0.1606230469959651
0.166815292379875
0.1711258602363984
0.1765589786048023
0.1790580655271695
0.1846210834420764
0.1897816863703514
0.1921333140147528
0.1966264196720131
0.1990990964978585
0.2005135488150787
0.2036119926211213
0.2033015878664837
0.2035247771889058
0.2025913588696616
0.2034537474212978
0.204398978961162
0.2036780948328478
0.2022192861976131
0.2005200023563741
0.2038359819454737
0.2038605136087723
0.2040319036888976
0.2034844758124992
0.2036088397146041