0.0300732086738959
0.0577192842097678
0.0859956035718245
0.1104209320827201
0.1335122386853957
0.1588506150277915
0.1832487105871028
0.2072075921580013
0.2388154083929617
0.2555597361339948
0.2728763746281004
0.2822264161073892
0.2843916333548111
0.2796266346090254
0.2822067942632996
0.2825061585023306
0.2870212809723304
0.2846237749135277
0.2916408373553261
0.287751164627248
0.2890087120118292
0.2940866894311418
0.2897774569943828
0.2925976095403104
0.2932500765308989
0.286587210011096
0.2914024255069187
0.288300248711943
0.2925478294848338
0.2923120468179873
0.2984210326314194
0.2973268630965119
0.2948337607262339
0.3020399455358558
0.3009774268412424
0.3007274923506737
0.3063777551173404
0.3003170350908559
0.2984840674492615
0.3019382963546004
0.3004799556335184
0.3002300534900811
0.3040984510151533
0.3020516214574774
0.2995381635706147
0.3003219102340222
0.3013815152859461
0.3027894130239044
0.3065726333144791
0.3018717122109713
0.2649703411391739
0.2494421433046356
0.2317402594966886
0.1959652898314741
0.172885464019355
0.1432711699937628
0.1143319127041196
0.0924585142094754
0.0634090562234964
0.0325804756517268