0.0025200346562944
0.0040352759701581
0.0085671212947274
0.0123598351809867
0.0158920251114572
0.0228074066591693
0.0264841169402733
0.0332660420486813
0.0372649476446561
0.0426114245577365
0.0470270921578593
0.0517135140445883
0.0562376364075751
0.0569336999528092
0.0584745176354952
0.0602387767020098
0.0610149475179901
0.0623078629668511
0.061438019116351
0.0622319385206695
0.0624089212213174
0.0628352040236133
0.0639798154894203
0.0619388669668085
0.0638864124516434
0.0618947793187689
0.0627459270042503
0.0610351230291493
0.0612589309690837
0.0602994343118741
0.0611714249350117
0.061127620778087
0.0613988447674537
0.0599655910874539
0.0617744173936374
0.0606316506255689
0.0620462115498535
0.0609370933739288
0.0610105796531356
0.0623283187934861
0.062542468566823
0.062936667221929
0.0628983739374198
0.0630094515692429
0.0616546498137981
0.062714809599157
0.0622138855882735
0.0617106999741667
0.0620340884318866
0.0592848451150284
0.051909450703726
0.0478233140497354
0.0410759589466808
0.0358692591302161
0.0308886803230155
0.0271343887531467
0.0194194342019777
0.0154145636765748
0.0108021009791383
0.0050628122229959