0.0244669947918569
0.028209089364884
0.0326491181873735
0.0365234725667318
0.0408777432270739
0.0449612895171638
0.049911516056851
0.0541767525426782
0.0594942002565041
0.0653325566523841
0.0696943263387182
0.0750214346529279
0.0802178278443391
0.0854785835401775
0.0899892643116161
0.0955900091389232
0.0991451863483115
0.1046980786994776
0.1100496780451689
0.1135241262979184
0.1167915410420476
0.1226720383811867
0.1259455525042999
0.1301228664231419
0.1343448407461048
0.1390361539710626
0.1429686288467154
0.1460622610693323
0.150452124206542
0.1537370211767222
0.1581667391561035
0.1623308008764707
0.1663436128096858
0.1709845903408779
0.1749060623573327
0.1812372463159033
0.1858088716193007
0.1896091062231754
0.1954411606863119
0.2001698350076438
0.2076563033211573
0.2079984550961374
0.2113378613125221
0.2140846903665595
0.2161057884764878
0.2162992106170475
0.2183628349251175
0.2220057970411469
0.2226053617853205
0.221457694014931
0.2205742071697827
0.2176084925300864
0.2194685094550128
0.1995717473867301
0.1811833266362198
0.1627201025806341
0.1408424969680416
0.1220069952670464
0.1025100975266704
0.0837332218094596