0.0009463381949999
0.0010718264938278
0.0010950225522347
0.0010373878652354
0.0010939766340439
0.0011059376150507
0.0009941030366663
0.0011049902386848
0.0011130329838098
0.0011197582537791
0.0011273858874114
0.0010503877376667
0.0011048158824278
0.0010827259194551
0.0010947834750022
0.0010947834750022
0.0010951189373895
0.0010285168278248
0.001102431311089
0.0011142608233994
0.0010425000783745
0.0011019158836942
0.0011177319367944
0.0011143368254663
0.0011193291962276
0.0010511471564296
0.0010413799779614
0.0010981853995523
0.0010229971325847
0.0010781993032772
0.001017056155632
0.0010831496903144
0.0010104506478739
0.0010174939005997
0.0010544711471331
0.0010596821664891
0.0010505614275912
0.001053463349134
0.0010565397096065
0.0010067077169445
0.0010447820851962
0.001047143129516
0.0010351207259671
0.0010406840287875
0.0009879186021498
0.0010481521601072
0.001042243160488
0.0009837609491298
0.0010561862438094
0.0010480486871913
0.0009902101074751
0.0010468607671339
0.0010639219824761
0.0010670209802979
0.0010670209802979
0.0010635653190845
0.0010608028089172
0.0010543726949388
0.0010060263852444
0.0010544041701403