0.0010886836314828
0.0010842624144346
0.0017655506618356
0.0017564213676141
0.0017267590953953
0.0017743136310352
0.0017761257109401
0.0017787742713971
0.0018224496563661
0.0017870770073299
0.0018329065763528
0.0027631938332817
0.0034807613823882
0.0034611206525847
0.0054233499490798
0.0087260374936542
0.0090612255243486
0.0098155919650724
0.0096625833841194
0.0098058318311716
0.0090142236973357
0.0084817146350403
0.0082053717869251
0.0073803140498892
0.0049215615150563
0.0045939563794243
0.0014847767852602
0.0011198142579301
0.0011106052405805
0.0011685801753705
0.0011716570598298
0.0011837477795574
0.0011980404279619
0.0012051449981457
0.0012086882474681
0.0011991056364252
0.0011952792238697
0.0018713701803024
0.0035077425568534
0.0035077425568534
0.0042427478558558
0.0051399196524864
0.0048388765536627
0.0048936752558966
0.0051093627443827
0.0049130738628166
0.0049368289655941
0.0044869863752742
0.0044869863752742
0.0034643915257104
0.001933739097668
0.0019387250657202
0.0014848677282301
0.0011859795098287
0.001148223045661
0.0011549389498976
0.0010859469315243
0.0010958504922135
0.0011528134934711
0.001157119617515