0.0060299357215105
0.007608376141928
0.0078963472970244
0.0090435271797129
0.0126366705757505
0.013101852553144
0.0120531636106718
0.012221141369351
0.0125296781077394
0.0131889596393694
0.0095097845969119
0.0087292651464553
0.0073599086751662
0.0060988687536107
0.005313846700266
0.0019725680778933
0.0019650543725938
0.001942102780301
0.0019768867011329
0.0018404984313266
0.0018995758878
0.0018547277467535
0.0018303083903159
0.0018332295289549
0.0036689304634083
0.0101221906865537
0.0117686949864497
0.0125728911840174
0.0210767361496782
0.0217159367500574
0.0287782199630174
0.0319227865433075
0.0318701548644368
0.0340073181259631
0.0320545728352952
0.0301072256769942
0.0232368054619449
0.0209172502767344
0.0140899048962413
0.014862400690942
0.0060770179946036
0.0056663586907079
0.0016378785465907
0.0013641353962899
0.0012789592097539
0.0013268626423308
0.0012865282483665
0.0012729486565319
0.0012720443289149
0.0012650406413716
0.0028497841456901
0.0064463563679646
0.0065488477097809
0.0234440145607061
0.0305903139294759
0.0358096147067032
0.0385638531975041
0.0440696691761543
0.0395652167475934
0.0404758442217766