0.0010190099792779
0.001750733695378
0.0020709517536835
0.0027518883699578
0.0032112601362747
0.0040371478856385
0.0041562666222153
0.004797660009481
0.004773715780917
0.0056851354861035
0.0069244031271129
0.008192312230704
0.0084834852237958
0.0106865369795902
0.0106987380830577
0.0137952878876928
0.0152212314193238
0.0165939477336972
0.0184736801896828
0.0190029717118939
0.0196426416773017
0.0212771775955783
0.0234310526839685
0.0233658259538265
0.0264881670867842
0.0296491314053221
0.0296491314053221
0.0343962003989808
0.0362567882972203
0.0421103011862475
0.0461490515014943
0.0494529740007104
0.0523970278334371
0.054491820925259
0.0575443077772824
0.0605202313477036
0.0630064951578716
0.0611152731576954
0.0655746977289995
0.0662780039838611
0.0660692236828901
0.06682850853098
0.0638811313461036
0.0673390031919162
0.063982100733409
0.0670847809528643
0.066932684633047
0.0615734562225645
0.0650857431250492
0.0644287444087708
0.06445022188807
0.0647489153040748
0.0642106835133189
0.0632699545454545
0.0631248926460456
0.0639201373182552
0.0640445234631241
0.0633060343756731
0.059496238502069
0.0631978533914464