0.00101752119945
0.0010627910414601
0.0010010557530538
0.0009930250001583
0.0010536026809741
0.0010564454119897
0.0010625224183162
0.0010640371524883
0.0009933422429179
0.0009939347997099
0.0055262321578364
0.0059325611556923
0.0136421656375476
0.0146278449533333
0.0247070604228587
0.0342391311289526
0.0407517741118601
0.0448007592354642
0.0445891179536002
0.0528329250585945
0.0556363605418898
0.0517743846192688
0.0507756328570851
0.0513223132617089
0.0459768085700433
0.0460172099190002
0.0450255980167509
0.0435154512740944
0.0422723919329218
0.0432064979738775
0.0448087678302857
0.0414872277052222
0.0395416510824426
0.0341156262699999
0.0350164270519216
0.0300977098905838
0.0246286429832304
0.0244386614278773
0.021522709068033
0.0190520855497713
0.0153005510624293
0.0132766259084135
0.0120883951795809
0.0116844944191362
0.011596247442327
0.0104845423751597
0.0095401773617938
0.0091123191195772
0.0073608505213304
0.0062500029321752
0.0058814950469815
0.0054878114828293
0.0047780656963005
0.0050249669181659
0.0038653286841959
0.0036705366164676
0.0032706162075329
0.0029341325459854
0.0027672406021964
0.0024718780754411