0.0059832412603452
0.0060461752045856
0.0058520278611389
0.0059721784133104
0.0058929993652635
0.0059931237080391
0.0058554968885779
0.0058668179065509
0.0056411248876909
0.0057778209823627
0.0056269053319019
0.0056788180749711
0.0055161625425988
0.0056199319673443
0.0055157099676469
0.0056035710563496
0.005411312179171
0.0055805030795942
0.0055467833740559
0.0057762269624572
0.0056362205866493
0.0057524981978819
0.0057229867789584
0.0058245822140382
0.005795491812267
0.0059511374700607
0.0058342620291649
0.0060076685909498
0.0058197262518309
0.0059739631412887
0.0058005622893763
0.0058628807549117
0.0057490585827113
0.0058430321042536
0.0057418783362342
0.0057702531640991
0.0057931678203762
0.0058619642222102
0.0056852315691834
0.0058348139035055
0.0055600882515462
0.0055729321545679
0.0055179027458721
0.0056198464946759
0.0055050555805378
0.0055866655808903
0.0054965713438918
0.0053944935278065
0.0053623596227797
0.0055465107981919
0.0053999130457867
0.0055147214745249
0.0054580314099074
0.0056053476088507
0.0055120816691172
0.0056376923416869
0.0056515463631919
0.0057439547098173
0.0056386422783428
0.0057710166449504