0.0011566599799582
0.0011443933428577
0.0011484500261359
0.0011444572027649
0.0011503185151734
0.0011560404113166
0.0011728947290985
0.0011597857780156
0.0011679987753057
0.0011623504796558
0.0011606011028065
0.0036515573636525
0.0059229636689799
0.0079370177329498
0.0118415996705408
0.0143507923810215
0.0176115663413923
0.0174348216200756
0.0176062385561312
0.0174039506267632
0.0175094964163179
0.0177367006502851
0.0151214189299515
0.012676267334484
0.0111387140816061
0.0070597963921255
0.0044807556091499
0.0012592357391351
0.0011285050198798
0.0011269527727107
0.0011468187946219
0.0011404366567186
0.0011414892498805
0.0011289041465908
0.0011301381752788
0.001124194184504
0.0011293180281586
0.0011314520190195
0.0011329865308683
0.0011266132820485
0.0011404217514329
0.0011363834339697
0.0011391513917553
0.0011378968628742
0.0011532169456529
0.0011419043196542
0.0011451582371265
0.0011408361253126
0.0011447670513781
0.0011463268270783
0.0011482931855895
0.0011370682434052
0.0011392193661185
0.0011303623503612
0.0011405124907338
0.0011337699503281
0.0011542258665325
0.0011559473052605
0.0011584209567617
0.001142449165788