0.0014306523002156
0.0014194487309459
0.0014203624021352
0.0014266230307026
0.0014436526661593
0.001429065541615
0.001118742517063
0.0011294590631292
0.0011351587434024
0.0011323239598962
0.0011335705787108
0.0011312138677166
0.0011401413992845
0.0011345562237141
0.0011334869196281
0.0011168937937918
0.0011133559046687
0.0011148630154358
0.0011244405838284
0.0011277607562762
0.0011377584563819
0.0014249973105579
0.0014272908858525
0.0014330112783304
0.0014385922072735
0.001441171559552
0.001469238802636
0.0014528879499899
0.001465198792881
0.0014538334847383
0.0014624179487647
0.0014550728428166
0.0011704691930909
0.0011703912206392
0.0011765009791542
0.0011807068608592
0.0011790508751031
0.0011708699628723
0.0011781427697732
0.0011699689058589
0.0011709428654398
0.0011592606013318
0.0011633463674057
0.0011468597309514
0.0011474194103061
0.001125090037546
0.0011216950668625
0.0011127318939701
0.0014018532516664
0.0014017306034881
0.0013997564985397
0.0013977824662248
0.0013924381945198
0.0013932821587394
0.0013975478237312
0.0014040656722524
0.0014048316942656
0.001401426469521
0.0013992680007847
0.0011172278862221