0.0010630374997756
0.0014749921356641
0.0019010531170874
0.0023330757297929
0.0027842607915969
0.0032970425463504
0.0037175042642963
0.0042148238847496
0.0046454051193292
0.0048487381120208
0.0054620344864884
0.0082461453791553
0.0109624626261506
0.013223254273105
0.0172599283492458
0.0210705992371176
0.0244234105803111
0.0269315311607687
0.0282039895448403
0.0299133704038357
0.0319278614055535
0.0335776887012392
0.0341280009999819
0.0346674207791743
0.0361892091121909
0.036930055314474
0.0378036763707474
0.0400387675427496
0.0430050128592903
0.047750021267577
0.0522860433094918
0.055640652292825
0.0585871740572125
0.0610773703338266
0.063904816973136
0.0653801819655221
0.0668725061046091
0.067983850090914
0.0682712017047027
0.0684525082974357
0.0678548073797258
0.0678634318925281
0.0680640393017058
0.0675901356254919
0.0663324799494225
0.0649675179049533
0.0635989931721716
0.0620833415001391
0.0616720647516152
0.0618060950827394
0.0610440278115195
0.060237585711456
0.0601189676016087
0.0602463651731646
0.060924080660677
0.062162879380889
0.0621709460872989
0.0624908105892191
0.0619045340943549
0.0618013153981392