0.0065649775162267
0.0091851061457479
0.0133360046643893
0.0164020257223205
0.0207421229743959
0.0352995361934214
0.0412046966171802
0.0468456610347566
0.0540081788019516
0.0595703101664103
0.0675237411098705
0.0823301000276184
0.089660193191991
0.0928984697445328
0.0992372313876004
0.1140687591775023
0.11098883116953
0.1158659947427589
0.122578480731334
0.138698073680253
0.1432586407124452
0.1474227243141721
0.1512689444474399
0.157107722015683
0.173591323490604
0.182454406694168
0.1797801898220231
0.1982056562274452
0.2048974623515314
0.2190318484019636
0.2122668722039604
0.2317920775950105
0.2385013419595709
0.2423590151776866
0.2475483747546361
0.2528100514150381
0.250648501719973
0.2630377541368125
0.2555546182759927
0.2706593946489538
0.262463397094663
0.2769614291427271
0.2766530499688996
0.279756590491761
0.2821702898686608
0.2843315220572229
0.2863688024924667
0.2874641241507364
0.2878564394620579
0.2894087001520329
0.2868415230836239
0.2909227200066861
0.2866723997573168
0.2767660258858665
0.2828709769500052
0.2733137386757661
0.2812595133904464
0.2706100819355403
0.2778853293106232
0.2807218912783247