0.0011904199804762
0.0011794503954513
0.0011569698162969
0.0011474351182654
0.0011352838964233
0.001125350645529
0.0011077115081863
0.001110592230404
0.0011032595234592
0.0010950235964495
0.0010887087337025
0.0056935321415541
0.0056935321415541
0.0073684044902934
0.0088961512327773
0.0100752117264445
0.0120950791043343
0.0125650955410489
0.0123325891034557
0.0127945990538863
0.0116253070406373
0.0117262112040332
0.0120709593163391
0.0063659882308022
0.00620553833828
0.0046994664329859
0.0036345431872595
0.0018633324364667
0.0011810854258674
0.0011865293340912
0.0011761445832063
0.0011681254002406
0.0011669790941463
0.0011042025442522
0.0011582896903104
0.0011558830785394
0.001157212294561
0.0011574209118649
0.0011531664192585
0.0011549933802611
0.0011551830260057
0.0011458827378047
0.0011465825230296
0.001142762808695
0.0011485558042508
0.0011623610793546
0.0011709368764109
0.0011794033191535
0.0011781777183929
0.0011725622198428
0.0011673266306123
0.0011659882560816
0.0011775161620148
0.0011877497681861
0.0011065252783316
0.0011754198861221
0.0011664776463642
0.0011613500266381
0.0011529559269967
0.0011586939704415