0.0011336240294998
0.0011457618327869
0.0011424449912771
0.0011614442025623
0.0011556003406343
0.0011674464176134
0.0011624908620659
0.0011112846018457
0.0011537475017972
0.0011594531060564
0.0011460112261102
0.0011456662079594
0.0010767601702831
0.0010419131494434
0.0010528794399633
0.0011103552195824
0.0011112005062952
0.0011107214792225
0.0010598612139869
0.0010693827110332
0.0011155827369024
0.0011346147169535
0.0011334080898466
0.001138119002822
0.0011382354435395
0.0010790111106784
0.0011413378506721
0.0011383017636133
0.0010732784152957
0.0011374253636362
0.001061590812941
0.0011330332278188
0.0011248686226806
0.0011235803319305
0.0011193175777378
0.0011197751137589
0.0011224589483646
0.0011304154752197
0.0011317356525229
0.0011403293253536
0.0011397636091105
0.0011454263994221
0.0011452128303814
0.0011532215598337
0.001144543962505
0.0011489874650272
0.0011442382467111
0.0011492840423792
0.0011352567337936
0.0011454745491564
0.0011383429716206
0.0011370535896472
0.0011415808841143
0.0011464862680293
0.001141545301314
0.0011521778674245
0.0010869607100582
0.0011534631373823
0.0010925602506062
0.0011515747817688