0.0021790547653304
0.0021611855034371
0.0021584067793476
0.0021618354698173
0.002147787199217
0.0021644009926375
0.002150431675593
0.0021575928707853
0.0021356581092507
0.0021503481880097
0.0021334023635859
0.0021481959733956
0.0021189214591254
0.0019924093891426
0.0021060053233766
0.0020929910756223
0.0019647142944514
0.002102188701923
0.0020814669096527
0.002095478176965
0.0021136241155488
0.0020082757362832
0.0021226328745683
0.0021551153682023
0.0021817932723057
0.0021828489795918
0.0022110067527416
0.002182861166782
0.0022037915773019
0.002211288429403
0.0021986475799716
0.0021804122895223
0.002197829714623
0.0021722302126885
0.0021984303229425
0.0022041718517988
0.0021916388767958
0.0021830768230726
0.002096844872236
0.0021740034178973
0.0021868936308609
0.0021967531988009
0.0021888357484382
0.0021563740065028
0.0021847890301463
0.0021588930144632
0.0021370964061294
0.00212920449702
0.002140855258578
0.0019878465445967
0.0021269600125479
0.0021161965991524
0.0021147264035838
0.0021379958844725
0.0021367940361621
0.0021408176376844
0.0021285873345588
0.0021346523976014
0.0021636669672764
0.0021561855690724