0.0010696735471519
0.0010749711413449
0.0010578082881
0.0010500486051821
0.0009777041906761
0.0010329382140876
0.000978224537608
0.0009841959319783
0.0010250006500424
0.0009550540311789
0.0010059304055282
0.0072604018298896
0.0216199025133535
0.0235510473435608
0.0320250005425629
0.0357149938950818
0.0434347265775347
0.046496631279638
0.0544061312688255
0.0565752746467286
0.0612718961003691
0.0661541576663541
0.0657202052658864
0.065328782709049
0.0565516582990992
0.0552990557542261
0.0556805954645828
0.0545372121712051
0.054301458224878
0.0524904668350703
0.0513709532457042
0.0507299503568277
0.0460953270815675
0.042250827613855
0.0382688443251956
0.0335828557623283
0.0327232113450058
0.0275765155297638
0.0195782336783055
0.0186502241413539
0.0145620932622693
0.0082169396813575
0.0077230718897201
0.0077933768576517
0.0058719083787278
0.0056926612092955
0.0054250699215849
0.0029103055072887
0.0028077169334458
0.002802748181618
0.0037010060798038
0.0040179502943324
0.0038910163711685
0.0042333165629164
0.0039708673463895
0.0040917148284806
0.0038986907656916
0.0033464736824362
0.003156314240269
0.00333160979608