0.0058845621015047
0.0060782805727625
0.0059942754238807
0.0060050665068794
0.0058386386210092
0.005854746350432
0.0057885477953125
0.005865272998902
0.0057430079281183
0.0057139081186628
0.0056181453217826
0.0059598679955742
0.0059844069298952
0.0066219221730867
0.0067463758500008
0.0069824000483982
0.0070636892635059
0.0071795500808194
0.007135185649701
0.0071632865553197
0.0069858847370249
0.0070034438085049
0.0067333369160964
0.0066808457253171
0.0063041078504232
0.0064268880614678
0.0065010831768613
0.0064856905373701
0.006374780560869
0.0064429316276856
0.0064854941413401
0.0066442867351009
0.0065769375502595
0.006770719709843
0.0066277867549431
0.0066890239567519
0.0063380851673226
0.0064460433863591
0.0066395438879624
0.0070944564044201
0.0072622736569649
0.0072994788991819
0.0072515007764816
0.0072344790697674
0.0070406983169203
0.0069811605528685
0.0068781224373373
0.0070739041429434
0.0066779194816383
0.0066394239991201
0.0063949416118421
0.0062984642330516
0.0064454530911211
0.0065429559837766
0.0065857478942676
0.0066796161970557
0.0068128325915343
0.0068820373929086
0.0066627888994562
0.0067044782767233