0.0055861160139092
0.0055959746394365
0.0055423699545479
0.0057007233421028
0.0055865185902471
0.0058630303775306
0.0058976349282121
0.0060447380943816
0.0059267076115876
0.0059107787374086
0.0058199550077382
0.0058233605784059
0.0056789687144482
0.0056795401245877
0.0055791749927808
0.0057053272617434
0.0055526055974628
0.0055257844573196
0.0053822795818994
0.0055102518284029
0.0054550109709985
0.0056016956003467
0.0056113145259391
0.0058561004241194
0.0057801277948867
0.0057805643200144
0.0056912676618007
0.0058283021719988
0.0057954760069593
0.0060017689821106
0.0058726586981306
0.0060015915700584
0.0059115967092973
0.0060605663462785
0.0058817386302885
0.006061077191334
0.0061006969597129
0.0061689814705514
0.0060093960143626
0.0061254011214417
0.005961391223308
0.0059748988624052
0.0058288585468396
0.0058323259284128
0.0056647098110136
0.0057978931993707
0.0056132546729837
0.0057264304496882
0.0056466617524648
0.0056417490066104
0.0055875193331747
0.0056501254262769
0.0055566489822116
0.0056388753846434
0.0055612084670342
0.0056470769590222
0.0055175560425798
0.0056574670481949
0.0053800911444847
0.0053479412156926