0.0048658698184186
0.0048418286936361
0.0048141044477045
0.0036550739671689
0.0037748200081924
0.0037153168508787
0.0011770817288444
0.0011709920813867
0.0011816302899399
0.0011797388140807
0.0011801798387245
0.0011875225241523
0.0011822931145608
0.0011961277498543
0.0011786099271099
0.0011960004027312
0.0011862581642727
0.001195942001749
0.0012024083470783
0.0012019922584622
0.0011941277230947
0.0012031106468781
0.0019869091545017
0.001986324570602
0.0019849963945827
0.001978477423304
0.0019647375953857
0.0019754369829334
0.0019463328926446
0.001970273210136
0.0019355038390496
0.0019634786703904
0.0019450069765748
0.0011602019641408
0.0011472642616517
0.0011446654547467
0.0011404539034554
0.0011413442139737
0.0011291433536055
0.0011380732364916
0.0011296293394237
0.0011478714047442
0.0011392194931135
0.0011434886530934
0.0011414275166313
0.0011519795484965
0.0011447226872719
0.0011507259807015
0.0051930448980327
0.005138289585472
0.00529452337698
0.0053865641140301
0.0052784075533363
0.005282864102657
0.0052734426759063
0.0053623407679588
0.0053238727229627
0.0053302332266627
0.0052997339340422
0.0012690884065448