0.0011575726563629
0.0011405453626849
0.0011474902615984
0.0011402929618178
0.0011439726012223
0.0011427748738349
0.0011383453205437
0.0011273993348314
0.0011284272902218
0.0011237193589341
0.0017683066395614
0.0118704279917745
0.0401682739805439
0.0541602151894203
0.0684499540827222
0.0740380922503241
0.0766917779296083
0.0748757740642191
0.0765484460172436
0.0755229350404409
0.0762424041598769
0.0740242609888141
0.0639062271550724
0.0398563184541529
0.0367070845301223
0.0378178585318965
0.0462501627598006
0.0443260561646264
0.0460026101873601
0.0459264337476222
0.0446446345050215
0.0449797126463786
0.0450986292061535
0.0453043266587786
0.04243507632034
0.0312784269949065
0.0168531588593606
0.0108770670348155
0.0243863822560953
0.0509108280699255
0.0618040757775648
0.0664285627391256
0.0639375149328378
0.0662770143931535
0.0659809686122636
0.0640908753536512
0.063418856436696
0.0637768109570883
0.0563504375068166
0.048025431069717
0.0357161954035448
0.0404037022249424
0.0549548933773013
0.0575572590242835
0.0569995770160998
0.0571272333128323
0.0583588862766841
0.057562360949118
0.0570784484291159
0.0566366510563828