0.0056584501344281
0.0055844718104062
0.0058643068109018
0.0058821330506037
0.0060496634081713
0.0059549399392296
0.0061193474468203
0.0059146641575193
0.0060353842960722
0.0057793585703653
0.005939578128717
0.0061627774152259
0.0066492854027333
0.0067172213712881
0.0070976643318074
0.0071633582747947
0.0073274536614624
0.0072004482063829
0.0073940042386998
0.0072359725739897
0.0074943274555072
0.0072932913427691
0.0071472355398572
0.0068107013967944
0.0067733687291739
0.0066911065716146
0.006946642251126
0.0068432495273414
0.0071322599772993
0.0070490530950954
0.007172556515029
0.0070085132008465
0.0071512690812211
0.0068955281560812
0.0068456608727339
0.0065179498059742
0.0062480705211636
0.0059312494926781
0.0061575017740981
0.0065214358411031
0.0066921569604429
0.0065884601750626
0.0066293083311942
0.0065547729208778
0.006751077900502
0.0067563133481004
0.0069388650525862
0.0069775360837726
0.0069509010644845
0.006868311432727
0.0067835975253542
0.0069168553033368
0.0073683499609864
0.0073747702335194
0.0074495857941229
0.0073451757443718
0.007407660676666
0.0072828818886154
0.0073692122904002
0.0073235674020498