0.0061826785758723
0.0062345889512425
0.0060872790680635
0.006192416465555
0.0061503765518478
0.006306385006121
0.0061201133696375
0.0062564288981251
0.0061878837958329
0.0061453496467846
0.0059588542743647
0.0065351861229679
0.0073487150814974
0.0080389000165414
0.0085825822746575
0.0088192093759039
0.0087575972074011
0.0090163230195985
0.0088460010411992
0.0089149604184131
0.0089098013609673
0.0091204076799179
0.0084665542979061
0.0077444355783851
0.0075499470941307
0.0074959901092108
0.0079584149430063
0.0079762606579786
0.007848711399685
0.0079447549103014
0.0078609399408659
0.0080134673936631
0.0078512552750599
0.0081093728132694
0.0078658953316953
0.0075973909899273
0.0069465022589688
0.006718724293024
0.0071765186360468
0.0081716320192254
0.0086173015181659
0.0088174173391118
0.0086395520345433
0.008777227560642
0.0085381772124531
0.0086009161690605
0.0083580916218155
0.0085152289994552
0.0081573455073321
0.0078816842339377
0.0074418078615794
0.0075388629254663
0.0082278695475004
0.008266557679032
0.0081096101481764
0.0083650641665452
0.0083379572303653
0.0084844638799451
0.0083594362650623
0.0083754185218165