0.0010500091951516
0.0010594688246795
0.0010582757164242
0.0010470090530508
0.0010380323047604
0.0010416544414902
0.0010499648112134
0.0010435739076541
0.0010341484553409
0.0010244581269864
0.0010353105075027
0.0010261924352897
0.0010424387247418
0.0010430588267354
0.0010491503552134
0.0010483868308213
0.0010486715328467
0.0010476624403988
0.0010631895810363
0.0010676288375174
0.0010707467364314
0.0010560788917717
0.0010748172214079
0.0010575375632251
0.001071933234935
0.0010702153414607
0.0010811422496202
0.0010693668857158
0.0010825211147421
0.0010741317013376
0.0010822168702713
0.001074789166224
0.0010702457301878
0.001067120955499
0.0010693159905886
0.0010572625293162
0.0010593154510713
0.0010529593301435
0.0010654510535518
0.001049292696211
0.0010425375928731
0.0010510218705706
0.0010562064599342
0.0010685577567869
0.0010647543981948
0.0010618357515219
0.0010581187605674
0.0010444748634874
0.0010497018961932
0.0010479095323512
0.0010528408794997
0.0010529203679799
0.0010505292497643
0.0010550916316628
0.0010566161502823
0.0010567672545177
0.001046183445024
0.0010610530933673
0.0010572427746737
0.0010576956553472