0.0012254242760349
0.0013084041390667
0.001223885196544
0.0013162516194332
0.0013228242812088
0.001257232239653
0.0013543785346576
0.00128478817198
0.0013841409627795
0.0014025783881458
0.0014136308949674
0.0014232379009928
0.0014322583610632
0.0014432282473926
0.0014420352277511
0.0014565915065164
0.0014495529581898
0.0014493577058528
0.0014483506169212
0.0014607565214416
0.0014552968857881
0.0014436755269904
0.0014415137829701
0.0014337605093698
0.0014563582047633
0.0014566594530103
0.0013684467892449
0.001449534378398
0.0014519284369114
0.0014372555767312
0.0014337878733129
0.0014380468571428
0.0014545636403806
0.0014657347052175
0.0014693745011004
0.001443235096663
0.0014416432327061
0.0014574110182894
0.0013699431711077
0.0014488638359317
0.0014637564210449
0.0014545322238312
0.0014423150472731
0.0014389851601659
0.0014364211919231
0.0014503568994889
0.0013670337540036
0.0014613359673577
0.0014551654943406
0.0014656559724422
0.0014646427388461
0.0014654037288929
0.0014698373256797
0.0014723821938775
0.0014865464938885
0.001403672912914
0.0014886717087878
0.0014833038061007
0.0014936081330249
0.0014971763452104