0.0066632584613721
0.0068946571630283
0.0073197389351203
0.0074210304137345
0.007551405300593
0.0076365376892752
0.0077491327433626
0.0077923442373457
0.0076433110146
0.0076098977600312
0.0070345155474218
0.0074082766344265
0.0078300880940061
0.0083775805704914
0.0092951446308425
0.0089639192764487
0.0091597329505981
0.0090843903086626
0.0090541420266379
0.0090579194049456
0.0091794704217591
0.0092854650836442
0.0084076799393445
0.0076465401817146
0.0069136891294375
0.0058841710845154
0.0059347877416174
0.0059788266415845
0.0060342677110126
0.0059223109797388
0.0059134569659905
0.0059342451546165
0.0060328838743491
0.0060216593877074
0.0058558374312069
0.0056595268649092
0.0061278680437288
0.0066436001860929
0.0070975695349693
0.0073174815277269
0.0078148698497072
0.0077566429755344
0.0076388455053328
0.0076526086293473
0.0075245931810035
0.0077714808434044
0.0076887432306924
0.0074629229223358
0.0076456649218483
0.0079225462043179
0.008432755775937
0.0092457919826063
0.0100156028838302
0.0100247406510823
0.0094842990544425
0.010165907767353
0.0097461046265267
0.0097741030285467
0.0097771228983261
0.0091065659907182