0.1331091658463123
0.17869202112457
0.2371817935274979
0.2408789963786963
0.2399642056246937
0.2489231649102583
0.235738036396191
0.2368117522022637
0.2377558933749133
0.2355068243896175
0.1737124257373869
0.1653255462753912
0.1778984551514467
0.1679476334974875
0.2328825421974583
0.2350398000834077
0.2319884254085279
0.2400491073161506
0.2367507058855825
0.2360837294304072
0.2333225571557175
0.236555226239805
0.1757826825841618
0.1184851694884242
0.0687222057646821
0.0011118372502681
0.0011021425760833
0.0011077810436829
0.0010952044624353
0.0011091375629611
0.0011041853944747
0.0011065731486771
0.0011111612712761
0.0011118140120629
0.0010882360702817
0.0192492586372273
0.0209362149360816
0.0828321305537613
0.127424262911755
0.1963325818474185
0.2193244310217728
0.2291254073131383
0.2134298943339013
0.2292694985249739
0.2113564757522479
0.2338065519322669
0.2288939860061889
0.1520559904285738
0.1781230049960754
0.1820761336881008
0.1639644776373693
0.1910177983785086
0.2233419157691031
0.2336037030725465
0.2395623351169001
0.2353878603680563
0.2541146637482561
0.2295772791860851
0.230209043019441
0.2005274260318344