0.0010746171932133
0.0010863030390947
0.001076060612148
0.0010894429798686
0.0010833578608106
0.0010988341247689
0.0010991617668462
0.0010994305159734
0.001098542426192
0.0010994385265048
0.0010953567318547
0.0011000275327599
0.0010938947301656
0.0011096377404457
0.0010939853492396
0.0011045604762334
0.0010910803704145
0.0010899153770044
0.0010852839453076
0.0010847402168959
0.0010825128657287
0.0010942884854379
0.00109542409905
0.0010998455207053
0.0011005722899365
0.0011154528965694
0.0011035164808932
0.0011076800814336
0.0010448378197854
0.0011108320291272
0.0011049877255009
0.0011084921775513
0.0010968295464931
0.0011032143749999
0.0010911894007397
0.0010919616282176
0.0010778418393127
0.0010800606385535
0.0010669092454605
0.0010740063689735
0.0010576514676391
0.0010662790245143
0.0010553619324132
0.0010627974304146
0.0010489953155188
0.0010549521918435
0.0010446889956625
0.0010714436508079
0.0010777315709291
0.0010974256661483
0.0010978824298685
0.0011116324964625
0.0011101556452202
0.0011066499348219
0.0011046594432461
0.0011143981118533
0.0010936479644258
0.0010221972070752
0.0010928472110387
0.0010955131757624