0.0060406888724992
0.0059484465111991
0.0060447419074201
0.0059539226198117
0.0060266767004341
0.0058588264789851
0.0060661463322477
0.0060007651249102
0.0056974737997215
0.0059223316473586
0.0059577008656218
0.0057941759785098
0.0057609674939838
0.0055426337102383
0.005557306233244
0.0054293871582727
0.0055839922664317
0.0055299554530186
0.0055553201309867
0.0053948236103467
0.0057186713686823
0.0055402904803941
0.0057244200679656
0.0057021427562861
0.0060516108265743
0.0059673483670861
0.0056933152369826
0.0060305751523794
0.0061253630078368
0.0059962851102385
0.0060490688285543
0.0059123745830915
0.006096192748959
0.0061162964814882
0.006253141312398
0.0061188564769112
0.0062241287686724
0.0060450896296704
0.006015880329553
0.0058426480658792
0.0060175033111265
0.0059283291389636
0.0060220312115819
0.0059921374690812
0.0059920745173188
0.0058977995593135
0.005935088814831
0.0057577947009072
0.0057949868071512
0.0057140499106459
0.0059560185961944
0.0056653643614626
0.0057354570071774
0.0057558210643238
0.0057292885194976
0.0055854203060009
0.0055179919463086
0.005325024325115
0.0054292203405082
0.005332399539136