0.0019886808731616
0.001993003794374
0.0019793972394881
0.001986400255157
0.0019990853667379
0.0019904730667155
0.0019742266963887
0.0019597966222906
0.0019790558081572
0.0019657169573983
0.0019670556952929
0.0018494198364289
0.0019703762485514
0.0019706802658097
0.0019448560476381
0.0020228099310999
0.0020819820660627
0.0020999520087656
0.0021080590122107
0.0020833426035611
0.0019869087767866
0.0021076440957436
0.0021116187297589
0.0021075573961058
0.0021248362283774
0.002147407695554
0.002078014543443
0.0020586698232436
0.002050787254
0.0020607387780099
0.0020616595060042
0.0020537922448449
0.0020524718181041
0.0020567603751939
0.00207063495335
0.0020378745892561
0.0020291017092174
0.0020275671844984
0.0019815995766926
0.0020039882378565
0.0019689464535464
0.0019700768089121
0.0019892441584951
0.0019868467302575
0.0019526792690859
0.0018385659015227
0.0019776978058758
0.0019709122107969
0.0019620458259261
0.0019830144239683
0.001969204623492
0.0020083650098175
0.0020270669155814
0.0020078428667259
0.0020149671400569
0.0020336237929425
0.0020390614367432
0.0020248817751976
0.0020415987606648
0.0020392343164923