0.0010938253892654
0.0011148729644692
0.0011033663710753
0.0011149910978158
0.0011070075863591
0.0011082418126776
0.00109646950562
0.0011045598156447
0.0010230976235504
0.0011026378471707
0.0010846718660149
0.0031961068492656
0.0041085108042564
0.0051290637990338
0.0059083305679409
0.0058177448052644
0.0055777569557965
0.0059808139087412
0.0058690038774302
0.0059908257172243
0.0058837293299301
0.0059934738704708
0.0038548882510946
0.002904647280061
0.0019324426685577
0.0011546353663808
0.0011522437083164
0.0011296586213693
0.0010607997210417
0.0011332557194821
0.0011138539232655
0.0011167773422544
0.0011088550257968
0.0011223582781216
0.0011079476686641
0.0011123524681787
0.0011000395340757
0.0010971683895294
0.0010907906587171
0.00109891590361
0.0010894275466029
0.0011853416575592
0.0011867739909335
0.0011902032422963
0.0011854933122946
0.0011976816984377
0.0011918862858502
0.0012031626117042
0.0019893638581009
0.0029758251934103
0.0039022152810369
0.0077622924725693
0.0082611107862007
0.0078446144437479
0.0085547779275737
0.0082086887783306
0.0083809012666568
0.0083275686776754
0.008255151222408
0.0076687767550615