0.0054175330905779
0.0055285701727187
0.0054871567835845
0.0055689611360781
0.0054094752665903
0.0055530998145857
0.0052118174579659
0.0053563130372103
0.005559031942802
0.0056524211925629
0.0057546367239342
0.0061622184768189
0.006153906361556
0.0063312695199641
0.0063768646391716
0.0065104701662324
0.0064220285428234
0.0065463263285112
0.006453664448261
0.0063741358071713
0.0062938248954695
0.0062993992702486
0.0060552344662729
0.0053107662560352
0.0056483310595389
0.0055808776261084
0.0054749877567429
0.0055708858579892
0.005383106505921
0.0055662951150438
0.005483076248191
0.0056901539824928
0.0055564314589226
0.0057766426897844
0.0056900072700618
0.0057559098130001
0.0057178074731415
0.0058634364173299
0.0058041087934257
0.0060187807135008
0.0059394073869086
0.0060242033782568
0.0058357423193618
0.006090429399473
0.0060268401667952
0.0062574842479216
0.0061205280387337
0.0062549305752645
0.006268190118744
0.006674819576652
0.0067985282740564
0.0068771286571004
0.0073372640495406
0.0075009001405957
0.0073783079000309
0.0075310037423533
0.0073678774965751
0.0075700391004716
0.0073559469590327
0.0073895687360816