0.0010725885329764
0.0010573834126321
0.0010634233109602
0.0010507510680249
0.0010647015159437
0.0010537739186101
0.0010600019891759
0.0010571521695187
0.0010566037082954
0.0010428814854562
0.0010467341417909
0.0017686470015968
0.0027473445806486
0.0035985721938682
0.0049195376952805
0.0050491436271172
0.0051398686512338
0.0048791439610565
0.0051648198491131
0.0052988328697043
0.0051329136177758
0.0052126739222822
0.0044194029284066
0.0034754185618385
0.0025673265633159
0.0012736331364205
0.0010856738174623
0.001065433476164
0.0010810092375419
0.0010655835321956
0.0010720130785425
0.0010629292132408
0.0010748636764222
0.0010716120230587
0.0010783404278781
0.0010718643297509
0.001068025796014
0.0010610291234088
0.0010559324539787
0.0010403380238103
0.0010459585707265
0.0010444239904767
0.0010494126755688
0.0010539037260319
0.0010551719632769
0.0010586209460123
0.0010649494847588
0.0010602253074469
0.0017399572109761
0.0024040524026358
0.0033843795577023
0.0043343296397398
0.0050888120229178
0.0053295468267329
0.0051648596618959
0.0054327947332964
0.0052760677728143
0.005195362469712
0.0051945848187068
0.0045614109118657