0.0010189262837079
0.001034795469196
0.0010257118764845
0.0010318755464036
0.0010314439684777
0.0010321080164159
0.0010256274308186
0.0010302652079481
0.0010317083425008
0.0010288402442309
0.0010256924008261
0.001034444678843
0.0010195069327134
0.0010227580615643
0.0010175954248604
0.0010175617273623
0.0010186118831714
0.0010322534385113
0.0010227240290381
0.0010172473067993
0.0010161826852942
0.0010107535714935
0.0010028752221053
0.0010106064280496
0.0009573947653653
0.0010245454083023
0.0010277354721439
0.0010302933287232
0.0010214641552385
0.0010233593247588
0.001021638118748
0.0009760012042081
0.001039650648857
0.0010442325501536
0.0010466221935246
0.0010409709970229
0.001034167229884
0.0010324070413169
0.0010229339186186
0.001026531297018
0.0010271680932002
0.000976691928674
0.0010345219923475
0.0010356770382039
0.0010260148396448
0.0010368614826609
0.0010463352441229
0.0010552006470152
0.0010515448615428
0.0010606309465469
0.0010574691068551
0.0010629785022314
0.0010682887271622
0.0010218455117538
0.0010074007409121
0.0010736765012084
0.0010577965883101
0.0010513411889045
0.0010424243313041
0.0010406966512977