0.0010949616368284
0.0011034641660595
0.0010846005926958
0.0010989782813801
0.001113301934142
0.0010593922264283
0.0011022516450975
0.0011257198847256
0.0011110885921662
0.0011211464350342
0.0011238040477561
0.0011368763577248
0.0011289173574604
0.0011282683976343
0.0011318530875141
0.0011050847267031
0.0011147595823872
0.0011271163381326
0.0011158925363723
0.0011177602141139
0.0011329947436867
0.0011257193240796
0.0011244898308749
0.0011454750180244
0.0010453265519831
0.0011238509375053
0.0011338856206138
0.0011373523405477
0.0011162293383864
0.0010766228840699
0.0011349187396352
0.0011370055239641
0.0011263903786209
0.0011357660584944
0.0011276228352905
0.0011391436876164
0.001125301194477
0.0010444857909824
0.0011078637237863
0.0011204534141325
0.0011174723153239
0.0011198359577877
0.0011072769531533
0.0011227306366605
0.0011189422137128
0.001121381221092
0.0011221794325467
0.0011253714844528
0.0011205618488871
0.0011335021229293
0.0011438981050356
0.0011421735378716
0.0010813635652428
0.0011482024715006
0.0011554753989365
0.0011514405354077
0.0011416202738461
0.0011372543733353
0.0011343514418605
0.0011429426831947