0.0054670958745754
0.0057050561079026
0.0056471722599985
0.0059026636076647
0.0057728666654533
0.0058559674672056
0.0056926966002777
0.0057961361036911
0.0057609777822218
0.0055352615092869
0.0053967842768232
0.0052861792277254
0.0051861744522989
0.0051458386473429
0.0049324899845348
0.0050963334435443
0.0050172634826937
0.0050742299248601
0.0048998899880607
0.0050707620035767
0.0050248758090689
0.0047453192637447
0.005096607324887
0.0051115393488204
0.0050981721014817
0.0052601585169264
0.0050750973483808
0.0052024420672156
0.0051563671866615
0.0051825815600033
0.0052519980506822
0.0056243667438027
0.0056132456702784
0.0058114543026977
0.0058631039435114
0.0059380278611945
0.0058288326219674
0.0058162950283035
0.0059920071910771
0.0060631741490423
0.0058694910735338
0.0057872757116451
0.0057305339327849
0.0057345294053006
0.0056744622254362
0.0056713772118496
0.0057195387299121
0.0057818659355052
0.0059169295787283
0.0057264360603214
0.0058239350689515
0.0059462998221907
0.0058639293840178
0.0059486192807245
0.0059018574991352
0.0060176049820769
0.0060024172684059
0.0062291856711123
0.0061718730135071
0.0062186449381908