0.0072830382307305
0.0090543983960612
0.0104387881017263
0.0126257854235499
0.0153913855631564
0.0177435344330497
0.0195866512007665
0.0227614386149196
0.0250381172070286
0.0271523793957581
0.028750821908986
0.0302888536101817
0.0311156704820478
0.0321045313519912
0.0323213699887298
0.031672802054088
0.0319384445947899
0.0326217419324998
0.031638760748552
0.0315682485384255
0.032682520922999
0.0323711054826305
0.0323020205638179
0.0324768212456637
0.0324289374109136
0.0327405540927925
0.0330395623979895
0.032352060382784
0.032465491522104
0.0331248111169048
0.0325437400911125
0.0319930768951891
0.0318432301308596
0.0319754856038355
0.0321764746477596
0.0321087619344608
0.0316808719589564
0.031456859836095
0.0325272816777036
0.0317898418168004
0.0315699587922763
0.0321124973966857
0.0322752686275918
0.0326544417965173
0.0331019607618635
0.0329835680292197
0.0329731332916948
0.0333558455948312
0.0332633016092778
0.0323491469110954
0.0333648385937538
0.03345228229226
0.0338753168964629
0.0329476702079605
0.0330109035309182
0.0332604608049313
0.03286450172756
0.0328975982557291
0.0326722794586735
0.0309574302716413