0.0239762627810051
0.0435716756732487
0.0607070314110211
0.0991897399878628
0.1219946196865606
0.1477733683147467
0.1725703635580325
0.2038551375661402
0.2282797964258786
0.2556848584440501
0.2765451629144374
0.2923614662799421
0.2976788574332161
0.299425559271393
0.2911641428414229
0.2929111054899155
0.2921282673749003
0.2933037760174503
0.2894718245698141
0.2885580981029305
0.2861050344349742
0.2864864949945818
0.2870916714480601
0.2857813764855483
0.2846239933850247
0.2840512011126817
0.2843981731874473
0.2840160689779963
0.2824872653330451
0.2818356780378457
0.2829446909513194
0.2865526288843601
0.2816262015659253
0.2798883539651471
0.2823415391342235
0.2829785787772039
0.2847537602545815
0.2816393916261955
0.2815046638554891
0.2844494797129999
0.2870544981026238
0.290393605132224
0.2882975637570544
0.2923910878691388
0.2926796858574396
0.2909347673534695
0.2873966694337492
0.288004242590503
0.2889576865914524
0.2886264095520855
0.2863634042343631
0.2844232279044165
0.2784256016591434
0.2786716248104496
0.2787612333185864
0.2765843434170834
0.2749918076658609
0.2810605747160004
0.2795170286339068
0.263387775774289