0.0030474838873391
0.0053054475263195
0.0101597780311668
0.0144722654516351
0.0215574018362101
0.0250423037863885
0.0308287478660776
0.0353689441364152
0.0415878288744715
0.0454149455115574
0.0509738847880031
0.0557163778723568
0.0572273962061887
0.0586137011360539
0.059153246139823
0.0569984797838776
0.0582388716781417
0.0588754805428709
0.0574934530203142
0.0575646390973389
0.0592010123127859
0.0597991156424074
0.0595049837213505
0.0594314301531844
0.0591370386408828
0.0609798870428943
0.0617872530632422
0.0612598016275242
0.0603944336898978
0.0624854372577388
0.060696093424479
0.0598209690886338
0.0595381624010485
0.0589852859065666
0.0597891151215802
0.0588225939827868
0.0578974808693737
0.0564716875033924
0.0583629518662095
0.0568028199639273
0.056542633152927
0.0573248747490011
0.0593830653386145
0.0587553177973683
0.0603586373303401
0.0590442334432292
0.0597116163512687
0.0600441214741975
0.0613267278438734
0.0577887833682601
0.0605567892035106
0.0597110825133168
0.0612758925182485
0.0591676079026822
0.0598473085133108
0.059534246322373
0.0591778857054263
0.0600840204036941
0.0588619540891608
0.0556531393344763