0.0012758427399035
0.001255450726771
0.0012789705124015
0.0012762234848484
0.0013113738757716
0.0013341139835274
0.0013391996860282
0.0013510366597304
0.0013822144622211
0.0013937045660445
0.0013775630736709
0.0013996525821597
0.0014151172367683
0.0014381848452737
0.0014222354977279
0.0014419241283074
0.0014081725061491
0.001432863048911
0.0014092052266783
0.001391478753489
0.0014244089929221
0.0014120302927038
0.0014306867097548
0.0014070035507723
0.0013870203496914
0.0014015092379813
0.0013788045126756
0.0014309480411625
0.0013958828766373
0.0014103752959529
0.0014418168014197
0.0014119167120799
0.0014196205463612
0.0013975789985325
0.0014358331630366
0.0014188792382292
0.0014243220871216
0.0014204464331001
0.0014269136513009
0.0014596248258643
0.0014794613432462
0.0014442047668469
0.0014397966263995
0.0014550000932887
0.0014972088859176
0.0014509917767118
0.0014739772686368
0.0014802878184714
0.0014899708214516
0.0014750254078191
0.0014439969276909
0.001430191539582
0.0014514464625054
0.001446598828189
0.0014465062949318
0.0014130623603872
0.0014363699226043
0.0014736851463497
0.0014429098550191
0.0014389968134621