0.0068522619419805
0.0068346002473896
0.0072621265792256
0.0070764592183744
0.0072776570275474
0.0070981319493762
0.0072364546261533
0.0069697573161253
0.0072446066677584
0.0070353135057525
0.0072765024677598
0.0074761848899988
0.008124053213833
0.0088178612391284
0.0098054434008449
0.0100426049113135
0.0105641193648638
0.0106739430953244
0.0107897401118621
0.0107394934034031
0.0107641790678805
0.0102233337920153
0.0096568708627627
0.0087036018308286
0.0078601806517789
0.0074291217689079
0.008082993656771
0.0086914829452557
0.0099399403259163
0.0104902936852535
0.0109623125160297
0.0110459469628776
0.0115930588577135
0.0117033221670647
0.0118015845681605
0.0115045989266028
0.0109338892572107
0.0098765292710748
0.0086954342646073
0.0077772117950608
0.0078395069906487
0.0086734498336047
0.0093920901527197
0.0098181616055846
0.0107503794855166
0.0109732964332989
0.0112970965864372
0.0115115948369463
0.0117357606806263
0.0113959909327111
0.011098200603373
0.0102908657866584
0.0091189188876439
0.0084504695881312
0.0084183914382506
0.0081307748270795
0.009158470928561
0.0097183252488588
0.0103848126238374
0.0106148493150684