0.0012142377366648
0.0012081643900746
0.0012255732382061
0.0012248193190728
0.001226570143244
0.0012116212851041
0.0012170783052351
0.001201642913669
0.0012015742339074
0.0011944373429279
0.0011898194102521
0.001178129329122
0.0011851163001338
0.0011784467603577
0.0011833274739114
0.0011720727296119
0.0011776437857418
0.0011769606999425
0.0011892975566709
0.0011780237214805
0.0011881747157512
0.0011707791710076
0.0011638028015651
0.0011556132281289
0.0011490079790139
0.0011421013558569
0.0011599912194599
0.0011420704046452
0.0011531365728353
0.0011413868982922
0.0011586926370946
0.0011576222997521
0.0011642633654767
0.0011664035551986
0.0011692076809997
0.0011674996834012
0.0011797642721681
0.0011577098223365
0.0011775978016759
0.0014135915738161
0.0014192067427403
0.0014123037647059
0.0014045760244694
0.0013928381223124
0.0014002725318787
0.0014059647436475
0.0014085804055881
0.0013919320265974
0.0014036962142532
0.0014037671806449
0.0011635193173606
0.0011575630928481
0.0011604577273221
0.001165733362785
0.0011774934055454
0.0011700339803195
0.0011568669353341
0.0011590766046681
0.0011586540381791
0.0011558315951965