0.0060657742444867
0.0059473701880917
0.0059166009142242
0.0059694130181544
0.0061255359060525
0.0058600571920602
0.0059092292567617
0.0057613684210526
0.0059871655133378
0.0059025956003364
0.0060261743009891
0.0058249993405627
0.0058166073458841
0.005730594509426
0.0057383005102416
0.0055135242454321
0.005711292932804
0.0055491834699553
0.0055906818156918
0.0053049288140518
0.0053150427860513
0.0052234123456343
0.0054679493917625
0.005538370427875
0.0057485077241059
0.0056742635333008
0.0059112239684948
0.0056315522165003
0.0057724725856421
0.0058111503790764
0.0060104831440121
0.005953953125
0.0058674025888116
0.0056366940194972
0.0056350063305936
0.0054401678995699
0.0055709146709896
0.0053996317923618
0.0055041014802631
0.0054038314629442
0.0054686832503247
0.0053587333431009
0.0052575448769158
0.0052393342630217
0.005347985184386
0.0052571624591405
0.0053238799833812
0.005118348067419
0.0052998393769997
0.005385873814231
0.0055589397958261
0.0054909800066276
0.0056688851761523
0.0057326799812707
0.0059475640638912
0.005835005245806
0.0058487262400402
0.0058524086271302
0.0058223471420707
0.0055882126239722