0.0011621033924231
0.0011642648278119
0.0011500732031619
0.0011618497221862
0.001153922390252
0.0011736312394012
0.001173353320128
0.0011840672693781
0.0014735933478
0.0014737106088679
0.0014665475127839
0.0014799895577396
0.0014733257924289
0.0014654120683097
0.0014458793874111
0.0014464413755754
0.0014375085202433
0.0014404835713644
0.0014832238068622
0.0012123633287268
0.0011991627133275
0.0012010676989294
0.0011913613591495
0.0012049514883002
0.0012140001675572
0.0012374385946176
0.0012293494255817
0.0012313115011884
0.0012153780368053
0.0011629350980076
0.001160877751104
0.0011805715759933
0.0011738583022908
0.0011864507267754
0.0014198404274719
0.0014088508502976
0.0013920174814213
0.0013865651387534
0.0013818518802342
0.0013982527036771
0.0014035537879344
0.0014111853576346
0.0013968209957658
0.0014066379431056
0.0013991995147811
0.0011578291072795
0.0011588017408299
0.0011777398767605
0.0011760532737263
0.0011867505224472
0.0011723885656039
0.0011802629407351
0.0011607069562949
0.0011753815637649
0.0011803632835448
0.0011695638640102
0.0011725757570259
0.0011708655640764
0.0011503567016734
0.0011617570859728