0.0011449358441273
0.0011367931357971
0.0011645953414488
0.0011509663277577
0.0011556593106689
0.0011462504543867
0.0011509181311773
0.0011458385111319
0.0011593079224903
0.001139087990595
0.0017826318021842
0.0113555561440679
0.0306812744123795
0.0506258579353244
0.0797223790599371
0.093135827162064
0.0998538903623832
0.1035584445264223
0.1016269003733297
0.1018177370389781
0.1028943917132319
0.100997625277322
0.0929466864414555
0.0740857092794135
0.0528439917300753
0.0287954787390713
0.0293756605793679
0.039314487443634
0.0613240704559017
0.0800840317584822
0.0911077187093655
0.0975811522752618
0.0985059671483445
0.0962831877625437
0.0964954216381812
0.0976314559014384
0.0919152299994617
0.0794905243576753
0.0622611306113528
0.0398688566775246
0.0292915057859295
0.0356359047686428
0.0439422763399928
0.0660332672838286
0.0821298068715166
0.0905477068810455
0.0967652643152985
0.0964845911889328
0.0962120346934361
0.0955104448559005
0.0954343089804062
0.0866823974326385
0.0720611171455693
0.0584406020210437
0.0425035580269387
0.039624998462596
0.0465402979884748
0.0552998065923678
0.0708564392325676
0.0846708965699982