0.0982213378168307
0.097224320014964
0.0980287554674545
0.0965227475710475
0.0971386960611891
0.0907350060589618
0.0958749866070673
0.0967675965134322
0.0957514531774622
0.0964029294557807
0.0959796020929922
0.0960821364152357
0.0955838030616405
0.0918398954262597
0.0978934898392131
0.0977508012221134
0.0963714698764575
0.0913142115641429
0.0960021558020549
0.0953566561149996
0.0905501749675667
0.0908054599057848
0.0953660104189659
0.0957694600535114
0.0963482273450157
0.0949003425382192
0.092426102514861
0.0955260627900261
0.0955147274873721
0.0941511107733048
0.0900538776387578
0.094944968598743
0.094638328168657
0.0960922913554286
0.0970261486396468
0.0959494938475085
0.0959076062826277
0.0988478235475559
0.0976639667861975
0.0966801431848951
0.0988182275085916
0.0982149582501793
0.096899968363636
0.0969770707502945
0.0907572013166314
0.0951473489038438
0.0893265868809228
0.0968743064067851
0.0962994391878427
0.0906162888393926
0.0957962883883655
0.0959979787255781
0.0899900501986256
0.0958896410916721
0.09545477718389
0.0967780344450829
0.0967699222231648
0.0910301720499872
0.0958453861626878
0.091219661440967