0.0125815597643932
0.0338566469114587
0.0349611133998965
0.0696011096162993
0.0741690977665203
0.0859474666123992
0.10637261848743
0.1172498506475939
0.1482308108412701
0.1462306159526712
0.1580976099760035
0.1539183928131004
0.1597761335247757
0.1596684317613918
0.1607520488143527
0.1515016246913927
0.1575470214752348
0.1431555370109451
0.1591376701411407
0.1495084570578146
0.1515626333509628
0.1512100759067455
0.1489071821928535
0.1503339096944557
0.1483145409482825
0.1522460467653162
0.1470511104074258
0.1490732496620967
0.1511279351215726
0.1492309179742165
0.1510654004541201
0.1497951746983567
0.1559071110846482
0.1522412953091761
0.1460623736169635
0.1569642073676793
0.1518116640733268
0.1582958289018594
0.1447739805159308
0.1515120304073368
0.1575177990781888
0.1582040952405058
0.1657419610151098
0.1621061380981396
0.1691940831442521
0.1723487288138659
0.165302122813176
0.1720772632747416
0.1802339879282574
0.1746870832123849
0.1864731657349767
0.1879558088879246
0.1906726600023674
0.184404594384849
0.1911395829346371
0.1828253164591687
0.1891397341914433
0.1855183552993178
0.1673985293814925
0.1676643278441759