0.0114853613577986
0.030346903127999
0.070490871355218
0.0739219176639842
0.1507316588532631
0.1749566369278156
0.1804752019859152
0.2923696347541534
0.359206759009623
0.3763840434369844
0.4996797881692361
0.5763701746682156
0.5447043099431294
0.687035004261789
0.7959355802565252
0.7528670236236448
0.937055229436442
1.0044263800508766
0.954436383487375
1.1140912659666664
1.19476709983827
1.2720725840129736
1.3696286681504837
1.4394828525542354
1.4394828525542354
1.5301053862047334
1.5652207659756705
1.6720361243786972
1.766539288528154
1.8469012372707967
1.8776795804850748
1.9373575511870655
1.9976747555959695
2.085247378066751
2.004342973920297
2.1950193192865823
2.263282042088445
2.2881941601955944
2.414427398818566
2.2922887762623163
2.5322987516837325
2.5752216968339
2.475143447197652
2.653560906813928
2.694434017980188
2.439685531194996
2.7192093675052527
2.7260116995725734
2.583502627882937
2.7389202368536614
2.592200398842002
2.7464060210151584
2.7249326938540244
2.7355242726375257
2.7355242726375257
2.7369249164068714
2.741825767756079
2.747840774722585
2.7606653581202183
2.746961112864812