0.0013357108620375
0.0013789041227794
0.0013713517796528
0.0013644844004954
0.001403298667353
0.0014091424666023
0.0014214690301027
0.0014220451344487
0.0014549149602774
0.0014610804840179
0.0013728176815191
0.0014532316875114
0.0014539592321693
0.0014619768079885
0.0013966699502541
0.0014437448406829
0.001441650883344
0.0014420978555942
0.0014308799992665
0.0013428162997746
0.0013941475254038
0.0013114677431815
0.0013814023328913
0.0013543764661593
0.0013293906148399
0.0012393002853016
0.0013073605734159
0.0012940877455937
0.0012812569387042
0.0012660377981319
0.0011744787658629
0.0012268660369402
0.0012159954485986
0.001213661037209
0.0011278917311149
0.0011901362140264
0.0011941053276291
0.0011787634618572
0.0011067312824241
0.0011687175113867
0.0011658500953889
0.0011645024632483
0.0011796150196529
0.0011824064974654
0.0011830454758894
0.0011574812213908
0.0011574812213908
0.0011756576184654
0.0011679121639701
0.0011736542186175
0.0011805135158065
0.0011224697675043
0.0011832260816348
0.0011128053057263
0.0011715213701432
0.0011877996381073
0.001132080725512
0.0011741968344528
0.0011830801469218
0.0011401997820741