0.0036966831336504
0.0066201753405068
0.0098335691055417
0.0153649551464168
0.0204679474618779
0.0266181948423566
0.0350398895207905
0.0415620021122415
0.053799636124554
0.0630024915630639
0.0720026957907121
0.0828161584373501
0.0937239977351158
0.1019411161027463
0.1123998111380143
0.1200470579479402
0.1300865405783637
0.1393806750407832
0.1467704995826287
0.1548023231428268
0.1633955838126373
0.1706623890230282
0.1775181925733397
0.1870888002659972
0.1945859514798104
0.2005328007568243
0.2084232559714592
0.2203871964279238
0.2292599263867755
0.2372429389698379
0.2475474649641854
0.2586121364811143
0.2662917315679906
0.2786547136067187
0.2916222932625604
0.3067245021908072
0.3188764597428036
0.3357150780791401
0.3503622537938359
0.365191001507768
0.38197619277346
0.3952870188310062
0.4077892075845401
0.4201509243063193
0.4319143266239706
0.4352250042992717
0.4410770210251133
0.4429690751125781
0.4417425875233114
0.4400181479120524
0.436822574625249
0.4359808290961474
0.4331013461377337
0.4317695109337723
0.4305120319198423
0.4275356550806101
0.4304789951495282
0.4303189769474115
0.4320880151767249
0.4047374581665335