0.0065495122956049
0.0068786450901661
0.0069131313401059
0.0071016576745868
0.0068445007409877
0.0067650305858052
0.0065799163286191
0.0065195239009974
0.0065291988292252
0.0065584698068737
0.0062274614059779
0.0071174276917471
0.0077134103299594
0.0088056050715493
0.009238368641467
0.0093307915363841
0.0094504380888411
0.0094616256985245
0.0095169079485156
0.009622321680494
0.009545037053119
0.009432614320323
0.0085016244811396
0.0077382037495447
0.0064111780938782
0.0059877999090577
0.0060024706001436
0.0059608950104338
0.0060723267745392
0.0061287414363442
0.0058920797708479
0.0059708709889628
0.0059533930581787
0.006010954008769
0.0058422658503647
0.0060893081497402
0.0061077511526663
0.0060751961966103
0.0061883558962559
0.0060896855892836
0.0061867260077123
0.0063362914200917
0.006383988564468
0.0062285642272031
0.0063043613364373
0.0064385344230627
0.0063147276404165
0.006387865522976
0.0063909319529879
0.0065098059084731
0.0065297980906242
0.0066125138366741
0.0064926191325879
0.006474800839949
0.0065325780349951
0.0064850782549101
0.0063174354821119
0.0064199138502798
0.006251206976702
0.0064206126585059