0.0010206255790203
0.0010299532295633
0.0010208070450655
0.0010336511205219
0.0010386619893812
0.0010347042274025
0.0010253346274398
0.0010313898918306
0.0010252919878277
0.0010264463904157
0.0010293441081398
0.001036679928269
0.0010335797738123
0.0010422771810609
0.0010285889273607
0.0010257151020708
0.0010226515112326
0.001029113102415
0.0010172137332812
0.0010324970566393
0.0010256916279576
0.0010295071228718
0.0010195084582011
0.0010276596219219
0.0010200715901072
0.0010256440293455
0.0010354243512174
0.0010334995445208
0.0010262457343442
0.0010370283929585
0.0010310860733782
0.0010358697804405
0.0010299000271419
0.0010340910401499
0.0010212045218342
0.0010267123305193
0.0010219177720282
0.0010147029573789
0.0010134280834915
0.0010178811744577
0.0010130854704005
0.0010065048490692
0.0010072655027528
0.0010146013855486
0.0010126841190527
0.0010178196747997
0.0010175373330174
0.0010218272367725
0.0010251022259926
0.0010304786228253
0.0010381075925149
0.0010416066429763
0.0010454729774597
0.0010431318953895
0.0010391288748987
0.0010501828581904
0.0010592576207831
0.0010505614963536
0.0010553540203683
0.0010517151625002