0.0020876941746681
0.0020930247950409
0.0020852642270432
0.0020979991250614
0.0020599751984483
0.0020912059828591
0.0020719963187487
0.0020817181695435
0.0020257846260641
0.0019952477032382
0.0019721552024064
0.0020086891971448
0.0020045304827126
0.0020134127513171
0.0020011971571936
0.0020265852181232
0.0019984931909931
0.0019850943539554
0.0019997839542174
0.0020169927434456
0.0020326306117234
0.0020601415988403
0.0020299921505923
0.0020223424571026
0.0019904919853383
0.0020065413518631
0.0019966328624101
0.0020094188149992
0.0020176755806029
0.0020329368636903
0.0020385298906462
0.0019993508856424
0.0019807304347826
0.0020010573257755
0.00198798713838
0.0020223295652333
0.0020043461503333
0.0020319740823457
0.0020103467469578
0.0020319684145297
0.0020216757989175
0.0020210293257762
0.0020349215366278
0.0020614603592163
0.0020284150018645
0.0020912524670901
0.0021878752313754
0.002235649964379
0.0021894403586949
0.0021946539516099
0.0021534502101518
0.0021578232450307
0.0021403112048346
0.0021614810030532
0.002142535502308
0.0021588335446936
0.0021426606263002
0.00201629950623
0.0019810748781807
0.0020066344612962