0.0011160960921416
0.0011088537640509
0.0011047164769471
0.0011168862938815
0.0011147586465889
0.00110844186174
0.0011067091447693
0.001119794539412
0.0011229836873281
0.001133819680851
0.0011360703350663
0.0011394884001205
0.0011418670081438
0.001145978028252
0.001128323042919
0.001122244411486
0.0011184176814945
0.0011198793038077
0.0011134176875252
0.0011148714399245
0.0011035769237801
0.0011115468207658
0.0011083804327516
0.0011143194680351
0.0011062795863035
0.0011194042230916
0.0011119483001809
0.0011220792658181
0.0011144960485104
0.0011182321850358
0.0011086389430595
0.0011242285596308
0.0011204785436563
0.0011293206950179
0.0011226184631995
0.0011806467596149
0.0011759124982032
0.0011927145262233
0.0011866680605336
0.0012019696087759
0.0011878978383391
0.0011980467228121
0.0011776619308362
0.001185001108164
0.0011740838467621
0.001177019621443
0.001122924565955
0.0011212335245661
0.0011064490972647
0.0011135229394311
0.0011009688163294
0.001103993373131
0.0010953704867695
0.0010995569236871
0.0010913272704146
0.0010982494507261
0.0011033932113169
0.0011180169968073
0.0011214948650842
0.0011354340346263