0.0017697813797304
0.0057256284589304
0.0057390704721376
0.005700705757979
0.0057062347003845
0.0057127038248571
0.0056481133239781
0.0057275982474872
0.0055961247436833
0.005685382088028
0.0057044178301524
0.005691194835295
0.0017304384787471
0.0017470834288418
0.0017624611558971
0.0017548327214446
0.0017644870972999
0.0017547793760576
0.0017483236525092
0.0017467190523738
0.0017512388155894
0.0017434110824508
0.0017511805372638
0.0017529258194783
0.0017605730398798
0.0017611466198907
0.0017748717229649
0.1267529115191375
0.1272841066429396
0.1261663123806754
0.1286302945037826
0.1288062792416392
0.1251151566297647
0.1261807182998691
0.1284086829710814
0.1250520738337298
0.1248926623816211
0.1251366473920652
0.0017077221851737
0.0016966975499909
0.0017118674960505
0.0017061898872773
0.0017016052517907
0.0017051108589286
0.0017062445055444
0.0017121609317005
0.0017145325806981
0.0017054493088806
0.0017049446860731
0.0017069145286643
0.0017109053641761
0.0017003361902682
0.0017674701313247
0.0025056684559117
0.0025080505495691
0.0025213925519148
0.0025232403611605
0.0025120125200122
0.0025435743680513
0.0025312492766284