0.0010392609239344
0.0010424767093585
0.0010438238807091
0.0010426580480698
0.001046344444647
0.0010463296500921
0.0010438821974737
0.0010478987282233
0.001041684463535
0.0010429982538143
0.0010608795045871
0.001066272050443
0.0010656219219756
0.0010677504277159
0.001064807913512
0.001061230986743
0.001064412935141
0.0010548655047387
0.0010533836933085
0.0010486059184277
0.0010349039356357
0.0010263902028572
0.0010184506695818
0.0010170549644402
0.0010121667756228
0.0010260014875553
0.0010340961771132
0.0010362924608408
0.0010464564422139
0.0010477880032867
0.0010592830417524
0.0010697295961164
0.0010769484673477
0.0010796009260599
0.0010808137643827
0.0010877254527949
0.0010888978087392
0.0010777781798541
0.0010821165835298
0.001093110538777
0.0010931455669954
0.0010867231123733
0.0010772590709028
0.0010716725878664
0.0010701205182721
0.0010738565241916
0.0010670090580706
0.001069480004425
0.0010676319224245
0.0010604717174115
0.0010485183748579
0.0010467855910188
0.0010492038097335
0.0010587807268421
0.0010550866839136
0.0010522652924448
0.0010431643848288
0.001046901303973
0.0010376288613586
0.0010392799502182