0.0424951682536859
0.0432744593899896
0.0370107080857426
0.0249794320714335
0.0183118010336389
0.0123467991578107
0.0025838895277721
0.0013609161551214
0.0012762113217912
0.0012762779380021
0.0012914800065283
0.0013648800014721
0.0014432320007352
0.0014924919015315
0.0015546445021487
0.0015662904683798
0.0015711353183157
0.0063350770725851
0.0164919410387281
0.0258724753791253
0.0327487975227175
0.0381128524478736
0.0425222441464873
0.0429605495251016
0.0416698893225924
0.0432353389277822
0.042535697135628
0.0431299621835645
0.0371756330928871
0.0280740386167354
0.0181976919074935
0.0119534927449921
0.0065626035642773
0.0017674985527298
0.001572679920441
0.0014851316721395
0.0014952357595222
0.0015040797558238
0.0015819006733701
0.0016708295186959
0.0016664177253583
0.0016695843228696
0.0016746108660564
0.0057014794963047
0.0156358581449724
0.0272145796027972
0.042578679094444
0.0511932701221481
0.0599707662622611
0.0580707366404047
0.0581338226007842
0.0593844966211904
0.059996422513196
0.0607296641713217
0.0552451557234159
0.0460320274719185
0.0336210694360932
0.0177676838522289
0.008893710048558
0.0015900786348542