0.0058097596568859
0.0057505232950708
0.00552036021624
0.0057731413545642
0.005689210605761
0.0056939625808578
0.005694683727641
0.0058040396718787
0.0056612755848613
0.0057411905455198
0.0056170062765301
0.0057486196104421
0.0057298222007335
0.0059111562166175
0.0056640373281307
0.0056972496318516
0.0055441263952548
0.0056419094575044
0.0053334801252011
0.0054916476546331
0.0053303078118927
0.0053170665759636
0.0051473306187468
0.0053533040600255
0.0052843870832954
0.005391656151136
0.0052561490739565
0.0053231013393985
0.0051356208735765
0.0052697241348233
0.005182277610215
0.0055058638910841
0.0054941306671546
0.0056796049520532
0.0055605993948115
0.0057137461739386
0.0057251448882506
0.0059314553456812
0.0059199403478038
0.0061475548640262
0.0061031028311573
0.0061766199022706
0.0058784615454745
0.0060519329627148
0.0059227949326282
0.0059213988879921
0.0057853417326484
0.0058346982595081
0.0056155546168426
0.0056241703850272
0.0055568497894159
0.0056658425759963
0.0055950742647732
0.0057488181998413
0.0055733281948823
0.0056707931053085
0.0055528188305836
0.0056392312206788
0.0056469310682481
0.0058652143559489