0.0061672521753376
0.0061281724411335
0.0061103813588945
0.005970260842147
0.0060958387970353
0.0059937418439972
0.0061291818931221
0.0060254774414515
0.0061651674342947
0.0060369268279453
0.0060731383672878
0.005883975636624
0.0061728760847183
0.0063468581077411
0.0069210181683075
0.0072564126822528
0.0075830181929681
0.0073542945407765
0.0074662739337507
0.0071734905789039
0.007335719971303
0.007278146687319
0.0076025411478617
0.0072686130052412
0.0069390467366613
0.0062827727240574
0.0059393742775356
0.0057321874707722
0.0058113317201122
0.0055982963780439
0.0057629021206588
0.0055301076698319
0.0056745055193267
0.0054887587590074
0.0056062969983913
0.0056840840727677
0.0059618454157191
0.0059548835525588
0.0065531950320829
0.0067338959731543
0.0073663321303606
0.0075962452867739
0.0077403092055073
0.0075682179855082
0.0076509023934318
0.0075939446792302
0.0075566663734448
0.007421929842186
0.0072345274486396
0.0067235999963408
0.0065645026575272
0.0058402617074828
0.0056361811893623
0.0053911189977983
0.0054452835384784
0.0053627693090182
0.0054151332749753
0.005469547564976
0.0056577546113952
0.0057761248850468