0.005773493650881
0.0058106769419799
0.005568920601755
0.0056572185303514
0.0055494423691953
0.0056320335506903
0.0056083637491788
0.0056849541870483
0.0057296369080523
0.0059068666048409
0.0057455445003886
0.0059321359907063
0.005886130207394
0.006002838127427
0.0059468454473938
0.0060315845905369
0.0059212681021858
0.0061457513282595
0.0060762988212863
0.0061564143525518
0.0061092059775434
0.0061989285243741
0.0060102686674272
0.0062363508879704
0.0061611508459159
0.0061998474432185
0.0060864097093779
0.0062119455391604
0.0060632870187607
0.0059801320396352
0.005835979571573
0.0059213494460864
0.0057798691063273
0.0058563447776407
0.0057315052295439
0.0057923194987126
0.005725402565887
0.0058135881146078
0.0057925908271436
0.0059938501039425
0.0058537992105933
0.0059346148969025
0.0057155615923612
0.0057999072107221
0.0056332436745815
0.0054857841277807
0.0053763103352214
0.0054367262864227
0.0053613348561572
0.0054645614741405
0.0054501705111941
0.0056583452020947
0.0055033110614847
0.0056904162647961
0.0055100118619437
0.0057339817926147
0.0058421322720856
0.0058381600983453
0.0058059317484102
0.005860837603673