0.0010558679860848
0.0010546602609811
0.0010544363929444
0.0010687739698456
0.0010749188527266
0.0010776452942564
0.0010828810654478
0.0010840591284982
0.0010906963443289
0.0011034898396109
0.0011086718637295
0.001108137698471
0.0011086068368089
0.0011076137777698
0.0011002117882845
0.0010893515197178
0.0011054836118192
0.0011146385274224
0.0011091122171945
0.0011026668703936
0.0010949017012208
0.0010912702386523
0.0011008663189136
0.0011098757506839
0.0010979955605913
0.0011154939519768
0.0011134482834505
0.0011099879391618
0.0011066367396771
0.00109609420992
0.0011168050638461
0.0011205535408259
0.0011278060160059
0.0011244241993659
0.001124939889706
0.0011319805135872
0.0011189672800897
0.0011336586082806
0.0011301310101375
0.0011278676909867
0.0011439728030835
0.0011291319808148
0.0011311834565951
0.0011215467387232
0.0011226804371586
0.0011189774963064
0.0011097333271633
0.0011226877953698
0.0011095374323375
0.0011038886237655
0.001099945569385
0.0010991471793656
0.001091945115178
0.0011016940184882
0.0011126024262222
0.0011111163701707
0.0011080710067907
0.0011259790590936
0.0011060822054139
0.0011166164408878