0.0061239747979427
0.0058896763960788
0.0058541715316497
0.0058364834626887
0.0060685463829944
0.0059990595356002
0.0061368060573364
0.0058579221681097
0.0059711435457386
0.0060430414235389
0.0060764834574178
0.0058022237823445
0.0058965832216952
0.0057871660451138
0.0058089508789222
0.0056505953632711
0.0056918927730056
0.0055215377071599
0.0055476043383625
0.0053608825239894
0.0054182279680056
0.0053152260154093
0.0054562959270914
0.005425764929237
0.0055513862053999
0.0054990810502696
0.0056327347057118
0.005444442082773
0.0055725751331701
0.0055294229168888
0.0057760745539664
0.0056457749815906
0.0058510248075431
0.0058518043047451
0.0059363966797964
0.0059318031283118
0.0060287005553953
0.0059797145438945
0.0061489419170662
0.0060756153308308
0.0061922840463326
0.0058804360648562
0.0059341230368858
0.0058141036515055
0.0060073993952622
0.0058604271744069
0.0059265243614044
0.0057256643428145
0.0058128234371378
0.0057906266021331
0.0059134940706461
0.0056265903343179
0.0056599867310012
0.0055384455688438
0.0056246854971615
0.0054170737836788
0.0055439947975406
0.0054809599582554
0.0056075938374847
0.005563655188477