0.0011963478051992
0.001188501883171
0.0011906416186025
0.0011919952090753
0.0011640162125315
0.0011565655289795
0.0011318468817673
0.0011213446062745
0.0011248740639891
0.0011147198188492
0.0011122393929003
0.0011055260606509
0.0011044963253215
0.0011042817038286
0.0011069443925065
0.0011071062427578
0.0011117634499964
0.0011072217920963
0.0011173073976365
0.0011103093430709
0.001120062620005
0.0011192666933298
0.0011168885458418
0.001117277696585
0.0011117335786467
0.0011171598960749
0.0011173158500819
0.0011161852672893
0.0011303952119664
0.0011275601362121
0.0011387623497267
0.0011408239344323
0.0011384303618354
0.0011492758920171
0.0011638970580168
0.0011742332311822
0.0011732175957728
0.0011818989793486
0.0011992973415208
0.0012010249705145
0.0012087099110475
0.001215194905224
0.0012169498782323
0.0012124851602266
0.0012097674845843
0.0011967620350609
0.0011843415303043
0.0011771514508784
0.0011653643113946
0.001150826996059
0.0011356217814891
0.0015557698599162
0.001557598885693
0.0015428401782111
0.0015472110685413
0.0015299879198532
0.0015329715537689
0.0015331700210435
0.0015316029689658
0.0015351032146701