0.0011253128217472
0.0011238803083878
0.0011118230116988
0.0011163970622565
0.0011029363512774
0.001107380794762
0.0010993333992132
0.0011070643505938
0.0011029172871626
0.0011044136756425
0.0011085324295836
0.013889649127236
0.0241845908070337
0.0364008159366092
0.0465631158171597
0.0479578923237947
0.0455892188176429
0.0469320903708032
0.0463744869628022
0.0465644317823415
0.0464532631055496
0.0465448637944779
0.0335289385341937
0.0232112997921747
0.0120846505464476
0.0011590923130087
0.0011449833872286
0.0011317030460144
0.0011296910074617
0.0011444136674423
0.0011311388934733
0.0011307052564685
0.0011219713299415
0.0011283457464417
0.001115033448484
0.0013376708517441
0.0045299342743711
0.0158800723148011
0.0237144662750334
0.030557374664336
0.0367056131533759
0.0368215809595065
0.0366268223210236
0.0363582346755027
0.0360090793251653
0.0362267694350252
0.0363515184426603
0.0331849160266631
0.0223340969666651
0.0138367817528656
0.0069459774808128
0.001623791039401
0.0010970427772412
0.0010927895014748
0.0010864077393885
0.0010979900478433
0.0011025208874161
0.0011076907605165
0.0010988698152922
0.0011047264672919