0.0010716187725102
0.0010786743138355
0.0010764586902408
0.001083293765209
0.0010858134479086
0.0010855517436759
0.0010874238259493
0.0010725682287701
0.0010947517064233
0.001102404389614
0.0015719403369169
0.0034263946277235
0.0052737981360742
0.0084908859280372
0.0116511383719255
0.0116947640542989
0.0116540657629077
0.0116304046959341
0.0117733372900828
0.0117115161664704
0.0119407465078365
0.0114843998476061
0.0092721100879627
0.0074684321533658
0.0042284851453914
0.0010549151121582
0.0010404360707893
0.0010314931080233
0.0010342587065599
0.0010344551598043
0.0010171031782336
0.0010130299946536
0.0010406872786464
0.00104923193092
0.0010539085290029
0.0010499945432934
0.0023016458776499
0.0055215792138719
0.0077037256244889
0.0103876171322756
0.0120346044239695
0.01232698769829
0.0125969722614706
0.0124238687200571
0.0120546136065046
0.0124537138861799
0.0121561862954264
0.0109958460969892
0.0080280163668864
0.0056084242728724
0.0028037977038433
0.0011852263691836
0.0010332518327828
0.0010173214342712
0.0010206023739415
0.001009944243249
0.0010286663594137
0.0010452878937281
0.0010537781932038
0.0010451984851978