0.0018413720528446
0.0019596134529479
0.0019805925465387
0.0018629041399602
0.0019817885896266
0.0019906269960669
0.0019644813910694
0.0020058516700669
0.0020141871436168
0.0019154580333668
0.0020361736436064
0.0020756534517346
0.0020769142938399
0.0020958676905858
0.002101844435794
0.0021104436320669
0.0021174947814924
0.0020061365940719
0.002138885367171
0.0021510963872934
0.0020284266380633
0.0021505358446345
0.0021421573195548
0.0021672118156947
0.0021412369330382
0.0021666250614519
0.0021438566295498
0.0021639872792657
0.0021929845268541
0.0021929845268541
0.0021684337709043
0.0021635729333387
0.0020283660157091
0.0021673735574149
0.0021405512317937
0.0021474021163064
0.0021162942044642
0.0021287591498542
0.0021217517077518
0.0021033995957365
0.0021096057960952
0.0021352487448804
0.0021351953580072
0.0021539313585128
0.0021596780450099
0.0021595862220825
0.0021516983655266
0.0021565754625831
0.0021507640273339
0.0021558450229654
0.0021542678831319
0.0021590392421691
0.0021327984872557
0.0047968129193555
0.0047920772704367
0.0045060225572765
0.004629043155243
0.0046941153945708
0.0046467840583146
0.0046217380087372