0.0061221303899765
0.0062625133309117
0.0059866167164398
0.0060342182415258
0.00556726960038
0.0059386138155956
0.0057919961448792
0.0056715142164631
0.0057397331309671
0.0057221579690738
0.0057094884712492
0.0060155172503099
0.0057789160029617
0.0058658410429591
0.0061007282915176
0.0057615551943354
0.0059673687006241
0.0057514393973731
0.0059518783029999
0.0059340715757412
0.0058717181566853
0.0057646427095548
0.0055852783630396
0.0056379109216222
0.0055637860709209
0.0055444775149645
0.0056509744481206
0.005830391043872
0.0060814491832524
0.0063600220933955
0.0062634051812622
0.006688620095487
0.0073023743351548
0.0076677237550961
0.007856406444197
0.0082087554324748
0.0082395698129388
0.0083880599351366
0.0086642914718887
0.0091435739066742
0.0090000404996351
0.0096251395504739
0.0098731673037588
0.0095495198515391
0.009768083267713
0.0097049138352413
0.0095768584225793
0.0099378118569864
0.0099996532765012
0.0100396836599353
0.0096284947129346
0.0100697336062578
0.0102617488493096
0.0101458555791025
0.010281969062291
0.0097120983865092
0.0103395350499697
0.0104145487131273
0.0101742800281398
0.0094927850214894