0.0057301420989928
0.00559189619104
0.0058312900308067
0.0057853896967626
0.0058023917429342
0.0055817633515792
0.0056758488405478
0.0055945813796129
0.0056874296694156
0.0056472408603413
0.0058060917013053
0.0057739419775124
0.0059475162659902
0.0058435690329274
0.0060538185491276
0.0057012048026735
0.0062748781202091
0.006202734936679
0.0062448207673152
0.0061658313308858
0.0062300633215835
0.0062300633215835
0.0061915075487235
0.0059202787109059
0.0060330619606708
0.0057787368602918
0.0058420021253596
0.0057681543973286
0.0058035997455427
0.0056973741325554
0.0056206503103913
0.0054335994520849
0.0054886726847331
0.0053841579260215
0.0053451165546998
0.0052015931334075
0.0052886908122743
0.0048133102015791
0.0051988593131386
0.0051240782120914
0.0052159443692147
0.005226301892344
0.0053981437906156
0.0052440927401063
0.0054000099598712
0.0054429565902551
0.0055594937522377
0.0055063551129245
0.0056234080444903
0.005541942770724
0.0056641532102251
0.0054515820988534
0.0055041504077426
0.0053653908812899
0.0054883235396799
0.0053790977889628
0.0054416063421058
0.0054095101733509
0.0055432192882168
0.0051321762967959