0.0011543067420473
0.001156245993196
0.0011639416250135
0.0011387346141858
0.0011535166232131
0.0011402059954854
0.0011561542908925
0.0047722886056153
0.0047719020613883
0.0047930092182755
0.0047825947765799
0.004834980251512
0.0047785078071224
0.0048769399597125
0.0048022661146171
0.0047956264442294
0.004754058957936
0.0047439859444264
0.001149095055611
0.0011426277874628
0.0011540871573706
0.0011510468736022
0.0011540435722838
0.0011480185784992
0.0011535340119716
0.0011467754895682
0.0011740640900549
0.0011703649339109
0.0011849607349702
0.0011786559342036
0.0011755665513306
0.0011675465581131
0.0011667273553854
0.0022393773114897
0.0022416654121668
0.0022188659423559
0.0022330215599007
0.0022188219464353
0.0022244925471404
0.0021650958883945
0.0022144807394327
0.0022415253643137
0.0022177668608599
0.0022347091253713
0.0011653330293302
0.0011698697017841
0.0011841755999185
0.0011881094218771
0.0011182315578374
0.0011819382698106
0.0011846749091718
0.0011776403405904
0.001187255877196
0.0011789469458729
0.0011840305840246
0.0011751229443722
0.0011091098239849
0.0011588457005282
0.0011685450149958
0.0010890779732848