0.0087066697590203
0.0096258616543385
0.0092820262844304
0.01223770027901
0.01221274699802
0.0121827714450514
0.0121922632699142
0.0115029939863883
0.0113077218630139
0.0107709823845246
0.0093468306716137
0.0088673635263767
0.0076566015790243
0.0059558894059369
0.0058441163512566
0.0053297820560192
0.0054282534776731
0.0056658104317134
0.0055520186236739
0.0056651619732508
0.0057675243465166
0.006011372232305
0.0060819687161503
0.0065801827341006
0.0062087709510397
0.0087515116403385
0.0093341550639855
0.0099626434404806
0.0104546533352609
0.0113387103412347
0.0110963053139045
0.0112456361875955
0.0111705914631879
0.0109095599934289
0.0106907126046408
0.0096774914105047
0.0096774914105047
0.0078039945339574
0.0070236623697651
0.0065071376475972
0.0057117857270612
0.0056882819236241
0.0054542082949635
0.0056263048899314
0.0054312187043979
0.0051264162419713
0.0054491237568861
0.0055321457282704
0.0052145670353117
0.0058618035141415
0.0054255247183337
0.0065709746089501
0.0074743949232477
0.0081407057551961
0.0087629957475299
0.00861350770312
0.0096653090092719
0.0094072072432231
0.0095006301390017
0.0100234202394516