0.0015007339633807
0.0019948461040282
0.0020508246617452
0.0029771779854396
0.0033221364934947
0.0038915978292437
0.0043236460317171
0.0046932308025328
0.0051852940317312
0.0051400911297242
0.0062695079605763
0.0073808236756171
0.0090942725372451
0.0104276214246169
0.0114469421417554
0.0135020480568701
0.0136199599389212
0.0165195016927553
0.0179300363392628
0.0193850360535089
0.019767580390768
0.0225328151265127
0.0243651450401164
0.0261934328982007
0.0284865027244985
0.0305414403525277
0.0331729346172699
0.0361791288194837
0.0385162639777564
0.0420199900924968
0.047517680292522
0.0503580927160934
0.0472735450870219
0.0541943020104042
0.0570774940470827
0.0601960208655894
0.0625932940044656
0.064719018769779
0.0659967871138509
0.067977126978345
0.0681569588047956
0.0686708447155572
0.0705647890340464
0.0706663167973598
0.0694924816026585
0.0656815859929248
0.0677713782895338
0.0664607428508977
0.0655024045822598
0.0647653035196609
0.0639907363666229
0.0640725402845314
0.0636627516007432
0.0629839793962097
0.063188374044569
0.0631878120559781
0.0631559279120881
0.0629581233796923
0.0623605425606784
0.0621361853138662