0.0058036064363205
0.0058382739425379
0.0057418323756361
0.0057955973914473
0.0056636201292806
0.0056283715626604
0.0054196836882514
0.0054337111456844
0.005248909553307
0.0053813934426229
0.0053334780025077
0.0055419383955953
0.0054114455438287
0.0056165087719298
0.0056137702771979
0.0058241796090956
0.0057374144063295
0.0058704137058629
0.0057635731851196
0.0057646294772194
0.0056835588031114
0.0058479493208037
0.0057161450819369
0.0059196364355488
0.0060493600134458
0.0063378509567873
0.0063073371034023
0.0064438842812006
0.006415036101083
0.0066328984333776
0.0067672132036212
0.0070459054378248
0.0070999069868678
0.0074463224746236
0.007376915567519
0.0073769294511667
0.0072282210686343
0.0073383328718986
0.0076568690306716
0.0079605848756219
0.0082523483587103
0.0084261348766806
0.0085153658363636
0.0085015716579101
0.0083855147639207
0.0084148011838629
0.0087233537522725
0.008998614758693
0.0091562539497754
0.0092495506784873
0.0092663817960583
0.0092610474774774
0.0093023144713113
0.0097806063399614
0.0100455649014823
0.0100733725597618
0.0100651496374184
0.0097510538325331
0.009405447407461
0.0092836902118705