0.0011777694532309
0.001182106851241
0.0011840525941329
0.0011974428563684
0.0011883668483783
0.0011974066319848
0.0011853970209534
0.0011925769916982
0.0011792289877889
0.0011796210401675
0.0011798432576149
0.0011881583608966
0.0011836178041866
0.0011828778780957
0.0011750035531988
0.0011787418261598
0.0011756590506168
0.0011841991408843
0.0011803529171993
0.0011852960149393
0.001177006770109
0.00118126660913
0.0011749622525757
0.0011765156555772
0.0011741951697949
0.0011686742335766
0.0011686021838302
0.0011654643175492
0.0011491429047733
0.001157668725283
0.0011534445125358
0.0011519658169282
0.0011439494332562
0.0011486389175638
0.0011451497711523
0.0011490912577113
0.0011462875859928
0.0011436538179551
0.0011356890119342
0.0011420501574166
0.001132403162764
0.0011326803159997
0.0011415703134881
0.0011409255536415
0.0011361158606401
0.0011397750679963
0.0011337446827717
0.0011464513210147
0.001142730692783
0.0011532574498644
0.0011535499215891
0.0011501405689085
0.0011502964931506
0.0011511131214925
0.0011495817340112
0.0011459482582608
0.0011441509285518
0.0011636634339014
0.0011605535720758
0.0011701618712366