0.0060329864718026
0.0057508816709572
0.0058854338794829
0.0057303498100962
0.0057893619889144
0.0057167402102112
0.0058627325286243
0.005719986706324
0.0058041971030063
0.0056866730366011
0.0058392190851268
0.0057224111466255
0.0059204157657824
0.0057694918881293
0.0058744259451711
0.0057354170839577
0.0058664237482065
0.0057023611979262
0.0057386353124593
0.005693001700188
0.0058342697085695
0.005743527921858
0.0059408087891957
0.0057529205886509
0.005948157520251
0.0058333081100049
0.0061192730661867
0.0059602483654111
0.0061219959716577
0.0059946993138419
0.006159501305339
0.0060501523764293
0.0062151231840647
0.0059816014676301
0.0060664172215885
0.0058475452201543
0.0059280191283734
0.0057160522047187
0.0058840548137865
0.0057211115951682
0.0057757983942088
0.0056278360043986
0.0058146190285099
0.0056313760915971
0.0056286448530578
0.0054924444647591
0.0055832062565594
0.005433696820773
0.0056917261032761
0.0054380072529789
0.0054626464313526
0.0052628793118928
0.0053407351258373
0.0051090730593607
0.005247564727266
0.0053202853629673
0.0054785865104746
0.0054479720688476
0.005632189359833
0.0054237514672393