0.0010723783062008
0.0010640472550257
0.001066368019943
0.0010733300141204
0.0010775087541653
0.0010744005512256
0.0010726745914084
0.0010686519768133
0.0010736964988415
0.0010649297826087
0.0010606432489792
0.001054202740568
0.0010617323183976
0.001061987168982
0.0010549908183341
0.001043452058713
0.0010493129420211
0.0010440673702339
0.0010426592911619
0.0010409917277239
0.0010485058484304
0.0010529036213763
0.0023007880027266
0.0025570963002269
0.0025527735022538
0.0025393578368864
0.0025750872234534
0.0025917628666653
0.0025928556445391
0.002584146739626
0.0025618751318023
0.0026053385606478
0.0025582413836298
0.0013543195002151
0.0010932711119252
0.0011021123112511
0.0011038690979306
0.0010941023791166
0.0010996349395383
0.0010989088295023
0.0011044013189229
0.0011008845685186
0.0011072207324211
0.0011057409123372
0.0010991540717388
0.001082587176583
0.0010690275668625
0.0010685530013704
0.0010697976179602
0.0010599017740696
0.0010712160888839
0.0010620945495194
0.0010490763544039
0.0010504074375678
0.0010522141583157
0.0010526832107189
0.0010717003045833
0.0010678951645448
0.0010738898504824
0.0010764829499687