0.0986824052626761
0.0967751432319433
0.0959098224049198
0.0949397575939242
0.095378455348415
0.0957265273936776
0.0958057656502305
0.0960885348667447
0.0955753013295863
0.0923642497655105
0.0906684341294099
0.0904612818455914
0.0898002718609986
0.0834140888775345
0.0888637538402173
0.0893581977455237
0.0875835945456543
0.0888176378897741
0.0881188617574138
0.0815083021454148
0.0872389400563013
0.0870222369150248
0.0871289365488679
0.0881404747015233
0.0890704773246656
0.088972665374654
0.0886426887408789
0.0902791258090093
0.0877359939410436
0.0866292660164873
0.0868826843665289
0.0862057584402891
0.0881754017952006
0.0858896674261906
0.0876942649877477
0.0876942649877477
0.0875724702669897
0.0865305552796072
0.0859648656566009
0.0868345865661448
0.0867233150558152
0.0887033853709346
0.0890710481972354
0.0881317542872613
0.0887810782624534
0.0891236174240348
0.0826293260886435
0.0870715827024288
0.0881497525465042
0.0831206760478181
0.0874922285947262
0.0907948367947744
0.0919136426623854
0.086748226234833
0.0928632224262687
0.0938786230894168
0.0935362752029281
0.0946353061790093
0.0963838561607437
0.0967147195595504