0.00518645948
0.005261103230273
0.0050909996901597
0.0052163350305872
0.0050713957701184
0.0051976293270459
0.0049863426136979
0.0050475983951478
0.0047697161950415
0.0050453952721879
0.0051146062482294
0.0052114212101425
0.005104596881478
0.0052294358231262
0.0050953048109966
0.0051541436091579
0.0050287258694237
0.0051595500008977
0.005084082563044
0.0051548229638569
0.0051255822904713
0.005170787781096
0.0051236963247413
0.0052142442841468
0.005095714503512
0.0052483758516275
0.0052077244281359
0.005332824256617
0.0052719964334554
0.0054313416500334
0.0053994963903199
0.0053697452193949
0.0053762816312601
0.0051638513416422
0.0053596934820467
0.0054737515182369
0.0053586629174501
0.0054650027670271
0.0053479952297489
0.0053916532801909
0.0053148525097092
0.0054898245881361
0.0054060861965156
0.0053478718626156
0.0053068883279003
0.0054198751860052
0.005343288300504
0.0054604179488122
0.0053822517537449
0.0054858436267113
0.0054048722984839
0.0050695712848415
0.0052962630553103
0.0054385332890707
0.0053090069626081
0.0053161200878821
0.0051656497512798
0.0051261713896503
0.0050323698506195
0.0050631392386818