0.0328901583291271
0.0689212572239524
0.1216966355528696
0.1842059890245903
0.2553057639055747
0.3305581962226019
0.4299339264965183
0.5423858207436285
0.6523738396250389
0.7971191304083048
0.9508635302464776
1.0508396474137545
1.1905757510540866
1.340265785559702
1.4835828287665012
1.6244089010208305
1.7730388300279276
1.8945194994394816
2.0347255248914125
2.1502237627306706
2.280153228789484
2.408391683847213
2.5321211033478184
2.6401773352242763
2.759944620326693
2.8633540673238165
3.005941435889901
3.1334214082492147
3.258422372748221
3.3724814351056764
3.5160103219132366
3.6328737577663306
3.775397353048105
3.9325519287752897
4.067689043104393
4.201043646123226
4.30937779557386
4.420701030211704
4.544957269423768
4.654505816128695
4.747561978008724
4.81331575552864
4.874540248557093
4.9191518185568
4.933896852567641
4.9632880042501695
4.978850348046142
5.017397650061535
5.035907602609469
5.0178491551881415
5.015559537885846
5.022443028641473
5.0375250453885725
5.053692832531714
5.067634218813922
5.083964583319768
5.080566078344138
5.07978526796557
5.124524857130148
5.170600732201098