0.0071828043199669
0.0082002694949205
0.0101114936504136
0.012918308758767
0.0156395247375498
0.0190643515396757
0.0235897339409724
0.0277482155752271
0.033008119157102
0.038617636798781
0.0443345133319116
0.0504389452376304
0.0565091395474914
0.0629668824184858
0.0684351940478848
0.075124076220284
0.0799781084575849
0.0840212219395683
0.0882759227591684
0.0947508655763714
0.0980044028526666
0.102407821399527
0.1087412694848085
0.1123339792735816
0.1158973632863573
0.1199720097719273
0.1245872230133552
0.1292012476772924
0.1347706077916944
0.1384787108858526
0.1421313423556302
0.1467992610641566
0.1524416381452189
0.155810629220946
0.1598336846407045
0.163410480497529
0.1684399071885997
0.1729705494811073
0.1766753688029468
0.179480415166425
0.1854143679485578
0.191202058672554
0.1936158629234445
0.195674984605301
0.1997542033774649
0.2009304594045519
0.2035741444152625
0.2052329476893388
0.2059162687111227
0.2058923018504509
0.2077896654046795
0.2056049897678152
0.2044187838133975
0.2070729557110424
0.2054000351037554
0.2035566617929398
0.2048995253270218
0.2051817942412372
0.20561139795172
0.2038608709588844