0.020352504308536
0.040920386419151
0.0716967377164093
0.1033865853131719
0.1390288989064023
0.184467570413517
0.2437437106651041
0.306144311222234
0.3599111415539273
0.4315910122425884
0.5041039316302658
0.5761972102379626
0.6471451156809177
0.7218306628317952
0.7990730201007754
0.8637188035214358
0.9401616131141072
1.0129758319161986
1.0757141068806275
1.1414356266070511
1.216380923381244
1.280999321893917
1.3621472636436924
1.4195184112392982
1.4934979917888365
1.556578913668397
1.6226174706370076
1.7041810781190865
1.7670392712012817
1.8261961199971064
1.906579530760808
1.9780255667233249
2.0381260154114216
2.1061883931814447
2.177536453150887
2.2406212766119333
2.29393346244931
2.3445910211819445
2.4243799675256006
2.474436343489588
2.521252812977647
2.552877622120243
2.6023862468495205
2.6321308013202604
2.6545827622179465
2.680065793580027
2.7063964541186274
2.723087876456492
2.737207096387044
2.7266979016806414
2.719946961874605
2.7261608464617595
2.737828948732928
2.715245355824183
2.721912800634512
2.729784853618386
2.713654813910209
2.710269118553128
2.7144588021854426
2.7245391334431