0.0029709845513091
0.0030622033570978
0.0032056200917063
0.0035386174403253
0.0041181201530703
0.0046113444509711
0.0057386429835651
0.0061185670267814
0.0073038214574007
0.0081544445446018
0.0090413492404198
0.0097404943989147
0.0110720588333579
0.0115954232756277
0.0129236455934415
0.0136161784743648
0.0147023073056966
0.015232111115157
0.0161605398384632
0.0169173579338478
0.0174408501730909
0.0180616811125249
0.0192385032295001
0.0198145875445096
0.0203158013906679
0.0208198221696826
0.0219791013701165
0.0223416386790018
0.0230995131025498
0.0234071493442238
0.023662144569804
0.0246594283787032
0.0255373867879543
0.0256871947814056
0.0261661358946608
0.0269846263762004
0.0273969591418176
0.0272972210117147
0.0277102224002914
0.0279021899861017
0.0285715949589259
0.0290000333080997
0.0285772240181431
0.0284792841708141
0.0287374845686687
0.0287811360969388
0.0287340128240158
0.028755461980796
0.0288594023890534
0.028771275843824
0.0287137455300906
0.0284514663350279
0.0283457023432669
0.0290319648555884
0.0289023878964572
0.0287414187664189
0.0287865386935411
0.0287865678248195
0.0287750763358778
0.0286201716503945