0.0051103900842251
0.0051671130895696
0.0051165672533861
0.0052333840890722
0.0051562101534408
0.0053187928125402
0.0051843607905924
0.005370098330715
0.0052715600892916
0.0054262419363717
0.005233661686349
0.0053318009548423
0.0052890572228525
0.0054039011815441
0.0052963273200221
0.0053859726641151
0.0052886857855818
0.0054705520528511
0.0053354108072316
0.0053982143800066
0.0052630936118778
0.0053971233233912
0.0052817799266541
0.0053643955907044
0.0052647417641385
0.0054187600644985
0.0053155553221418
0.0054383556267516
0.0052873792096381
0.005426535005909
0.0053490551247048
0.0054116859111733
0.005281822911184
0.0054814650099658
0.0053302806995174
0.0054639670835589
0.0053284008600356
0.0054942056124407
0.0052790311372733
0.0054898304831361
0.0053597410157949
0.0055118402779042
0.0054453783473189
0.0055395709009531
0.0053719251809694
0.0054762414520589
0.0053062204814258
0.005432261308186
0.0052559815146742
0.0054145564634593
0.0052523750340439
0.0053113698625186
0.0051625575906307
0.0052906485391488
0.0052304980975437
0.0053439631207995
0.005325699773234
0.005365904616669
0.0052460806957406
0.0054178664359101