10.0
10.0
10.0
10.0
10.0
10.0
10.0
10.0
10.0
10.0
10.0
10.0
0.0
0.0
0.0
0.0
0.0
0.0
0.0
0.0
0.0
0.0
0.0
0.0
0.0
0.0
0.0
0.0
0.0
0.0
0.0
0.0
0.0
0.0
0.0
0.0
0.0
0.0
0.0
0.0
0.0
0.0
0.0
0.0
0.0
0.0
0.0
0.0
0.0
0.0
0.0
0.0
40.0
44.0
56.0
82.0
65.0
88.0
97.0
91.0
123.0
112.0
128.0
128.0
128.0
156.0
117.0
164.0
133.0
136.0
154.0
136.0
90.0
105.0
88.0
88.0
94.0
59.0
69.0
47.0
49.0
22.0
24.0
38.0
14.0
15.0
7.0
3.0
4.0
0.0
2.0
0.0
0.0
0.0
0.0
0.0
0.0
0.0
0.0
0.0
0.0
0.0
0.0
0.0
0.0
0.0
0.0
0.0
0.0
0.0
0.0
0.0
0.0
0.0
0.0
0.0
0.0
0.0
8.0
3.0
17.0
14.0
18.0
20.0
32.0
36.0
62.0
89.0
73.0
74.0
88.0
103.0
102.0
79.0
104.0
110.0
92.0
143.0
106.0
121.0
118.0
86.0
135.0
124.0
84.0
129.0
110.0
93.0
91.0
83.0
69.0
71.0
51.0
54.0
37.0
29.0
20.0
15.0
9.0
13.0
9.0
6.0
1.0
3.0
4.0
2.0
0.0
0.0
0.0
0.0
0.0
0.0
0.0
0.0
0.0
0.0
0.0
0.0
0.0
0.0
0.0
0.0
0.0
0.0
0.0
0.0
0.0
0.0
16.0
8.0
13.0
15.0
16.0
30.0
29.0
45.0
66.0
45.0
66.0
63.0
80.0
68.0
66.0
63.0
112.0
71.0
69.0
102.0
97.0
111.0
99.0
108.0
120.0
111.0
82.0
137.0
134.0
89.0
100.0
88.0
105.0
61.0
67.0
59.0
48.0
44.0
41.0
36.0
20.0
30.0
24.0
10.0
15.0
6.0
12.0
9.0
1.0
5.0
4.0
4.0
2.0
4.0
4.0
0.0
2.0
0.0
0.0
0.0
0.0
0.0
0.0
0.0
0.0
0.0
0.0
0.0
4.0
4.0
4.0
0.0
8.0
20.0
4.0
16.0
28.0
20.0
34.0
60.0
42.0
36.0
70.0
73.0
65.0
88.0
96.0
63.0
90.0
57.0
92.0
100.0
103.0
108.0
157.0
122.0
115.0
85.0
127.0
87.0
120.0
87.0
113.0
70.0