0.0010941302032105
0.0010903110940375
0.0010885889068647
0.0010944148460457
0.0010760941915797
0.0010743129254182
0.0010688511601687
0.0010622265797191
0.001051793017722
0.0010614180032148
0.0010523905736141
0.0010565325061856
0.0010567112683783
0.0010646372039491
0.0010616280680016
0.0010796412808935
0.0010818555220639
0.0010812833728387
0.0010833311794111
0.0010831415963374
0.0010822966784967
0.0010917712411134
0.0010959909175162
0.0010897258824591
0.0010893195500803
0.0010911591329822
0.0010862241026869
0.0010775969511428
0.0010749031089315
0.0010735060378911
0.0010738460860334
0.001069962316276
0.0010587107768536
0.001051237954699
0.0010535206623627
0.0010468046102782
0.0010485405087566
0.0010525158271149
0.0010583584117405
0.0010701443826111
0.0010863910635756
0.0010973428893571
0.0011024203970696
0.0011159057636457
0.0011033299578669
0.0011134391207153
0.0011111020035751
0.0011090616160885
0.001101809875111
0.0011018565127958
0.0010884123623894
0.0010714804072817
0.0010633442363112
0.0010574235008818
0.0010521710078069
0.0010750415642458
0.0010725162800014
0.0010693632119347
0.00105695859954
0.0010556717464574