0.0054969175065048
0.0054305694602657
0.0056026614924497
0.0054401340636878
0.0055365347384995
0.0056692051286694
0.0054887446915982
0.0053784606714495
0.0054486530184409
0.0055389466673915
0.0056597518790249
0.0055233204994603
0.0056370489666136
0.0056389169531091
0.0056549096220558
0.005694911872328
0.00563849747675
0.0056106015234765
0.0056481939777165
0.0055629772801687
0.005343002834156
0.0052728111899684
0.0053735509546689
0.0053709587587805
0.0055018805647958
0.0053980599202283
0.0054211836355269
0.0053651599475521
0.0054285604170132
0.0055181037270536
0.0057293024091859
0.0058997910896193
0.0060114741184082
0.0059702393908775
0.0061780738366528
0.006038696704887
0.0060524042604426
0.0060603135252521
0.0061217675763015
0.0060509048799913
0.0061178049087476
0.0060106516987843
0.0058852002685414
0.0057675369093043
0.0058825075753462
0.0056486790058839
0.0056951490408884
0.0056913714029904
0.0056776973184969
0.0056720950490295
0.0058640511182683
0.0055960027164436
0.0056363467327625
0.0057816664864572
0.0058950333505457
0.0057767909780822
0.0059596465048099
0.0058355900916307
0.0059193942125664
0.0058100349240543