0.0056808059337201
0.0056337211807956
0.0056843051491509
0.005591840243554
0.0057385768254552
0.0055528879073031
0.0056184759811164
0.0055329522423146
0.0056815265737591
0.0055834688820205
0.0057237609497593
0.0056424062274519
0.0057474038957736
0.0056738032914228
0.0057981848018869
0.0056493923363606
0.005952491512915
0.0058730170571386
0.0059810845149388
0.0058965249954421
0.0060191123376859
0.0058546476837089
0.0060197878717596
0.0059249434738502
0.0060544567171238
0.005907359706495
0.0059505891816273
0.0056401562900517
0.0056396835242482
0.0054882334612489
0.0056459458266234
0.0054961470271258
0.0056622055045541
0.0054775888453223
0.0055426888948545
0.0054680320473044
0.0056183862288601
0.0055285508505313
0.0057497001509488
0.0056279230134233
0.0059184219874389
0.0057314481945494
0.0058146726298254
0.0056313827298765
0.0058026787982146
0.005724056833019
0.0058071904301506
0.0057147639875503
0.0057790956391744
0.0055524030338647
0.0058462021096285
0.0056128019993842
0.0058145731102622
0.005673861234695
0.0056789360060843
0.0055140107528845
0.0055635582783996
0.0054354767009719
0.0055743943486278
0.0055375712266402