0.005465027058232
0.005411486502849
0.0054202828976355
0.0053485538344887
0.0053371515275166
0.0053682580743832
0.0050770306711884
0.0051094453881062
0.0052471691151348
0.0051625511286742
0.0057965466659284
0.0064666039797602
0.007392423878723
0.0085760714798592
0.0092498711123258
0.0094510048329597
0.0093895935149773
0.0095545968244709
0.0094700824326533
0.0092974866402816
0.0094362418453279
0.0088478100522074
0.0082258600541725
0.007470749358052
0.0063034437678366
0.0055232830671505
0.005412124356806
0.0053890100930424
0.0054607548156698
0.0053010048476068
0.0055789853124944
0.0054750405097201
0.0057475585357534
0.0057333908872034
0.0058716756411847
0.005698249439104
0.0062535732009002
0.007415689466037
0.0086706964913551
0.0091701132932166
0.0101434281829061
0.0101710526789651
0.0102082654388447
0.0102578180316793
0.0101176180738547
0.0098564300534193
0.0100632983583952
0.0097233091144456
0.0084993299095679
0.0073685577061197
0.0069018284733514
0.0059676039790125
0.0059728841516245
0.0057959836134454
0.0058348209247998
0.0058184171502609
0.0060172563812098
0.0058971677177095
0.0058975837233396
0.005964125520899