0.0012019240182549
0.001152099212484
0.0011487861527904
0.0011486429139919
0.0011569065023071
0.0011669269913118
0.0011659518535384
0.0011803366358594
0.0011627299525495
0.001150814929849
0.0020115657372724
0.0065249345209002
0.011726980462763
0.018833164907007
0.0237742543646367
0.0254125181940573
0.0288186118254288
0.0286049092628285
0.0283292958920886
0.0285015842301696
0.0289479981590572
0.0276204384191007
0.0231582060200302
0.0181881023189879
0.0108951024489122
0.0060888234995469
0.0046655148883826
0.0012288361122857
0.0014642904633735
0.0014750731386095
0.0014726510928129
0.0014834860098542
0.0014809385282953
0.0014948612713597
0.0014822464305548
0.0014923881575419
0.0036546064236264
0.0080879235241254
0.0162339889003522
0.0201697381800992
0.0255943631234073
0.0263505217888866
0.0262705189381619
0.0267246047927317
0.0266392340518979
0.0268078146340566
0.0267020794119807
0.0241345781365433
0.0197836881235452
0.0113411387145914
0.007385345048554
0.0020612497943666
0.0012569446275542
0.0012018920124365
0.0012950811227416
0.0012441195310822
0.0012380415472258
0.0012439065065286
0.0012434814495573
0.0012488197868449