0.0010524268922802
0.0009892332177885
0.001058147007593
0.001006750853553
0.0010507390689927
0.0010495710838931
0.0010419465391892
0.001058896475246
0.0010499494070441
0.0010511742543483
0.0010566045195671
0.001060799842607
0.0010565005216436
0.0010627676339399
0.0010579605294256
0.0010130534847918
0.0010756988402063
0.001026719937395
0.0010785526164947
0.0010865869547818
0.0010925229179209
0.0010859654567238
0.0010888927636516
0.0010958913141843
0.0010981077346067
0.0011186868578689
0.0010573114675542
0.0011100372513103
0.0011052696060929
0.0011151737839393
0.0011011637754253
0.0011015715082006
0.0011006245540328
0.0011008602757016
0.0011063996009901
0.0010380856843422
0.0010910823970777
0.0010323584676917
0.0010776036793825
0.0010744628254978
0.0010755184830103
0.0010697529583905
0.0010574082798516
0.0010650743307316
0.0010487294313646
0.0010551800822462
0.0010491665541095
0.0010612214744725
0.0010713711933605
0.0010739071609065
0.0010833892881115
0.0011093932721378
0.0011092778644914
0.0011230103568368
0.0011155978399912
0.001124867897498
0.0011233798483845
0.0010624151433196
0.0011158051183944
0.0011192126063032