0.0028391580883032
0.0026813245582443
0.0027556900703195
0.0027583670131291
0.0027667071811045
0.0027437392
0.0012297911266322
0.0012972602787583
0.0013047278423445
0.0013149773648586
0.0013197910458769
0.001321110744389
0.0011857133749999
0.0013240894171103
0.0013286106226449
0.0013109425231105
0.0012430622180698
0.0012985618836973
0.0013074589215537
0.0013034830371566
0.0012996582269284
0.0017317480307848
0.0017317028128452
0.0016911273100378
0.0017925348556373
0.0019208665943409
0.0021851334502469
0.0023693882096597
0.002305240916191
0.002388984788639
0.0023666487623362
0.0024782762406762
0.0019576239225711
0.0019645211472665
0.0018714072632133
0.0018803421172963
0.0016706630370215
0.0015966699657336
0.0014044979474623
0.0014018012936043
0.0013319132201115
0.0014117643166571
0.001340848250315
0.0013242042810615
0.001408677706036
0.0013389557091387
0.0013209113377857
0.0018446736674124
0.0018118763739549
0.0018001707075122
0.00183348464549
0.0018303359174075
0.0017930669909611
0.0017693202292699
0.0018655048737219
0.0017947029963054
0.0017643348222347
0.0018130042064447
0.0017771263779859
0.0012906602475499