0.0010500516670894
0.0011261259424232
0.0011290146733771
0.0010708745544401
0.0011404681005268
0.0010791685669683
0.0011379964193763
0.0010708502197067
0.0011217596255651
0.00112714464
0.0011194974033354
0.0027168178016066
0.0035334125794693
0.0037256378746191
0.0068443022508628
0.0063591582802547
0.0064164291258515
0.0069639377218448
0.0068936945232741
0.0065443722207947
0.0069071457044167
0.0063865536258225
0.0060944495407809
0.0042472355697083
0.0013645936163211
0.0013451522375996
0.0011587987699832
0.0011540826674362
0.0011567048551527
0.0011472782966755
0.0011523533170075
0.0011504382130885
0.0011612908957146
0.0010960032774458
0.0011561641872576
0.0011285297516098
0.001128346135806
0.0011068890635161
0.0010499706208334
0.0011032231903983
0.0011056939446571
0.0010913203753593
0.0010878072570434
0.001078702376005
0.0010203874948494
0.0010773795224443
0.0010726932866473
0.0014457394275094
0.0024861906506792
0.0025212928057088
0.0044505118153784
0.0050730730781461
0.005905745347915
0.0059013023689162
0.0054774613550098
0.0059616444440308
0.0055460754219408
0.0056084853140565
0.0058634525332118
0.0047326510731649