0.0059993226282892
0.0063287919268877
0.0061121503378065
0.0060459989329208
0.0056692490677395
0.0058832612111364
0.0062134395277018
0.006140112977865
0.0060607009363389
0.0060185550008139
0.0059602779229611
0.006846331183936
0.0065261697102744
0.0084753558952362
0.0087415270101869
0.0083004122454163
0.008370420529352
0.0083706959754734
0.0086343660391886
0.0086460586387622
0.0085528537111123
0.0084076821469125
0.0075628704862431
0.0062846930322069
0.0067787529520763
0.0062839481152923
0.0066157373681495
0.0071595473872765
0.0072332668767325
0.0067609381702387
0.0069550637249069
0.0071469928314758
0.0070107251828243
0.0066424974649073
0.0070548807890222
0.0068181595809603
0.0065378226294579
0.0059404924695764
0.0061595378407552
0.0056415500094331
0.0058763029240952
0.005982316570339
0.0059736048930878
0.0061247572483441
0.0060862451703336
0.0060849664469743
0.0063144102564103
0.0064158640386969
0.0066544424811444
0.0075217916175076
0.0091719292976891
0.0099784382191459
0.0099386364372467
0.0095579378621583
0.009593652741046
0.0092480255804
0.0092587387243293
0.009400388987808
0.0087981813822406
0.0087422444583023