0.0059381034523074
0.0060024611481661
0.0060145379389773
0.0061094991562355
0.006015544141845
0.0059227553286698
0.0058863791783297
0.0059299218551592
0.0060093460925843
0.0059779735788482
0.00573436385564
0.0059345319467554
0.0054751796550432
0.0059041709976242
0.005802448130992
0.0060426321137467
0.0059130369246054
0.0056183347479418
0.0059675671767515
0.0058209127044538
0.0056751475044806
0.0058468676478653
0.0055465387851979
0.0055216985101143
0.0056828756194698
0.0056190787747377
0.005119982956014
0.0054069266698267
0.005475551993961
0.005200936468882
0.0056790150386012
0.0058546232265909
0.0058187728016881
0.0059767812683069
0.0052183828216666
0.0056700481907047
0.0055906496572989
0.0055665824419777
0.0057001576598411
0.0055670611951285
0.005193756605541
0.0055363328673684
0.0053327160173006
0.0054601772206768
0.0054111330404459
0.0052142737978287
0.0054748890944582
0.0056861645319303
0.005558464333809
0.0055004349131693
0.0055220156546863
0.0054889205663926
0.0053884585902383
0.0055537455856705
0.0055117399419711
0.0057751501265214
0.005769810334038
0.0057760497926065
0.0055859925069377
0.0050308340316664