0.0010326884779518
0.0010367164482477
0.0010200318512147
0.0010309145383493
0.0010217485460014
0.0010354667653139
0.0010209746185444
0.0010209746185444
0.0010269317387302
0.0010266887153296
0.0036494648634939
0.0074223043983929
0.0118226429451163
0.0151491865200602
0.0162350411245292
0.015805048013665
0.0185645479518073
0.0168933608772948
0.0165437995125793
0.0157488905802231
0.0170657841199276
0.0157174011338405
0.0102161516176285
0.0052790234811912
0.0016638926929176
0.0010396174439314
0.0010141257152196
0.0010032224536848
0.0010102590957527
0.0009621556912685
0.0010354826205067
0.0010341320754715
0.0010346692006196
0.0010398078235704
0.001021542116433
0.0010090444424116
0.0010104860722827
0.0010142070553544
0.0009466835088328
0.0010017909450679
0.0010051203200511
0.0010013992145936
0.0010024189562463
0.0010114176972622
0.0010030303332782
0.0010047919659798
0.0009647886296672
0.0010248636211476
0.0067855677642979
0.0100228542490712
0.0105623924583828
0.0148483178359033
0.0174048704511879
0.0186774683173928
0.0172168704967224
0.0174336552943375
0.0185402364503438
0.0196003451929414
0.017261124651085
0.0157837188120269