0.0967371237402729
0.0985497019333264
0.098965987214577
0.0999943031530655
0.1009024824120623
0.1008651359441532
0.1006841831445136
0.1009249514694965
0.1002830384367982
0.0994907279801657
0.098284516410129
0.0978610125426147
0.0952228410590008
0.0953964296005376
0.0939693234342495
0.0937105792977623
0.0920402784109684
0.0921468066214088
0.0928114836150204
0.0913117704324681
0.0917695731723122
0.0926040303035945
0.0950035193087993
0.0954250125069917
0.0949433798850998
0.0968002774153813
0.0946107975046234
0.0952021503737481
0.0971871666516165
0.0964489166938786
0.0971311354783332
0.0976935289384732
0.0969764494162703
0.0949702256139089
0.0957897713946542
0.0962287157064832
0.0951172851480856
0.0955271412883275
0.0971915865148258
0.0951810420865408
0.0939458370235082
0.0949515629503873
0.0956145404888371
0.0970200440020896
0.0971252155771678
0.0970329048212633
0.0944186556068939
0.0958943474030107
0.0977079575042599
0.096154669501996
0.0969372023997963
0.0990013584929545
0.0987107438165693
0.0971278495750411
0.095973130033728
0.0958815663394327
0.0955615246361902
0.0980939215957461
0.0964725341759274
0.0960249978907553