0.0054491046030443
0.0054516711892615
0.005337996455067
0.0054162289411335
0.0053881779186724
0.0054087747522459
0.0054250533733741
0.0053233806040929
0.0049459204438996
0.0053195990808132
0.0052095726409411
0.0054387124914826
0.0054773680032121
0.0054691694737413
0.0053557091782479
0.0054986836583356
0.0054986836583356
0.0053725554926607
0.0055589188005062
0.0059311940595152
0.005819767528804
0.0058668327297461
0.0057072560485331
0.0054360789862188
0.0058667676070302
0.0059912950585716
0.0058546355722132
0.0057609145937283
0.0056300398514643
0.0052512227936512
0.0054669579392942
0.0053737918351169
0.0052240601684499
0.0052634258583169
0.0050183250662171
0.0050992151860288
0.0051450109050853
0.0051450109050853
0.005075943084039
0.0050677447958907
0.0051540447794486
0.005265203651402
0.0051958707845551
0.0051935945166434
0.0052952106167827
0.005367679366229
0.0050282609670272
0.0052398139772023
0.0052925990159901
0.0052925990159901
0.0053774240346445
0.0054080839804688
0.0053043490183482
0.0053530429087178
0.005511181852778
0.0055549218304875
0.0055599958099038
0.0057298987907658
0.0056830399765925
0.0056445100862257