6.844549356408773e-07
7.477302723673226e-07
6.80318771492519e-07
7.364057114721879e-07
6.66256837903821e-07
6.942902237489619e-07
6.277133312068818e-07
0.0
1.0482471847e-06
9.581022349111682e-07
9.470628415300554e-07
9.72228373191616e-07
8.933785502331504e-07
8.873002239849113e-07
9.711352367611017e-07
9.628120317239877e-07
9.51630091212861e-07
1.0056306306e-06
0.0
0.0
1.0726292848e-06
1.1483504557e-06
1.1589573217e-06
1.2008516555e-06
1.2549414927e-06
1.209932538e-06
1.0702606115e-06
1.0691071969e-06
1.2085736584e-06
1.2426116569e-06
0.0
1.1399395626e-06
1.2192141482e-06
1.3241633635e-06
1.2291906932e-06
1.1294131498e-06
1.229550823e-06
1.2170705624e-06
1.2334129316e-06
1.2300688796e-06
1.1344123261e-06
1.1757925195e-06
0.0
9.190167506971776e-07
9.604067358949165e-07
8.331993838322965e-07
9.093932748538024e-07
9.088285787339752e-07
8.321961335206379e-07
8.919999282987089e-07
9.89973341821511e-07
9.733969719494555e-07
9.073206308688132e-07
8.370676894092328e-07
0.0
1.3741541387e-06
1.2586227113e-06
1.4921851726e-06
1.378844601e-06
1.4404612012e-06