0.0057480649669276
0.0057671084922633
0.0057330011891403
0.0057577909514282
0.0057010903808692
0.0058588633754305
0.0058864536195102
0.0058806449191117
0.0059603293430343
0.0060515261025856
0.0056290454026243
0.0059154501229005
0.0059115268031935
0.0055443220205814
0.0058447301844638
0.0059101074399763
0.0059093347652112
0.0059234882563584
0.0057910894532185
0.0058342739590329
0.0056855831987662
0.0059629427074778
0.0059629427074778
0.0059979746262785
0.0060049864309059
0.0060049864309059
0.0058718563712909
0.0057449800446061
0.0057211189660384
0.0057176391062061
0.0056581713861107
0.0056997324584458
0.0055212122875288
0.0057169373850356
0.0056968940581924
0.0056098802099968
0.0054114799697796
0.0055381851249916
0.0056545682892551
0.0056760613651616
0.0055666455489504
0.0058628946604439
0.0057899309783989
0.0057904479102363
0.005673356722811
0.0057127449521977
0.0056614407346202
0.0056777767487286
0.0057212159538547
0.0057283177685425
0.0057310119257243
0.0057823028551633
0.00534811692314
0.0055320507164678
0.0051041556265764
0.005254081988982
0.005210427431956
0.0053498353382923
0.0051802227257715
0.0049412130600056