0.0052872094760142
0.004947384429673
0.0054294715453543
0.0055868537062425
0.0056315358011184
0.0057471520747523
0.0053603517153709
0.0059146519952587
0.0060621824026887
0.0059882238281846
0.0059527357652685
0.0061263329366796
0.0062295196391242
0.0061031702590202
0.005989543842331
0.0059177211904718
0.0059177211904718
0.0058508103860293
0.0058508103860293
0.0060106573337691
0.0059851996189859
0.0061773723755368
0.0060576162305509
0.005905442909929
0.00604272298376
0.0057275106128849
0.0059892146820002
0.0059644073730324
0.0059523250610797
0.0057438758510953
0.0057780387959177
0.0058761813583327
0.0058294588713891
0.0059347989825335
0.0059373536916737
0.0058718276283172
0.0055481286524836
0.0059660329830175
0.0057177580039704
0.00571090214929
0.005660597281518
0.0056490889054646
0.0055028741093938
0.0055937198733031
0.0055889065175167
0.0055336364275951
0.0054135960676281
0.0054543367657209
0.0050956851988616
0.0055161946898162
0.0056899759220023
0.0058134027950993
0.0056245588977933
0.0056688219247651
0.0055465547237717
0.0055809646382924
0.0055396538403642
0.0051572078900063
0.0055984085942343
0.0056689303322185