0.0059525491835039
0.0061651170725473
0.0061166679880356
0.0061845929079792
0.0060103890332209
0.005870842385078
0.0060437657447997
0.0059065777854494
0.0061141883507667
0.0061732390046826
0.0058688313741751
0.0058602366727774
0.0058076143966818
0.0058770635536136
0.0057167122970263
0.0058002544809291
0.0058115284620199
0.0056706448628411
0.0056689761639203
0.0055110996012291
0.0052054167661854
0.0054283953547588
0.0054047623155423
0.0053630761149615
0.0053504359172523
0.0053993119737481
0.0054370692647004
0.0054987846875171
0.0055363325543478
0.0056979919299012
0.0056910839641996
0.0059145667225116
0.0058463731502418
0.0057947787046211
0.0057897318055583
0.0057588711909831
0.005647631743079
0.0056897646171461
0.0055824687156376
0.0054529184529614
0.0054651325939231
0.0055167537237705
0.0052652838239264
0.0051898544116572
0.0053260578558457
0.0052860278421439
0.0052519765066394
0.0054104077081322
0.0053803150359304
0.0055328828053237
0.0054923872117209
0.005439228789306
0.0053938580476207
0.0054379801744647
0.005623531644878
0.0056424377291716
0.0055699031324765
0.0055257288428325
0.0054708952249839
0.0053694733300509