0.0010250825988373
0.001032758167939
0.0010269039828159
0.0010312340519309
0.0010237844040089
0.0010195636413543
0.0010171237985672
0.0010338341869279
0.0010412641546723
0.0010447600918583
0.0010455609105974
0.0107514030427779
0.0220732722667555
0.0389441687914703
0.054460891497622
0.0665295719827578
0.0817489812979729
0.0894181927114846
0.0916268065816595
0.0918684933367456
0.0905796112022201
0.0921768093849172
0.0809156228393054
0.0693647171639791
0.0528814974482126
0.0378666838037389
0.025011364841613
0.008752869601375
0.0011014128079707
0.0011038935624194
0.0010618935880919
0.0010744809483173
0.0010770484479933
0.00106849850785
0.0010609529206943
0.0010607520892931
0.0010574331212525
0.0044102002698468
0.0108030785161209
0.0163110165948589
0.0224824923986939
0.0261461266531961
0.0304183121064583
0.0339147321755031
0.0343109167800327
0.0343813099108262
0.0340145280456915
0.033773728110681
0.0313858778663824
0.0243686467078701
0.0192533376717944
0.01297209748555
0.0095380737971389
0.0052765283611527
0.0011027209208329
0.001112189125548
0.0010953711325072
0.0010934919835837
0.001097372051821
0.0011053068280194