0.0010736713720751
0.0010781232846953
0.001070514353253
0.001087857181665
0.0010784639870615
0.0010861377332972
0.0010639768587998
0.001071778290784
0.0010647170997333
0.0010682901732646
0.0010548214170519
0.0010673731009667
0.0010687385799358
0.0010734024099915
0.001060787990952
0.0010652984773038
0.0010603406930277
0.0010667509595112
0.0010534390438838
0.001065271899076
0.0010596780840735
0.0010673201143911
0.001063617511023
0.0010657877367841
0.0010594012252539
0.0010686493933131
0.0010668536074279
0.0010757885996083
0.0010654652668511
0.0010853706094238
0.0010700429594705
0.0010788957686301
0.0010722303982012
0.0010798097855664
0.0010696030415214
0.001084696382828
0.0010774208221844
0.0010770322305656
0.0010654525787627
0.0010824297590739
0.0010643948526801
0.0010775283361828
0.0010716474909316
0.0010747195283687
0.0010639386026041
0.001062985263651
0.0010528182813456
0.001055572165588
0.0010437534590736
0.0010636863165219
0.0010574872331138
0.0010805243491189
0.0010803630620041
0.0010974585502827
0.0011016928897275
0.0011219777041661
0.0011377059660139
0.0011516837182426
0.001151114809956
0.0011067494423848