0.0059930345740282
0.0060693949709795
0.0060057705379827
0.0062712278608421
0.00620307612469
0.0060350718054303
0.0060950025927581
0.0061713354991785
0.0059264058312472
0.0059840571329955
0.0057622922163707
0.0056485007426967
0.0055115917349097
0.0055035823138322
0.0052250245576408
0.0053428291232192
0.0054088685807951
0.0052746897983392
0.005198209135725
0.0053586646104474
0.0052679725475243
0.0052491968123468
0.0052961367598007
0.0052281136805825
0.0051733927723603
0.0052550411713592
0.0050283002931477
0.0049837272348292
0.0050012691581389
0.0048502269013424
0.0048543771480973
0.0048908127634399
0.0047796729239343
0.0048702632262547
0.0047830184433523
0.0048297543031446
0.0048651371406092
0.0049223617219801
0.0051422853367603
0.0053891402574827
0.0055102698483977
0.0056141207560312
0.005447760056534
0.0056887929645154
0.0056063387146399
0.0057259327248264
0.0056124143058964
0.0056118855785446
0.0055832314040729
0.0055539640424058
0.0054140451688137
0.0053719765199617
0.0052312296577947
0.0053525090138813
0.0052430392070078
0.0052209757531227
0.0054296956497877
0.0056110367428357
0.0055646724446098
0.0053067614126797