0.0011320591349117
0.0011293407714433
0.0011264270900494
0.0011222662162413
0.001120513593708
0.0011118662657607
0.0011107442149288
0.0010927449964132
0.0013417742853493
0.0013366536238247
0.0013366775901902
0.0013440797222931
0.0013435594962781
0.0013428271738725
0.0013222639505866
0.0013224417173459
0.001332234171838
0.0013163986846396
0.0013238488517591
0.0010694144160484
0.0010776762298767
0.0010747604261683
0.0010811115892856
0.0010817321979736
0.0010946009731929
0.0010976422518378
0.0011135808092867
0.0011122187078537
0.0011247026002265
0.0011224527230506
0.001136341936771
0.0011211705818309
0.0011247930286428
0.0011172002726051
0.033271106124748
0.0331600547238464
0.0340612626565204
0.0334175715276384
0.0324766515240068
0.033564826617558
0.0333989712614353
0.0334181188730852
0.0327487700847836
0.0334693537551572
0.0330796768376251
0.0011687938244456
0.0011625389402431
0.0011588993743111
0.0011717274296813
0.0011633063421309
0.0011636047967377
0.001160898112934
0.0011644423166396
0.0011599670307772
0.0011711154260089
0.0011726244780366
0.001172848988665
0.0011662452743029
0.0011752295939105
0.0011002599933523