0.006385002287831
0.0061568069972322
0.0064143383507129
0.0061949278130491
0.0063601641108764
0.0061102037726117
0.0061630433018561
0.0060040722314079
0.0061323907969503
0.0059611340740334
0.0059013573724058
0.0057196037657657
0.0059189991650935
0.0056343222445185
0.0057415444950784
0.0055825625863894
0.0057237169578323
0.0055918364405222
0.0054975710441722
0.0052592629720233
0.0053966816953824
0.0052523772977275
0.0053470796156737
0.0050833597249864
0.0052094634177214
0.0051535215435387
0.0049289789527533
0.0048110413333809
0.0048492877570548
0.0049561935618728
0.0051058450108852
0.0049635396000367
0.0051614186622625
0.0049933645157114
0.0050985289266684
0.0050366276266493
0.0051168124501631
0.0051784670508274
0.0053432576564211
0.005249003378504
0.005275047354013
0.0051914521530667
0.0052193717847936
0.0050413111062804
0.0051022656219073
0.0051622203987644
0.0053372723565393
0.00525573055922
0.005449128786511
0.0052401921783532
0.0053621169216024
0.0053231095796498
0.0054264397429522
0.005395825006875
0.0056217995249581
0.0056820336533276
0.0057631184086631
0.0055878202925471
0.0057439133555499
0.0052748592786155