0.0028415931197172
0.0031911151398444
0.00254841356
0.0026490421052631
0.002987391860423
0.0032117146715202
0.0029340445190636
0.003104848839783
0.0033622898141061
0.0034368062059445
0.0034439037352021
0.0044637447914905
0.0047661769294763
0.0058936027009003
0.0055547919832071
0.006836172854359
0.0070867741844051
0.007805347666434
0.0096104569600943
0.0103791138853502
0.0109729592773471
0.0125166987873023
0.0128940330778173
0.0142044458601274
0.0147971259944711
0.0139144405033331
0.015909908826496
0.0167704670904858
0.0173476022911196
0.0186552385370623
0.019134991932681
0.0187837219804532
0.0197949120721382
0.020312998585549
0.0196340072695444
0.0209358242425332
0.0218179903750962
0.0218021200107738
0.0209374625410105
0.022171020490831
0.0219417269374543
0.0219094250320546
0.0220304774219359
0.0224735622282659
0.0212674299790712
0.0212835049487098
0.0214124067500993
0.0226208773172404
0.0233470968806073
0.0223029775255651
0.0234275819552939
0.0236289509963094
0.022687974435052
0.0238731869188078
0.023446509550664
0.023261304128054
0.023261304128054
0.0207736970632992
0.0205128145662757
0.0190309409532067