0.0010638694134456
0.0010861193999406
0.0010753135143002
0.0010895520829543
0.0010876134547952
0.0011050675832581
0.0011039973651468
0.0011218541697013
0.0011139771915656
0.0011227911328788
0.001121102927564
0.0011203945687188
0.0011016524975515
0.0011167651747168
0.0011077718082136
0.0011178692213779
0.0011077355065249
0.0011092157132631
0.0010946746372917
0.0011024144855637
0.0010914200971573
0.0010836777080825
0.0010773538898395
0.0028827959930788
0.0061831123209376
0.0082436660628237
0.0100014717042147
0.0105319631015165
0.0106233375318114
0.0105826203142783
0.0103872421848286
0.0106215048439974
0.0105218194980693
0.0105109595078418
0.0086897025321048
0.0053673765062978
0.0033199764464926
0.0014570423876374
0.0010683639515044
0.0010776862512576
0.0010645481802235
0.0010775465871077
0.0010646232065548
0.0010735232912576
0.0010559622669212
0.0010685953308117
0.0010653775290892
0.0010720249949121
0.0010690539366286
0.00108162638929
0.0010763138351618
0.001098887995752
0.0010914984111822
0.0011078980562902
0.00109000195274
0.0011046848695018
0.0010988222202035
0.0011121331021844
0.0010963236664295
0.0011087812151615