0.0011102416410919
0.0011001880509481
0.0011100435766119
0.001105232703609
0.0010998861502772
0.0010980477917059
0.0011027013778961
0.0010985237804651
0.001102334272215
0.001087657908424
0.001093823817004
0.0010981883390584
0.0011128003058444
0.0011012336448598
0.0011110360181197
0.0011038224947085
0.0011078364655156
0.0011056439472902
0.0011148480712796
0.0011092743602407
0.0011148207294644
0.0011152416286921
0.0011183728689946
0.0017323387681484
0.0043751476045764
0.0080512358529532
0.0101974470953421
0.0114145542177323
0.0115014072647716
0.0115539041260368
0.0114862985659586
0.0116029970211987
0.011626542058985
0.0113480849859871
0.0110410462961255
0.0084249083062434
0.0045291520943028
0.0023912736013351
0.0011124842941101
0.0010978119565602
0.0011141934915959
0.001102710180295
0.0011089602110874
0.0011025879942708
0.0011181908640227
0.0010982547761646
0.0011020679519709
0.0010976180100197
0.0011135167763037
0.0011107694178254
0.0011271606950553
0.0011239664679985
0.0011344063887384
0.0011299862287371
0.0011404435507194
0.001123657029248
0.0011393065150851
0.0011289666408348
0.0011277703826356
0.0011097434047146