0.0058876613511216
0.0057968334547574
0.0058808426773656
0.0058025124194696
0.0059027151668371
0.0059016767835812
0.0059933005281627
0.0058158239268173
0.0058156747930911
0.0057831398450171
0.0059326687001066
0.0058039853026987
0.0058749707317952
0.0057939566995611
0.0058651926552656
0.0058481998560059
0.0060020069234255
0.0059263595020325
0.0059331199186628
0.0059922888656809
0.006064754121181
0.0060468679691574
0.0064128404962101
0.0063022100920457
0.0062919670760015
0.006228332046048
0.0063272513257679
0.0061213267823998
0.006224688771115
0.0061781077600563
0.0062172035117913
0.006175764917132
0.0062604997817071
0.0059908137946191
0.0061041437471865
0.0061506995106395
0.0063505341109675
0.0062030441586166
0.0063055547927882
0.006233685041361
0.0064088785465582
0.0062868649244895
0.0063427090276004
0.0061879547896549
0.0063322445430536
0.0062480360290449
0.0063172950308306
0.0060636189832983
0.0061053665635342
0.0060278157194243
0.0061064458557933
0.0057839517778061
0.0057976305281041
0.0055866125554156
0.0057129151310572
0.0054886048696742
0.0056242192761169
0.0055818055143081
0.0057330131345017
0.0057648734232752