0.0009638990380277
0.0009652517434132
0.0009680264048868
0.0009755855972401
0.0009783980299692
0.0009847440202104
0.0009842124360907
0.0009850994510757
0.0009871187843253
0.0009907471415216
0.0009972907917463
0.0009962809193392
0.0009892654099667
0.0009936750632493
0.0009918668188312
0.0009934193835209
0.0009925127613184
0.0010035008867868
0.0009983704590817
0.0009972962679118
0.000992133033044
0.0009904207500089
0.0009841000504123
0.001000554339371
0.0009952334814442
0.0010075485516552
0.0010093700289938
0.0010175205945105
0.0010128692099567
0.0010205753716658
0.0010202240940582
0.00101366576946
0.0010062386971317
0.0010235865234553
0.0010216368753756
0.0010234407625057
0.0010261161261311
0.0010268597350283
0.0010236645959266
0.0010238027698797
0.0010182178493234
0.00102549619351
0.0010322880800761
0.0010536319577298
0.0010465299250963
0.0010439709469154
0.0010480483516081
0.0010341783513915
0.001033419054402
0.001042354839295
0.0010424913116642
0.0010473251141884
0.0010449116073548
0.001047631529645
0.0010293321501202
0.0010276790040984
0.0010317027027026
0.0010236081122568
0.0010273743861534
0.001024487205824