0.0011079918995694
0.0011082540819144
0.0010911127481472
0.0011006763916104
0.0010961285443219
0.0011021943550158
0.0010952956512331
0.0010981795009775
0.0010931131835902
0.0011019938362195
0.0016415706339365
0.0024094386093187
0.0033663811909331
0.0054075644709496
0.005857580288195
0.0057744820820966
0.0057338144051794
0.0057842723774955
0.0057642239318711
0.0058011039713032
0.0057901379498364
0.0053505662480493
0.004442070157573
0.0035060577763896
0.0014799720847467
0.0011275259150806
0.0010992804108151
0.0011050924389751
0.0010948701042957
0.0010989732409243
0.0010961469037487
0.0011008771694383
0.0010880745808856
0.001086859471665
0.0010828362003267
0.0010925688277572
0.0010814232292678
0.0011021257912261
0.0010919083398618
0.0011031194167589
0.0010931863926165
0.0011021171102662
0.0010897174103549
0.0010951117466617
0.0010993438398019
0.0011133307243931
0.0010998536474605
0.001301400567246
0.0021597163684559
0.0031006143748008
0.0048013531250561
0.0058062303016047
0.0060751071887978
0.0061049125434067
0.0060150353739533
0.0060674640615878
0.0060345022046415
0.0060219201761829
0.0058139631365481
0.0050896358790192