0.0058655171216496
0.005753092716532
0.00590011096758
0.0059063077441321
0.0061391819229501
0.0059077537860193
0.0060236090648413
0.005973879150261
0.0060393070359362
0.0058684101411013
0.0057635962060595
0.0055951181460445
0.005661492911066
0.0054752833712154
0.0056263795569037
0.0055087612466609
0.0058178504751156
0.0057751784891672
0.0058195658814437
0.0057430483476803
0.0058985875745113
0.0060136748129951
0.0062653256402937
0.0062803526029218
0.0063865708350796
0.006267074362238
0.006287746063597
0.0061674766632284
0.0062130485889122
0.0061248506397234
0.0063061310753749
0.0062448613141318
0.0062702124207994
0.0060749688672917
0.0060477629640381
0.0059278557697548
0.0060173441375165
0.006056294121961
0.0060885813228879
0.0059907012343455
0.0060749502059693
0.0058187481538351
0.0058940622180658
0.0058100809761909
0.0060095922084254
0.0058909345777586
0.006110244723572
0.0059950492051615
0.0060379241347036
0.0058896207529507
0.0058616068678082
0.0057410567140656
0.0058636956393581
0.0057039177146033
0.0057900682919693
0.0056115567626582
0.0058269638208131
0.005674102848215
0.0058074964749603
0.0057358256670666