0.0009750213067665
0.0009677181079002
0.0009702635093673
0.0009809031463747
0.0009866438256438
0.0009842460071602
0.0009847407785205
0.0009843496587496
0.0009910830053211
0.0009955210771131
0.0010041721669347
0.0010048814685954
0.001016524862693
0.0010077883854727
0.0010000475588389
0.0010016739457278
0.0010366043257225
0.0010535368658065
0.0010608920702081
0.0010642257202685
0.0010599775968866
0.0010725000458286
0.0010775496422426
0.0010744214945877
0.0010765352439541
0.0010713035691741
0.0010718364140144
0.0010290780114998
0.0010161131444313
0.0010084504275522
0.00100599648579
0.0010103968764011
0.0010046824923631
0.0010098217943315
0.0010037141589156
0.0009982700971085
0.0009968349245857
0.0009951467940676
0.0009973659012922
0.0009975320269509
0.000999412629166
0.0009980487718314
0.0010032187149523
0.0009955076366268
0.000983495164057
0.0009792858994619
0.0009838456582329
0.0009853535514475
0.0009887322431567
0.0010067134159719
0.0010168841129372
0.001010771179008
0.0010142365566418
0.0010031799522076
0.0010086675444491
0.0010020129080972
0.0010043780742354
0.0010088389808777
0.0010137571691948
0.0010118873481965