0.0037460261366093
0.003744079874214
0.0044966617835661
0.0049685532192574
0.0054778227734983
0.0062974879354642
0.0065316938851536
0.0066144194357941
0.0068360385192596
0.0072983302864768
0.0075242496563605
0.0075182809244793
0.0075421973981387
0.0075729034413391
0.0074365933426615
0.0071830392426354
0.0068875676184557
0.0073122363498719
0.007342418240671
0.0072638039527862
0.0068726023444212
0.0071707881910224
0.006685663947086
0.0067960952986253
0.0063505221458713
0.0069743625076806
0.0065964956036924
0.0067967710405402
0.0062823637152779
0.0066984328213565
0.0064392308937823
0.0068237055667704
0.0064005765393492
0.006863516701918
0.0067271007612507
0.0069786510531558
0.0065497734630194
0.0069962512906557
0.006582759953848
0.0069246384086159
0.0067380994526835
0.0066839715276147
0.0067928857029645
0.0066509623638634
0.0063289604409265
0.0066055683862069
0.0062029338403321
0.0063526435878534
0.0060554739230644
0.0065049884906861
0.0066854026682175
0.0064340772998063
0.0065457768087323
0.0066738196221485
0.0066998872436311
0.0071120566312495
0.006571067294244
0.0067758827578672
0.0062300774004641
0.0061297014873366