0.005977223891118
0.0059031688237777
0.0060128491436879
0.0058501989677748
0.0060151640269235
0.0058256649238586
0.0059610052612282
0.0059170553134855
0.0059614273239487
0.0058099791967692
0.0058990217149619
0.0057719025512253
0.0057652621461536
0.0055535732430295
0.0056751677774975
0.0055906779889817
0.0058385481056509
0.005696489038539
0.0057767557518264
0.0058143646694776
0.0058262741677836
0.0053705882850977
0.0056061615295954
0.0052764342898138
0.0055978171173323
0.0054014383077452
0.005475320550498
0.0052713949698268
0.0053954609889814
0.0053395862938209
0.0054204233475518
0.0053974779813735
0.0056564297587674
0.0056054265135979
0.0057556958356468
0.0056464083317822
0.0057983359267985
0.0055850403375218
0.0057020437526217
0.0056968982303873
0.00566362689048
0.00566362689048
0.0055057514853996
0.0053473642577071
0.0053600789198126
0.0049657401742357
0.0052614432065163
0.0051252719216161
0.0052988957000419
0.0049126367743409
0.0051544800779173
0.0050789460763781
0.0052144505425555
0.0051136463002294
0.005148370027855
0.0048297420203667
0.0052101900273299
0.0049009534078669
0.0051403711030629
0.0053101240193591