0.0010984841550254
0.0010903884351519
0.0011006863507194
0.0010829826585426
0.0011011415195731
0.0010972219080112
0.0010991980802477
0.0010799498829289
0.0010860376341205
0.0010844144116531
0.0011001978390735
0.001096904730947
0.0010992448690092
0.0011003305565175
0.0011245450944659
0.001105955316409
0.0010460749455633
0.0011100488114911
0.0011296206208056
0.00106304653997
0.0011211028970114
0.0011125286182413
0.0011122850995447
0.001102798197
0.0011088873081519
0.0010917084167607
0.0010978720326477
0.0010306893558809
0.0010927593385996
0.0010783768751485
0.0010888055648364
0.001087620399845
0.0010919366095212
0.0010859690565348
0.0011033283622905
0.001087614392857
0.0010972153388148
0.0010970266596779
0.0011058972911551
0.0011043432750311
0.001104640240251
0.0010986406646791
0.0010995879764039
0.0010936971239498
0.001102582627697
0.0010897147640566
0.0010971188895259
0.0010231918543797
0.0010949709085382
0.0011030482020031
0.0011137528827909
0.0010990845029975
0.0011101602013039
0.0010540819174514
0.0011088048473576
0.0011010410013657
0.0011407712412447
0.0011325226122565
0.0011456242519394
0.0010823267762254