0.0058159123481525
0.0059412591839698
0.005924852832291
0.0057197147238125
0.005820688617293
0.0055538133381791
0.0054959094632067
0.0054769238649553
0.0053538179117911
0.0054376397558657
0.0054214953516608
0.0051004416380306
0.00549267734771
0.0055239473322605
0.005392577847478
0.0054100215040968
0.0054795928955234
0.0057630975037298
0.0056994937920522
0.0057857251211021
0.0055993169300962
0.005683093725193
0.0053667682157934
0.0054460380001678
0.0053485966326642
0.0055113779620416
0.0051981551993414
0.0056968524912782
0.0055431011282908
0.0055795895668338
0.0057776777858439
0.0058633459792001
0.0057216381714117
0.0059576458460232
0.0059308389777532
0.0059941185426862
0.0058126267789823
0.0058402310692893
0.0057849593408834
0.0054027474934714
0.0057437547912215
0.0056607041758094
0.0055357003233566
0.0055994990172604
0.005526076875951
0.0055518545967883
0.0054817272947263
0.0056872642792219
0.0055748924307172
0.0055920925808612
0.005523085489585
0.0056789348482038
0.0055744732356567
0.005812086366463
0.005812086366463
0.0057446963129298
0.0055852410491758
0.0056161441342108
0.0052009264707983
0.0054824286742254