0.0056932326860662
0.0058527845337018
0.0057036913688039
0.0058661541986126
0.0053155976594231
0.0057382157874369
0.0056681539842711
0.0057633528515064
0.0057134190976059
0.005920256915324
0.005853345225462
0.0058909648052983
0.0055724071066733
0.0053055884341304
0.0055342400480347
0.0056998195307799
0.0056906482750491
0.005724548921601
0.0056070741854273
0.0057438875587703
0.0056390554135162
0.0056949500758615
0.0055889046003503
0.0053726044150479
0.0057267517541738
0.0053778233728609
0.0055604201217956
0.005700817391938
0.0055718338005973
0.0057412774550685
0.0055388480710996
0.0057192402470085
0.0056433174252872
0.0057897255750479
0.0057587874204866
0.0058204956464623
0.0056486139956947
0.0057400132956055
0.0057101427670235
0.0058681096279773
0.0057047460877152
0.005974495914624
0.0057959168331215
0.0059029124404697
0.0056840776357943
0.0057548233749645
0.00559382578808
0.0056289239449737
0.0054496498186561
0.0055790105208372
0.0054174068068652
0.0054930073244606
0.0053386573411366
0.0053981248876261
0.005271976504068
0.0055123318600167
0.0055261671869262
0.0054917972936004
0.0054092535602132
0.0054794034823774