0.0062256204194241
0.0065741423267781
0.0059181860961096
0.0044588457921956
0.0035769287254652
0.0030004526902341
0.0019978941673555
0.00117039915791
0.0011074627612171
0.0011015079749202
0.0011010492508657
0.0011063891842679
0.0010945239336535
0.001107101169993
0.0011047234082364
0.0011028380199605
0.0010988527802
0.0017951426375097
0.001853620600281
0.0040029813687376
0.0055942634439984
0.0067675580104503
0.0098468693217623
0.0101311444805489
0.010890214986022
0.0100909120160069
0.0102956948023183
0.0103127107324873
0.0094606027354903
0.008730939077395
0.0081032969048976
0.0058006335590392
0.0044467480360257
0.0013039412421212
0.0011561663581846
0.001061652458237
0.0011200964057494
0.0011240505481711
0.0011149560618537
0.0011192410096122
0.0010983233111635
0.0011152975448948
0.0012074890707955
0.001729912382942
0.0021978613353032
0.003138615987725
0.0033652426421238
0.0041248301122534
0.0058016485869043
0.0073320700407527
0.0078482700838121
0.0078684846861343
0.0079155154882341
0.0079840019974181
0.0072415282429072
0.0066764451781217
0.0056648531265505
0.0048101840525499
0.0048101840525499
0.00400040968082