0.0447412059919702
0.0480746094244964
0.0391670179970825
0.0289800043422489
0.0289800043422489
0.0174365698182426
0.010088474179336
0.0021774749599681
0.0011349631280896
0.0011142801953268
0.0011202643454543
0.0011093564256835
0.0011227660261192
0.0011250890072017
0.0011403798291979
0.0011421085075171
0.001368088081248
0.0058706886723454
0.011022069195827
0.0181970920805911
0.0317640354572835
0.044262674291758
0.0589266922852768
0.0658069766993437
0.0681836334056105
0.0712168524042906
0.0722529549065848
0.0673014209172826
0.0648245490338659
0.0604622834166488
0.0488955354260086
0.0354694470590359
0.0258233554299076
0.0086982337789384
0.0011687221361409
0.0013487831031206
0.0013349877231749
0.0013540513481388
0.0013339838981058
0.0013565316884468
0.0013383728558531
0.0013394333232026
0.0013570271072755
0.0062734742685653
0.0097574127898087
0.010743280526507
0.0266119248220245
0.0300711430134038
0.0396919917426167
0.0405235974570519
0.0434846604590015
0.0434896438728757
0.0429489644807257
0.0430766651361219
0.0389385730275026
0.0340713190279313
0.0235974084771673
0.0217196166404969
0.0148568849231451
0.0050104368984476