0.0355925690178578
0.0352299759258594
0.0317086693792052
0.0286993749351981
0.0197607202661892
0.0144766027544896
0.0086924886476805
0.0016005587208992
0.0010465242794795
0.0010273845522739
0.0010476966577224
0.0010612781921728
0.0010635108933049
0.0010629787865547
0.0010745431243495
0.0010779871962745
0.0014293993522706
0.0040579225799236
0.0107272299282479
0.016248122039239
0.0266082223677492
0.0368800613394601
0.0527223419527741
0.059203023383139
0.0581033425807959
0.0591071234504792
0.0590878622294414
0.0580404003785836
0.0563805444770112
0.0478219594974316
0.043752020194682
0.0313499853057985
0.0202459125144951
0.0069897556750085
0.0010798628013293
0.0011695673784978
0.0011000934172613
0.0011631424792
0.0011698847709009
0.0011805963972732
0.0011724597852007
0.0011686812989999
0.0017462858849939
0.0053205904351801
0.0080575421031713
0.0141256472638483
0.0190103912150445
0.0214468876403584
0.0291082038867825
0.0347385939100946
0.0346585326024436
0.034818374525951
0.0352132589344444
0.0346389162096952
0.0309910055779365
0.027926079584275
0.0221591763287631
0.0159019313152477
0.0106066157733791
0.0106066157733791