0.0076687115694164
0.007534538007489
0.0076916824253558
0.0073437313147696
0.0073893441938642
0.0071745023584906
0.0067653998777901
0.0062958232696766
0.0062888530272993
0.0061435244525155
0.0062538041109363
0.0060206521955689
0.0060256343493277
0.0056863725613141
0.0057425984552443
0.0054833663236298
0.005678800650074
0.0056618206045561
0.0059580484442334
0.006028997239196
0.0057530113071593
0.0065927077623866
0.0068730384680249
0.0068008930403427
0.0070156809984849
0.0068756001609009
0.0067024710751799
0.006874201865239
0.0068751920165422
0.0066296267486298
0.0065537519507186
0.0063010303343421
0.0062805348739495
0.0056715443686313
0.0058752477036294
0.0058620571702581
0.0058630884747887
0.005906715642458
0.0060231220999557
0.0059832956323101
0.0060031200802342
0.0059380456180691
0.0060710798453893
0.0061796923707957
0.0065689689909519
0.0060945389815457
0.0069452366823735
0.0070549760474991
0.0073060917978264
0.0074835516233239
0.0076394837447649
0.0076185592852678
0.0076298998590064
0.0075129696363634
0.0074599649874427
0.0070778988094162
0.0069037175230516
0.0068018004652888
0.0066421722014925
0.0059240957594293