0.0020704622858414
0.0020763830115961
0.0019733309315023
0.0021018032311585
0.0021238772227699
0.0021467307368224
0.0021346685251226
0.0021436923390534
0.0021359044829295
0.0021759942528735
0.0021558114551585
0.0021823288853862
0.0022041366137966
0.0021928675353479
0.0022201294315586
0.0022069848343944
0.0021879715933669
0.0022138736056102
0.0022221567060334
0.0022226161693029
0.0022072690984793
0.0022139345414134
0.0022050223648097
0.0020524630690643
0.0021886453473699
0.002154069401582
0.002160942738574
0.0021464193758127
0.0021463162257462
0.0021614910917222
0.0021527464279287
0.0021343656490925
0.0021534521277582
0.0021598671367368
0.0021784454038692
0.0021784454038692
0.0021782980092165
0.0021636622662868
0.0022070382883714
0.0021910134390756
0.0021629427131072
0.0021732434062749
0.0021907868802193
0.0021662795080198
0.0021739963820018
0.0021977474005446
0.0022031171675075
0.0021985744499289
0.0022101056367281
0.0021768727057753
0.0021902426798188
0.0022076515941392
0.0021962355515675
0.0020820151055222
0.002220461498383
0.0022066187359489
0.002198603465445
0.0021858254870426
0.0022068058588064
0.00220265976874