0.0058809164738674
0.0058008991479615
0.0059691053102335
0.0057291220773923
0.0053956394298041
0.0055464685770928
0.0057685630028257
0.0056290681760505
0.0057465292857271
0.0056219047882644
0.005786592884514
0.0056374271723388
0.0057177874832663
0.0057754430059468
0.005961868844368
0.005796800134717
0.006048056483648
0.005945444769754
0.0059598051665683
0.0057166436243558
0.0056727304260008
0.0054044176528241
0.0054545743888046
0.005324211678464
0.0052752961074813
0.0052752961074813
0.0052992601318236
0.005280889038842
0.0052854756843041
0.0047962664870433
0.0052382812660834
0.0051498021174102
0.005224153587123
0.0051675293823779
0.0054066936177806
0.0053407281044204
0.0050586431582221
0.0053641864029803
0.0054514182985745
0.0054527916603842
0.0055973264301445
0.0053893745476259
0.0056095236379597
0.0055299178685753
0.0054147863109834
0.0053905427754402
0.0054872536930101
0.0054378427920425
0.0053321187491307
0.0052697465002438
0.0053538915200472
0.0051608779197869
0.0054324077680605
0.0051386096234385
0.0052518162710998
0.0052117332768839
0.0052892526342424
0.0051432561133029
0.0050327612899129
0.0053073135543386