0.0059501616863679
0.0059931399353944
0.0056289073910482
0.005696442173993
0.0054713476116255
0.0053741029541445
0.0054661906290438
0.0051821351617491
0.0054218121058354
0.0053900520596462
0.0054022485851917
0.0055003019130493
0.0058037104392048
0.0057624624256837
0.0054124456749283
0.0059024486702936
0.0058485421585444
0.0059218813901058
0.0058277333078282
0.0056438552503979
0.0054650321589675
0.0054528018568226
0.0055672962018362
0.0054098053635234
0.0052724004024537
0.0050703198971184
0.0050477380711027
0.0051139241766555
0.0047848746962203
0.0051179397372741
0.0050777395589478
0.0050359632286834
0.0048814019572526
0.005118989557325
0.0051264827475172
0.0052420713119715
0.0052438014806416
0.0052077532346879
0.0051995378984651
0.0049720933214132
0.005316204158215
0.0053971687862971
0.00526675925355
0.0050053129134239
0.0052815875275938
0.0053371166729096
0.0051295654003683
0.0054296518175764
0.0051342186774852
0.0054214768087702
0.0050981752157746
0.0054088305806547
0.0054968434179222
0.005480193221926
0.0053294536018646
0.0055035073537441
0.0054097845788415
0.0054666651876502
0.0056045901127464
0.0052525006569445