0.0010503467668936
0.0010460204954874
0.0010432216231698
0.0010402488716047
0.0010471766508321
0.0010382287466185
0.0010346436228615
0.0009850516734396
0.0010444416313225
0.0010485506891548
0.0010570023226274
0.0010607803701414
0.001005433300477
0.0010660156396277
0.0010587349615725
0.001055006894585
0.001052511839585
0.0009977532746158
0.0010588175171259
0.000932891575
0.0010547571780596
0.0010465296908228
0.0010501487894271
0.0010574916343962
0.001001254709957
0.0010593216898579
0.0010531122003564
0.0010560266572688
0.0010568409759611
0.0010495964728275
0.000995166639976
0.0010512182433121
0.0010038895166889
0.0010485051480869
0.0010473431699873
0.000983554141716
0.0010500919759825
0.0010490781988931
0.0010558934587705
0.001000416288168
0.0010595642941765
0.0010512109173839
0.0010483646621962
0.0010004676864025
0.001049340964868
0.0010508492451154
0.0010572340616851
0.0010489800577512
0.0010487662128269
0.001039299581309
0.0010419455886092
0.0010343145686307
0.0010334976066911
0.0010365579860168
0.0009756462097725
0.0010263748825612
0.0009629079592878
0.0010239796004942
0.0010264847537567
0.0009761104448089