0.0011121434544651
0.0010495480973562
0.0011137241111176
0.001097681293344
0.0011048492489171
0.0011028915417486
0.0010940905303725
0.0010976190492459
0.0011029981085647
0.0010475377550146
0.0011083928815879
0.0011036494459342
0.0010383117736668
0.0010986344182275
0.0011074984935449
0.0011111903703163
0.0011127301765098
0.0010585587459266
0.0011099945383968
0.0011017930829611
0.0010983663414142
0.0010963473638454
0.0011107552676303
0.0010573183488198
0.0011140265842014
0.0011228681106621
0.0011190871082199
0.001118064461853
0.001122689123983
0.0011146104927589
0.0011128740858273
0.0011102990811361
0.0011194970810847
0.0010520658291147
0.0011107282738807
0.0011108496248156
0.001102490790422
0.0011051048728814
0.0011126924482957
0.0010554608470472
0.0011200322743403
0.0011321789319604
0.0011420131687848
0.0011351981963758
0.0010761065012076
0.0011314207043291
0.0011371121945468
0.0011481079865016
0.0011421010674005
0.0011281640938504
0.0011250808922232
0.0011250808922232
0.00111500185276
0.0011171399431964
0.0010566028067291
0.0011124301625344
0.0011152144484766
0.0011136403994225
0.0011179604935518
0.0010512944766659