0.0010855343574055
0.0010821747599355
0.001024246725938
0.0010854295905455
0.0010656605486373
0.0010665580335256
0.0010511891483195
0.0010573417916466
0.0010405475250588
0.0010428564469282
0.0009905856376542
0.0010427438076698
0.0010579301300593
0.0009937852770409
0.0009813142735116
0.0010439725306054
0.0010594509078313
0.0010608162564713
0.0010474761027754
0.001052846617201
0.0010466376973746
0.0010447584089266
0.0010631533244853
0.0010571425998248
0.0010596956849856
0.0010654749651656
0.0010611813103535
0.0010672706908881
0.0010135856746646
0.0010717002425848
0.0010648890944386
0.0010724986143498
0.0010589279582676
0.0010589279582676
0.0010551439137502
0.0010646676418314
0.0009964702937197
0.0010694104140525
0.0010662210616494
0.001054899108918
0.0010495166916377
0.0010668427427486
0.00105428614672
0.0010010528849267
0.0010434190400937
0.0010462435263651
0.0010471989264504
0.0010532276978953
0.0010473270491255
0.0010415221715708
0.0010464387384875
0.0010503449019151
0.0010357369538892
0.0010414547709252
0.0009779344492675
0.0010353959697733
0.0010481325671766
0.0010558785031175
0.0009915695645922
0.001071394416761