0.0010037896353883
0.0008843844533333
0.0009862250004284
0.0009136842742914
0.0009748820571928
0.0009713255180789
0.0009750558237337
0.0009875969651097
0.0009897541683447
0.0009891094844277
0.0009909523790989
0.0009952265641765
0.001010949623796
0.0010101776259028
0.0009557523725278
0.0010118272240803
0.0010132755949461
0.0010187947498445
0.0010106103521721
0.0010109088693147
0.0010174054474445
0.0010153258867696
0.0010138696189686
0.0010147103477097
0.0010222265797174
0.0010297337378194
0.0010414138213968
0.0010451044025841
0.0010453713249292
0.0010465741310561
0.0010521348844004
0.000991582806786
0.0010460880435963
0.0010396351425238
0.0010402250165229
0.001030638393671
0.0010320466066597
0.0009567224536946
0.001018761552009
0.0009566997065748
0.0010056030602731
0.0010070654329027
0.0009014944766666
0.0010028431225498
0.0010128704380896
0.0010099893770647
0.0010086553385792
0.0010010411344986
0.0009918197825999
0.0009927427880172
0.0009989950009108
0.000999491967908
0.0010014489962711
0.0009524691975076
0.001003972770615
0.0010060987150168
0.0010077979499492
0.0009542525759918
0.0010115278843858
0.0009575304713597