0.0061730611522968
0.0062495821344761
0.0061907100351637
0.0061525593198529
0.0058176741379752
0.0061287775093777
0.0060870065474542
0.0061205779881938
0.006167461607499
0.006052502011318
0.0054860028631005
0.0058739795070671
0.0058633590522367
0.0060129780260092
0.0058910899716281
0.0057346825576939
0.0057069304667902
0.005857185245957
0.0059176881582326
0.00568562681804
0.0057235988450106
0.0050982593933333
0.0057515716632513
0.0054068363241432
0.0055921526346669
0.0058345924766039
0.0057359944744329
0.0058580076479023
0.0058817796332239
0.0060254003457494
0.0060813431978398
0.0061561981469854
0.0061435443870448
0.0061435443870448
0.0056785374466347
0.0059516155817704
0.0056812893045529
0.0057146150333874
0.005635936280962
0.0056339402091785
0.005656313435841
0.0056950585976003
0.0053875350134566
0.0055393799526848
0.0053713409572378
0.0053620050335634
0.00580765865309
0.0059050608508451
0.005858879882372
0.0058331891843153
0.0058391366782298
0.0054735800849376
0.0057646455654339
0.0058244491643454
0.0057948614341248
0.0054446455701847
0.0058738657780098
0.0059015743721289
0.0058680343492823
0.0054650370526173