0.0059616473414947
0.0059866493445609
0.00584078125
0.0057230616764212
0.0052073517812886
0.0056303694203071
0.0056048892792271
0.0057427460280178
0.0057499361821872
0.0058208727750808
0.0054866420179382
0.0059096921683412
0.0059799436690738
0.0061484118631906
0.0062409082789419
0.0058560717386165
0.0062319645151368
0.0062692074064094
0.0063627929736973
0.0062072789477915
0.0062927938526762
0.0061752127556772
0.0061592383237954
0.0061604274155076
0.0060715606226051
0.0061988205263348
0.0055091837166665
0.0060001404926936
0.0060529241398087
0.005922687543983
0.0055843495311485
0.0057172230504491
0.0058216297002541
0.0057895167835762
0.0055149586505502
0.0055737970198006
0.0055894484809786
0.0057566296687221
0.0056985888508754
0.0056983533677194
0.0057196754668762
0.0057871495468277
0.0057554569136258
0.0057295512104625
0.0058240567108448
0.005893458357227
0.0059645601211472
0.0059397494542185
0.0054439257843818
0.0057692892478844
0.005818815619123
0.005894843562094
0.0060097374180625
0.0059828774863994
0.005983725410081
0.0061399385868166
0.0057209712306765
0.006062230410381
0.0061197273626135
0.0061997616607278