0.0011903071969825
0.0011802744334794
0.0011172029202607
0.0011802610382181
0.0011877037219305
0.0011935261429503
0.0011874582173211
0.001193403962261
0.0011789000668147
0.001183753864159
0.0011843809834756
0.0011783061865729
0.0011887155216193
0.0014429765444212
0.0014215819133665
0.0014386718824174
0.001440940722027
0.0014371909193748
0.0014368751941904
0.0014640615657461
0.0014728135789318
0.0014457512224007
0.001451253628385
0.0013787593692235
0.001231510643293
0.0012419013998059
0.0012466082120072
0.0012495391645384
0.0012398868101761
0.0012381271448385
0.0012251951183622
0.0012307287396424
0.0012401195537823
0.0012424240443652
0.0011176865333333
0.0012304372591632
0.0012292721994411
0.0012091180550511
0.0011967661556903
0.0015218584940244
0.0015218584940244
0.0015043257809942
0.001490312343347
0.0015077413266619
0.0014769544760677
0.0015066733152344
0.0014257204428584
0.0014684020797522
0.0014704653830467
0.0014689704261325
0.0011887626856321
0.001195340860116
0.0011348955517282
0.0011875273400513
0.0011870274918448
0.0011937713308554
0.0011880583040461
0.0012064603174602
0.0012023817408704
0.0012051363636363