0.0080150695778053
0.0077157749906067
0.0073737813611014
0.0070004351995383
0.0067833332596727
0.0064399497214429
0.0060207780029512
0.0057277069535136
0.0055820827913452
0.0053389495960677
0.0058417367445578
0.0058579685940661
0.0057835982294343
0.0057315962781694
0.0057443205671417
0.0057303349215043
0.005660774986163
0.0056750180147126
0.0062504160617368
0.0065141687853953
0.00579163464
0.0066416246393197
0.0066880378680595
0.0067976995299175
0.006834935766477
0.0068750984524201
0.0066210973738581
0.007050191052325
0.0068133673842033
0.0067015119456405
0.0064550770320352
0.0063614348968452
0.0061708860338776
0.0053749759433333
0.0059843603703891
0.005978098566116
0.0058172338012573
0.0055725842847316
0.0057774595314346
0.0055676198443708
0.0055388160180953
0.0058242687553605
0.0057956544603478
0.0060264664022313
0.0060014509361332
0.0066409384900432
0.0065392844692697
0.0067458769735658
0.0067904776046824
0.007020988043045
0.0067815551674316
0.0065112733934055
0.006735424227125
0.0068649822460244
0.0066807037713785
0.0060376675816133
0.0059879629960101
0.0061547731489969
0.0056219458906486
0.0059139928267368