0.0008713698001333
0.0008765379831349
0.0008742296444899
0.0008292660581222
0.0008807038920499
0.0008814502461514
0.0008748730419482
0.0008752587897946
0.0008811265021442
0.0009010435394784
0.0008610982874212
0.0009215240436413
0.000930044928222
0.0009375189896589
0.000943363958315
0.0008891905683391
0.0009525786839441
0.0009591330165349
0.0009546906487062
0.0009629410389701
0.000954729166284
0.0009382299130581
0.0009361781688095
0.000887825031326
0.0009481584573658
0.000943293226045
0.000888445705509
0.0009393043686648
0.0008734314781569
0.0009308307529798
0.0009320387760361
0.000935519079313
0.0009392902218813
0.00093635510506
0.0009310762980524
0.0009277585975121
0.0009202264157277
0.0009196391408323
0.0009123243072388
0.0009102610659614
0.0009020888892677
0.0009030817502533
0.0008423567125574
0.0008673969980927
0.0009142631713241
0.0009102748010126
0.0009109640460934
0.0009099158485016
0.0008907456413284
0.0008913740993774
0.0008936394361104
0.0008963261840121
0.0008409337655825
0.0008729306544358
0.000823596184927
0.0008646432204237
0.000858328794105
0.0008540468630065
0.0007984569517761
0.0008640197148849