0.0058542943054911
0.0061211323956524
0.0060951133224946
0.0062860526477664
0.0062192866246785
0.0064504068053993
0.0063028381352433
0.0064939648068511
0.0063223527882114
0.0064853884063141
0.0064235736703489
0.0064920972904623
0.006424419221362
0.0064967918452172
0.0063981564703081
0.0063407750613876
0.0060051413395495
0.0059640063942125
0.0057344803119195
0.0058038536970327
0.0054874322529905
0.0056265236563242
0.005477318341302
0.0055205541177523
0.0054519667862409
0.0054583189628354
0.0055282330901557
0.0055180812540564
0.0054778253219891
0.005551314227759
0.0054378635816552
0.005647912819573
0.0054685465806548
0.0056893302364242
0.0055054107077576
0.0054136969473873
0.005223422654646
0.0051718235497111
0.0053162892350193
0.0053891008805723
0.005310449772618
0.0053613696504531
0.0052137514141988
0.0052487774723272
0.0050652225019755
0.0052460008780754
0.0052682818710042
0.005487067546771
0.0054559685399552
0.0054706859721081
0.0054512107658957
0.0054406447403942
0.0054587433519087
0.0055129963981723
0.0055757896831113
0.0056221176283185
0.0055133715035288
0.005478153346486
0.0053830653284407
0.0054131033394312