0.0059992120546022
0.0059289423612247
0.0060561009902788
0.0061905696334313
0.0061096058985608
0.0063380435608115
0.0062634855499852
0.0064179292464925
0.0063239871744348
0.0064352060687673
0.0062634565544584
0.0062879198081742
0.0061489614243863
0.0060780803294255
0.0058802041599135
0.0059382526668364
0.0056411274379677
0.0056712387740685
0.0054147838756764
0.0056432348545894
0.0054730304305248
0.005621685535042
0.0056094884843167
0.005846341099035
0.0056908676265176
0.0058760497998696
0.0057865176660123
0.0060430095626947
0.006023330869463
0.006184339401537
0.0060467491668032
0.0061272470111559
0.0059969329725453
0.0059950539462904
0.0058190131775701
0.0059300636718024
0.0057876675542513
0.0057937257799671
0.0056723759939004
0.0057057258331012
0.0055125466319809
0.0054408827082809
0.0053395178755493
0.005345950245067
0.0052924686546688
0.005421783451773
0.0052271950071909
0.0052903341286642
0.0051262835779358
0.0050729405747147
0.0050089535071652
0.0051548417914235
0.0051508455146777
0.0052624364093959
0.0052029161211946
0.0052960164989275
0.0051549295961116
0.0053982540810661
0.0053451269256406
0.0054953525450187