0.0056248087293039
0.0056812998265018
0.0056169032390248
0.0056506783253649
0.005569140493192
0.0055644321288078
0.0055413705454942
0.0057203688001458
0.0055873771817249
0.0056546644578751
0.005647230929352
0.0057494245192568
0.0056272360586697
0.0057267108154383
0.0056193774795259
0.0055975279887116
0.0053633978604818
0.0055174077966163
0.0054154756528515
0.0055741386704018
0.0055259550204125
0.0056861886110385
0.0057378500442021
0.0057665673651069
0.0057542701656856
0.005891513867226
0.0058495227920994
0.0061962702347045
0.0060456057460917
0.0061750149680276
0.0059971920901887
0.006050906604896
0.0059824258293419
0.006033752186221
0.0060971583928273
0.006068708826901
0.0059683826178435
0.00602682
0.0058033311524544
0.0058089016627507
0.0055906920991338
0.0056953232591119
0.0054841146434225
0.0054414789556932
0.0053075175183946
0.0053698384415966
0.0053243789534735
0.0054426843096082
0.0053010733160713
0.0055224572771158
0.0054383032663684
0.0056875243982025
0.0056024881207943
0.0058780249351317
0.0058363772320613
0.0059890809187918
0.0058431702884376
0.0060744687168998
0.0058811828762031
0.006039630355093