0.0057801400557122
0.0058434469892337
0.0059155842013103
0.0058921785707717
0.0056511024122488
0.0057821098685175
0.0055787753172704
0.0056824610745812
0.0055502627260183
0.0058389609691919
0.005758890053206
0.0058938173253552
0.0057297788020957
0.0058273925748678
0.005874989070046
0.0060575306408483
0.0058814035864553
0.0060276690373381
0.0058549628361587
0.0060745713553676
0.00585027135614
0.0060270372117591
0.0059247808650868
0.0061047233921977
0.0059391231998261
0.0060648652202261
0.0059521726041972
0.0061039461677186
0.0059885339567202
0.0060665942701866
0.0056851965151269
0.0057807207458869
0.0056283583390135
0.0055650146538193
0.0053064775920214
0.0052901730223418
0.0050750512680565
0.0052041154906235
0.005077793162148
0.0051780262365119
0.0050791490768055
0.0052924113065141
0.0050542419052472
0.0052450416319432
0.0052541877120587
0.0054877564884387
0.0055242375907825
0.0057679511107808
0.0055305559875157
0.0057058727878943
0.0055415700875643
0.0056866166611894
0.0055866594967751
0.0059042267199793
0.0056177379170249
0.0058150052773797
0.0055940232865246
0.005761548813843
0.005601687599049
0.0058491100773233