0.0702274297185882
0.0720605254799234
0.0649430857999454
0.055818352132991
0.0438768381348753
0.0346738776608537
0.0271336338136996
0.0147358512621012
0.0019816447768718
0.0016682088234766
0.0015449902830813
0.001593452858641
0.0016354802969109
0.0017065694224963
0.0017426226695811
0.0018569153940253
0.0019069376818061
0.0061423916741514
0.0129126629906169
0.0228704517507029
0.0320437998902697
0.037984094570186
0.0538865467087317
0.06747495980474
0.0684938376343302
0.0676628044057774
0.0671049683937819
0.0694393189961503
0.064961036344565
0.0579632191770751
0.0468086590353489
0.0382943245376882
0.0330293673744149
0.0156213972517739
0.0028837913904881
0.0023282333988351
0.0022070482258102
0.0022129853396467
0.0021884364346526
0.0021310572018037
0.0020998423575964
0.0020930616621503
0.0021173876945486
0.0054769851010567
0.0148417631055203
0.019642470855525
0.0328015796648131
0.0400227302524461
0.0572570024459178
0.0660628283592954
0.0657789610991829
0.0669849122450091
0.0668752938861373
0.0668385547422767
0.0642661489830374
0.0554481740009264
0.0483752843149326
0.0356726159752541
0.0282580253691777
0.0117989390818985