0.0011498310569796
0.0015875279447706
0.0020281983157199
0.0025053537186784
0.0029774556107359
0.0034638408524919
0.0039430045544224
0.0044550440379276
0.0048823738190626
0.0050579932963178
0.0055829150931554
0.0071058339732149
0.0084184856415175
0.0098964088678934
0.011708649060208
0.0129956326848948
0.0148512832736444
0.0157825130571126
0.0174843458554295
0.0184017647289659
0.019836471826106
0.0215729066950129
0.0225246254132605
0.0240049673485876
0.0264932329226926
0.0287305509812872
0.031163857998584
0.0341145475335094
0.0380251204706727
0.0415521115782546
0.0457556112618342
0.0485179622192392
0.0522339351526467
0.0549098152001023
0.0570137204818421
0.0595056153127218
0.0611958440077269
0.0634074652455475
0.0648038499844839
0.0656143057371631
0.0660865926229361
0.0668952023999002
0.0677874743151942
0.0674946152793285
0.0675052349722816
0.0672261786429897
0.0654617941828006
0.065820868756642
0.0655890224498853
0.0645376259274221
0.0642866497305336
0.0641256499266261
0.0626488711452543
0.0625665889491952
0.0629845925156676
0.0625011606695017
0.0615936071696938
0.0621781550695101
0.0604468677735173
0.0603833377860509