0.0060174606315266
0.0061810413239792
0.0059183773438625
0.0058865411281362
0.0058784968475318
0.005936657917665
0.0058206220905232
0.0059694085491698
0.0056145067997173
0.0057688967304334
0.0058069711773059
0.0066765014338686
0.0075437581036906
0.0085422045311982
0.0094034860728553
0.0100628482375164
0.0107511526238724
0.0114760312651435
0.0121695841755961
0.0129875700588485
0.0134987870358579
0.014361801358109
0.014482381341881
0.0143133995457209
0.014401319707663
0.0146924935912938
0.0146915497806215
0.0146815173059444
0.0144807540553916
0.0146672736191322
0.0146952384890194
0.0143744825218137
0.0135114582488379
0.0128180308597805
0.0121579509665674
0.0114006910373083
0.0106647187323353
0.0098145740573371
0.0093915894853757
0.0091797187915603
0.0082579425970481
0.0078358035400521
0.007462949361923
0.0072927486281634
0.0070256098204468
0.0070001369555291
0.0068044677503154
0.0069079699735854
0.0067487401932915
0.0065486425904419
0.0063249638221331
0.0064032243749322
0.0061986090583381
0.006394380159138
0.0063612644748792
0.0064882463404666
0.0061086100671262
0.006081243824115
0.0057260656308934
0.0058790178683893