0.0071235748580601
0.0079580575622685
0.008592906550978
0.0094697939721008
0.0106506523452291
0.0123528207711007
0.01434542341681
0.0163239802851676
0.0184363908919798
0.0210429507030486
0.0230380777052925
0.0251030460607803
0.0281162771158891
0.0304698428840932
0.033022703328916
0.0354847650395419
0.0381299570015363
0.0398021696423674
0.0423242614174122
0.0443647855572349
0.0466329956500422
0.0492560185756257
0.0522477374592857
0.0548040570500423
0.0564125227920906
0.0587910084227434
0.0619590543066081
0.0647838546153192
0.0664860808525337
0.0684542051902747
0.0715559971361859
0.0732708388417134
0.0755174140167067
0.0779636445122869
0.0788348987754266
0.0816021352228096
0.0840995549640597
0.0852629068131504
0.0871890572900729
0.0903839193103447
0.0910068514175857
0.0918361868901926
0.094005015953525
0.0948569954547803
0.0953459648219474
0.0959275989443922
0.0974847387873816
0.0988036758816935
0.0986864928165439
0.0983220423368677
0.0982739650561504
0.0976825880993031
0.0980623354177248
0.0986236313516006
0.0982418332375984
0.0984570254243491
0.0983700007758257
0.098331086335767
0.098014158799679
0.0981646190253691