0.1535777346297034
0.2141914627931362
0.237224966019422
0.2418219939985081
0.2406369095018566
0.2395540323418515
0.2410067837753218
0.2360698649686335
0.2390160454976778
0.2002841028405817
0.1804853390875964
0.1697427028460895
0.1818821936133578
0.2269968007801784
0.2527381871784295
0.2691536370319625
0.269313369890116
0.2734177554389576
0.2702126580069372
0.2722353936470431
0.270294036597268
0.2401347219220715
0.1872678715062719
0.1149688779440828
0.0635783993679455
0.0455956966308544
0.0702702561296281
0.0781462100133377
0.0809860772924047
0.0839741444805809
0.084509232556845
0.0835760751036246
0.0823784752606467
0.0840711821007932
0.0828816793554641
0.0682964433624091
0.0678039368561881
0.0601476453573713
0.0917994131042523
0.127999636615916
0.1451505862461601
0.1505991126397175
0.1534584520436492
0.1491461032645882
0.1489814383167611
0.1522506249219189
0.148801572333921
0.1359854009887616
0.1173494567523678
0.0916611102512313
0.0901121382592025
0.1280676124309064
0.1574851808799579
0.1723306491681097
0.1763465091058271
0.1752494350315231
0.1733544111997012
0.1754107936637469
0.17675743617857
0.1698992879222944