0.0009680974436478
0.0009771197621481
0.0009670945362981
0.0009695941365258
0.0009718087648693
0.0009850726016333
0.0009957117946673
0.0010072428903498
0.0010093975632099
0.0010120418091501
0.00101577374594
0.0010166056192579
0.0010230739701206
0.0010254802712591
0.0010213600028884
0.0010249739363327
0.0010231711348113
0.0010174865328897
0.0010197460390652
0.0010158942139099
0.0010115662805662
0.0010111942869845
0.0010019930569735
0.0009993823288343
0.0010065882671187
0.0010202716058543
0.0010229111648678
0.0010180820209376
0.0010205229001276
0.0010250672259982
0.0010307786289252
0.0010493487140972
0.0010464356102415
0.0010540619879065
0.0010531880749949
0.0010445984693783
0.0010454365171388
0.0010447614125597
0.0010459903022018
0.0010448687437733
0.0010446405525732
0.0010468325462126
0.0010385363326218
0.0010407976796327
0.0010367222775955
0.0010398335152243
0.0010393763474088
0.0010302731848381
0.0010250950755205
0.001039888237423
0.0010452414319184
0.0010473563646219
0.0010519147787
0.0010506700557381
0.001046383280322
0.0010565282880638
0.0010452735680733
0.001043963968659
0.0010401205676287
0.0010390194101661