0.001109756315521
0.0011088914470084
0.0010993627838643
0.0011146989739175
0.0011126593923434
0.0011055104509264
0.0011022602880281
0.0011110086600914
0.0010957200324999
0.0011068622131712
0.0011038785301374
0.0011133443408027
0.0011280861756826
0.0011331799043924
0.0011275448155633
0.0011347054251009
0.001133164179647
0.0011401427495083
0.0011225046887863
0.0011409878385948
0.0011409582428625
0.0011574868380968
0.0011491828221978
0.0011476380428447
0.0011502232244536
0.0011570035091528
0.0011524616172893
0.0011601461862827
0.0011430829163557
0.001154363741914
0.0011402794800539
0.0011389606142132
0.001118945671217
0.001126593526046
0.0011093250807717
0.0011002469262107
0.0010929648867575
0.0010993737971471
0.0010982930620268
0.0011200725632092
0.0011224048981212
0.0011303403783386
0.0011246492145628
0.0011350953323798
0.0011250506340402
0.0011384210117013
0.0011346731575463
0.0011362847706625
0.0011246442558152
0.0011283170295626
0.0011196631586694
0.0011269872462401
0.0011209805231445
0.0011347039858249
0.0011281340715626
0.0011377362619399
0.0011258114080256
0.0011379154629881
0.0011269405619466
0.0011279820599217