0.0010791590158184
0.0010710040605254
0.0010654570429843
0.0010744934441032
0.001082737828592
0.0010806610119969
0.0010690854270435
0.0010685930020788
0.0010794772443269
0.0010862347132827
0.0014595603682034
0.0039561794142017
0.0054558789792779
0.0077277308383397
0.0088862203136669
0.0104963875726745
0.01040662553008
0.0103963207153184
0.0105363902668475
0.0107504404106669
0.0106735819204882
0.010281106673027
0.0077123445905828
0.0069063782527709
0.0057051110270787
0.0060609171825914
0.0059019270169026
0.0059391745003496
0.0058923445704605
0.0057949711451432
0.0057882936997366
0.0058161266114682
0.0057714080294594
0.0058217398562702
0.0051731986328548
0.0041384529316348
0.0029149019778308
0.0033735804344215
0.0049773959825741
0.0061670831913635
0.0067800837337621
0.0067637667052357
0.0067368784058048
0.006833029951726
0.0067883640513757
0.0067281745253362
0.0067672062844242
0.0064952770340229
0.0047165776386561
0.0037217745285744
0.0047103616542046
0.0060260528453022
0.0073174776788174
0.007647584618824
0.0075128810355492
0.0075231172376092
0.0076175218936882
0.0075844313386117
0.0074104151325215
0.0073553450537675