0.0010631504797142
0.0010580220162226
0.0010588174279923
0.0010601460893205
0.0010663638718963
0.0010668687653088
0.0010646045723964
0.0010545661495525
0.0010453512146111
0.0010435943611148
0.0014640130095089
0.0064558334266163
0.0085929908924327
0.0133642343115042
0.0174334408249314
0.01721164578606
0.0177520454897048
0.0175107556140538
0.0178824474935098
0.0180237478645064
0.0175984567816999
0.017267222886021
0.0124237407967634
0.0127190665654494
0.0098918157818496
0.0092809801813844
0.01348891343875
0.0130065981439921
0.0132314594085028
0.0130497108035566
0.0127984204248309
0.0130042910746811
0.0130226583786348
0.0131033568901988
0.0104820279107432
0.0083018110604864
0.0061243737876513
0.0054809207722061
0.0089468343531307
0.0113708268756323
0.0126523713214386
0.012870544470588
0.0131509930738968
0.0128848279882855
0.0128125822000251
0.0131179812447031
0.0131761400166468
0.011904959921168
0.008563590711545
0.0061856451445612
0.007408342179025
0.0097985607280044
0.0112858154421866
0.0112507327069029
0.0116123615652788
0.0114468101704233
0.011344978465167
0.0112085371351833
0.0114341025636337
0.0111470501628203