0.0010446730147192
0.0010392947310747
0.0010429454400925
0.0010386853238053
0.0010370660322533
0.0010329938190809
0.001036392415055
0.0010273490898574
0.0010205293200363
0.0010191555672881
0.0010132509580317
0.0010177183027728
0.0010501174083252
0.0010388715453126
0.0010575770475117
0.0010571009455001
0.0010536968696724
0.0010494575402235
0.0010526966409949
0.0010522114923462
0.001050057429501
0.0010492322001854
0.0010375919289017
0.0010380677211
0.0010492592938807
0.0010489969250032
0.0010510595996442
0.001045059208453
0.0010591998624882
0.001056675729419
0.0010463794363545
0.0010536157021037
0.0010569707191251
0.0010667683219362
0.0010444479388478
0.0010329363671141
0.0010162186489891
0.0010157999746963
0.0010254836610578
0.0010237286050199
0.0010364161477031
0.0010431928621438
0.0010408489128078
0.0010339412345771
0.0010275419572678
0.0010357638209303
0.0010342758689428
0.0010364951966485
0.0010307590572043
0.0010504262769445
0.0010446143620487
0.0010432370512367
0.001061519054864
0.0010536701501923
0.0010722346496357
0.001061674370015
0.0010526353332466
0.0010679304976419
0.0010756023086137
0.0010712874920749