0.0058385603259222
0.0059948178341423
0.0058979996544889
0.005986480680341
0.0058917087701035
0.006039876184494
0.0058962917843906
0.0059536520082088
0.0059947895052854
0.0061581127748748
0.0059428111531293
0.0059640814399097
0.0058112923834301
0.0058636823240861
0.0056546951254791
0.0057258119177197
0.0055253286416073
0.0056012606381038
0.0055667916921855
0.0056067630107924
0.0054862379502972
0.0057578452819907
0.0056752486159859
0.0058012296409963
0.0057192767068996
0.0058645465663043
0.005672956238965
0.0057897577470954
0.0059342148458578
0.0058908325001824
0.0057232318543633
0.0057357709313265
0.0053438744716211
0.005504777769536
0.0054498428044013
0.0056403276231264
0.005474795879116
0.0055277147949427
0.0054779294690123
0.005423043483045
0.0053759548530691
0.0054103397011604
0.0053573486115577
0.0056651116106259
0.0055291375801732
0.00555723266621
0.0053812032134214
0.0055223766780492
0.0055613044506405
0.0056373684416601
0.0054664317469571
0.0054755150737301
0.0053752487729222
0.0054332530839487
0.0053858220384686
0.0054935143326473
0.0054008670888371
0.0056466224114043
0.0055765715481628
0.0057470995379179