0.0060348861492242
0.0061383921446955
0.0058290582202501
0.0058015538894768
0.0057365189373245
0.0058677461618479
0.0057224233680227
0.0057841645143478
0.0056547304977376
0.0057418874101383
0.0060053160463696
0.0091157307219329
0.011250398742092
0.0145213167082293
0.0179003846222972
0.0188791904062388
0.0190214975417353
0.018906585482108
0.0192275609922665
0.0194619658497314
0.0191994743596746
0.0187444645134562
0.0157217734306087
0.0148793272150546
0.0137618438738338
0.0135031339968817
0.0148560837602128
0.0146920778467154
0.014525734913194
0.0143560420992132
0.0141979379823057
0.0142159253690886
0.0138889830663697
0.0140539736718636
0.0126043130220127
0.0104815823420855
0.0076540740782438
0.0081569044148009
0.0100156816860466
0.0122193419240208
0.0132838896308149
0.013787963034983
0.0136281493155686
0.0139595380331557
0.0138084891044694
0.0136418260784487
0.013571522123413
0.0132573372109668
0.010830803916916
0.0100752263251601
0.0105660065288356
0.0127214895773844
0.0136790950294227
0.0143360553442338
0.0144790781270138
0.0145635529043542
0.0144049955160232
0.0147735451824584
0.0145683778457973
0.0148154302710339