0.0011077354709421
0.0011088221436552
0.0011081621856987
0.0010431748250558
0.0027234980486928
0.0125515127773252
0.0135728081889321
0.0218593053470583
0.0275683056027168
0.0309947684869893
0.0329420757608814
0.0329777193017508
0.0331556733116511
0.0328699231089692
0.033248030500513
0.0315073806771719
0.0249133984397374
0.0151121603877508
0.0140273898566446
0.0070235651864358
0.0030994436594333
0.0011087022279428
0.0010623691470584
0.0010654345201404
0.001007182590847
0.0010597758353903
0.0010534440961861
0.0010019183984109
0.0010799523550428
0.0010844241070542
0.0047372470802118
0.0047372470802118
0.0072599925601749
0.0155767338239024
0.0176750388891937
0.0246564842282069
0.0233146297907056
0.025987143001461
0.0266559515917204
0.0243415069053112
0.0267638507509794
0.0246942683505421
0.0209443340493693
0.0197894602965031
0.0136821315153255
0.0099740441803816
0.0029926750836899
0.0011675431141444
0.0011808041006183
0.0011359296972959
0.001126460881311
0.0011193350564082
0.0010544724814339
0.001127076845115
0.0010525849286261
0.0011202109086929
0.0037238734856695
0.0052464619700637
0.011237620937096
0.0112910911164436