0.0059387630268238
0.0060558566208394
0.0061704531335449
0.0060340794494488
0.0060915039333018
0.0060828214977753
0.0061180122080485
0.0060530325917145
0.0057521200056395
0.0060284618682538
0.0062078180484357
0.0061095217172631
0.0061825881166896
0.0060533832152411
0.0060606519225575
0.0056704214037043
0.006056072550649
0.0059537243580365
0.005547027397592
0.0061099759674785
0.0061211778920743
0.0060439665879924
0.0059102184747227
0.0058821840823874
0.0060142628393249
0.0059021159320309
0.0060049899464923
0.006122508122409
0.0061290361631753
0.0059360773985737
0.005984621622535
0.0060546643331989
0.0059052877250233
0.0059491284574858
0.0059103031262936
0.0057761041270306
0.0058575540358139
0.0056989054922524
0.0055842457945953
0.0056373734246574
0.0052917270057857
0.0055745894208407
0.0052372735377312
0.0055827151834018
0.0056238394725447
0.0056785368451987
0.0058096856085708
0.0056968639357459
0.005697262230025
0.0056099351443124
0.0055884356313943
0.0055258632186047
0.0056305639122014
0.0056012715708783
0.0052930064386526
0.0055299340046789
0.0055487485563172
0.0054300268067805
0.0051855065824111
0.0055384135059579