0.0011042929072907
0.0011029254540775
0.0011122606286229
0.0011148382920389
0.0011070234720754
0.0011097305874033
0.0011074686300086
0.0010404476150802
0.0011119170325089
0.0011079933424347
0.0010446888975234
0.001094501779299
0.0010363237569455
0.00108763809468
0.0010936182502315
0.0011027674892996
0.0011001430092074
0.0011059675926766
0.0011199081556443
0.0011141174597195
0.0011148109280939
0.0011199048719607
0.0011176266827204
0.0011189148884442
0.0011165488830574
0.0011174577045407
0.0010472910720771
0.0010993093810158
0.0011016515390251
0.0010970216239437
0.0011046576469544
0.0011013589734379
0.0011126619333697
0.0011123612252451
0.0011094489647592
0.0011070648197025
0.0011039300799856
0.0011087575851393
0.0011141004185524
0.0011142356943731
0.0011153588015252
0.0011103171589826
0.0011153611302801
0.0010493579088741
0.0011095687437822
0.0011093431828713
0.0011186568753976
0.0011193208284197
0.0011211579434408
0.0011113300154514
0.0011141701266274
0.0011142798020022
0.001240540622408
0.0012343319846831
0.0013643846634792
0.0013381787588447
0.0013514504122581
0.0013541299893119
0.0013475547244094
0.0013709834368123