0.0012720674442389
0.0013442538921087
0.0013456723058672
0.0013456723058672
0.0013519952857652
0.0013544734551343
0.0013457046921299
0.0013448627992962
0.0013480020506177
0.0013494200591759
0.0013507637250248
0.0013549019367132
0.0013604934316623
0.0013597927752147
0.0018741360208062
0.0018227367270404
0.0019055464698844
0.0018831415581315
0.0018725883214847
0.0018810618785737
0.0018873382865861
0.0018826556023344
0.0018422611715297
0.0018856354170438
0.0019062599274655
0.0014206929386134
0.001449604811627
0.0013742643126925
0.0014588450008545
0.001378125937656
0.0014894507151349
0.0015135706157472
0.0015197580875136
0.0014342041121064
0.0015836929700163
0.0018303770386893
0.0018651370169503
0.0019752867879178
0.0020244867209759
0.0020244867209759
0.002730246505927
0.0026925994053751
0.0028272291868386
0.0027652257706246
0.0028906081272671
0.0027424009549601
0.002656396096275
0.0025733895158635
0.0026422231406607
0.0026804819530801
0.0026777732112902
0.0026436971659506
0.0021114008897766
0.0021035464110866
0.0022358745094426
0.0021159960650057
0.0022694040119333
0.0022487038177962
0.0023050530022986
0.0021884400216619