0.0992049799709971
0.0965447172058582
0.098705459070816
0.091198332057906
0.0952092191594896
0.0946762698129224
0.0891060301250228
0.0911892531699286
0.0890589890629952
0.0872250329453735
0.0800713774438994
0.0874265238685563
0.0886655907262445
0.0865418515087066
0.0853467615152376
0.0858242502756926
0.0852498133449486
0.0845351948499278
0.0854436293041643
0.0817904931813076
0.0867430900410509
0.0858657130691827
0.0854466336996977
0.0844692743054283
0.0844158969915799
0.0848291332822302
0.0801011886562854
0.0851399096703065
0.084707046915147
0.0847816002694237
0.0857193731535827
0.0863824778027889
0.0844002830348389
0.085817152659997
0.0855191253479354
0.0866877308393001
0.080851481274514
0.0860548426151868
0.0860137115788697
0.0867782342308715
0.0880928052283163
0.0825813860523167
0.0856794181643969
0.0871995457767639
0.0865734544351818
0.0869090903494577
0.0845983316890291
0.0855349220177634
0.0856005564245604
0.0844041433057597
0.0848562365632794
0.0842541865024171
0.0852815706514229
0.0849632252114852
0.0831011218533385
0.0836421155805359
0.0813933822033533
0.0871034070186158
0.0872312870510523
0.0887057516209134