0.0120376309497569
0.0298052131780865
0.0565036094903508
0.08927696767456
0.1193634531986822
0.1303865093294891
0.1653044449750805
0.1839566701957041
0.2107074530085928
0.243044908008036
0.2469854503874901
0.2743938035911632
0.2842879948665714
0.2872486986087965
0.2826294043207098
0.2889540863641984
0.268033433678732
0.2831674465733187
0.2894888629024861
0.2830246939925206
0.2862289307801606
0.2674870735794202
0.2813588561728332
0.2810451236967256
0.2795758573399365
0.2836706905362607
0.2785550938395145
0.2860209406242749
0.2828400333753409
0.2828400333753409
0.2902983862146305
0.2905015678003739
0.295464582977663
0.2972781507129883
0.2993483429799279
0.3001611524972645
0.3026421932362706
0.3011514193897894
0.2952504934316802
0.2977467811286983
0.2803301312834593
0.2932817477364647
0.2905185845525849
0.2892350044712415
0.2853357285040618
0.2881454455875563
0.2871538644318187
0.2834836922801415
0.294319250101511
0.2968831975270145
0.298991535525784
0.3043188352611055
0.3066616183041256
0.3107803893119139
0.3080029963125802
0.2707165817460621
0.2673675407128233
0.237461580682041
0.21975165654165
0.1967683989966102