0.0012409757034652
0.0012560342479471
0.0012644529850881
0.0012799036035875
0.0012948489997457
0.0013173747071741
0.0013453070064627
0.0013453070064627
0.0013647849392615
0.0013745823971741
0.0013830479782902
0.001390271177344
0.0013977860936305
0.0013942870512565
0.0013974254831312
0.0013993420505525
0.00138634442263
0.0013815604145781
0.0013133263550154
0.0014017766822959
0.0013967319602634
0.0014038246656219
0.001399069607951
0.0013951236075791
0.0014109488963532
0.0014059248811757
0.0014117102361917
0.0014418222621492
0.0013716885085917
0.0014374406660666
0.0014501564349981
0.0014578753356486
0.0014582138344167
0.0014607876128703
0.0014469764383162
0.0014639289330077
0.0014737371031023
0.0014712863915428
0.0014684799517907
0.0013793866654482
0.0014715753642481
0.0014732601332341
0.0014798304410301
0.0014831688773918
0.0014874027086636
0.0015089145179706
0.0014987116321616
0.0015043515071148
0.0014410004353071
0.0015035986778605
0.0014954296853945
0.0015125605180233
0.0015040411490125
0.0014978639828058
0.0015101849664625
0.0015043918437136
0.0014727419538593
0.0013897391583726
0.0014511001543631
0.0013524216837447