0.0058266892085547
0.0057858035304533
0.0055067587408798
0.0054362532126763
0.0052958075334275
0.0054999920187273
0.0053856322244935
0.0052883456112565
0.0053096670541227
0.0055607243179767
0.0053455024593884
0.0054765608666799
0.0054018342554772
0.00563269393746
0.0056964598733407
0.0057737679480557
0.0058425965843779
0.005844784997349
0.0060157053613305
0.0058723213958264
0.0058007632731795
0.0058528344968703
0.0057671732007966
0.0058956597113638
0.0056533696582746
0.0056371962407279
0.0056717441923529
0.0052370515441616
0.0057288076596361
0.0056513454880228
0.0056317544066434
0.0056636296733427
0.0055637806858872
0.0054491254225196
0.0053867290842463
0.0054772901287234
0.0055765712246851
0.0054900005930024
0.0054040752432112
0.0053671528953286
0.0052289698700057
0.0052086739023723
0.0050723633340804
0.0050434567163103
0.0051019868048839
0.005034376469083
0.0050838226178347
0.0051559210535727
0.0051494393285635
0.0052995903588335
0.0053125503062431
0.005222422354123
0.0053686718908722
0.0054795537083496
0.0056092267452742
0.0055583694245644
0.0056791159075459
0.0056574955601218
0.005631448397725
0.0053498492598776