0.0011049494456439
0.0010976030249243
0.0011006367922811
0.0010787201910082
0.0010849989049695
0.0010168795859811
0.0010868476525822
0.0010734443877271
0.0010765400302529
0.0010651747825626
0.001075269617887
0.0010811819294272
0.0010842622553356
0.0010871333052831
0.0011006161632623
0.0010930985413348
0.0011000150843763
0.0010974736194432
0.0011065864401126
0.0012701764220495
0.001283208068944
0.0012755204950008
0.0012292966893257
0.0021522161119682
0.0026823633719886
0.0030766090596822
0.0034693818342315
0.0041406523988035
0.0044611913777413
0.0052076945526683
0.005683648553738
0.0059611741906744
0.006495955174251
0.0062842836495535
0.0061368249891233
0.006138066560209
0.0063593266292401
0.0079722028052302
0.0079140953633242
0.0074548298607916
0.0066073111854597
0.006060084142742
0.0059225493333821
0.0052592855117968
0.0051055019276234
0.0047118305654519
0.0042717314844173
0.0036261131097055
0.0015386712547375
0.0011424890011202
0.0011671924109961
0.0011509070764569
0.0011551824085221
0.0011388449701587
0.0011431728033548
0.0011364264860526
0.0011500980048356
0.0010731960608481
0.0011558762813978
0.0010869098722716