0.0010277409999278
0.0010315422764375
0.0010189911218143
0.0010197058854974
0.0010202486659745
0.0010236179324127
0.0010163234780691
0.0010218933542261
0.0010026546658315
0.0010003932891705
0.0009871511513305
0.0009822825142939
0.0009775118678318
0.0009833846251497
0.0009817679405753
0.0009827546855631
0.0009776427667269
0.0009813085528952
0.0009770130648688
0.0009852240418956
0.0009816267365565
0.0009810679193899
0.0009754286222573
0.0009978849628104
0.0009962472167177
0.0010069700574617
0.0010065531676659
0.00100467287083
0.0010053986322761
0.0010088887522603
0.0010089811021613
0.0010174222238543
0.0010234493656922
0.0010200979087276
0.0010150234441027
0.0010110535443553
0.00100473842764
0.0010108551371114
0.0010109735360153
0.0010095008612866
0.0010073715200117
0.0009457745260734
0.0009958310325786
0.0009961919373819
0.0009965124451734
0.0010026287983489
0.001001335053301
0.0010095114195583
0.0010059155668513
0.0010179708664532
0.0010184497895478
0.0010218966695445
0.0010237949786952
0.0009721429708156
0.0010259684474
0.0010408108067766
0.0010422608904976
0.0010466884101997
0.0010416149347894
0.0009808949169118