0.006872132162491
0.006706011088185
0.0065600920436524
0.0065749946821932
0.0063977590100734
0.0059792580698772
0.0057219268377763
0.005366437371134
0.0054626973483367
0.0054154281443714
0.0054636574650363
0.0054543254461312
0.0054304283639533
0.0055001166511894
0.0051650068445239
0.0053786217359856
0.0056349615585163
0.0057521387412231
0.0058992731758137
0.0061671926649643
0.0063339353027252
0.006602966028457
0.0069686160756243
0.0068821065026941
0.0068771271959124
0.0068417196601716
0.006709822635276
0.0067229838377848
0.0065756018110222
0.0063461907732963
0.0062360231088153
0.0060202354460563
0.0056717788302758
0.0054256828629033
0.0056694817796764
0.0055922022315973
0.0056933977945132
0.0056644745503251
0.0057096090939936
0.0056482495703754
0.0057064422433186
0.0056472576317888
0.0052646258280035
0.0057920590027345
0.0057788384020382
0.0058793493231748
0.0061400263941799
0.006176442080378
0.0063137711105331
0.0062259843471622
0.0062257936098111
0.0061345734157365
0.0062783193890384
0.0061463619341033
0.006120682846586
0.0059481464620568
0.0057731225953007
0.0054727495288111
0.0050803476571636
0.0054240522309608