0.001009028335023
0.0010130505932791
0.0010210540142266
0.001009067241626
0.0010083766146589
0.0010044500080473
0.0010108358766681
0.0010036010927963
0.0010030238829483
0.0009935938341517
0.0009898944583732
0.0009825426366261
0.0009884301635282
0.0009863208405983
0.0009938561041505
0.0009860724347888
0.0009871017704
0.0009740852113804
0.0009778420031482
0.0009799593030696
0.0009960575090003
0.0009935907483496
0.0009987984705105
0.0009410672209776
0.0009844180029933
0.0009812096246774
0.0009924432084738
0.0009860672767881
0.0009864061505446
0.0009810007938851
0.0009740078271873
0.0009648785084202
0.0008995076353307
0.0009720777779808
0.0009744718745451
0.0009701852643532
0.0009679438604115
0.0009673998872788
0.0009751995433461
0.0009820668717912
0.0009988367269233
0.0010066583141004
0.0010150648350075
0.0010079124699796
0.0010100160408745
0.0010209077859376
0.0010312117907555
0.0010228911667609
0.001021150193711
0.0010139133810904
0.0010155526699737
0.0010004406042447
0.00099259045497
0.0009838913792789
0.0009800883525364
0.0009748273058996
0.0009719575672879
0.0009626366724785
0.0009703288896143
0.0009674198462613