10.0
10.0
10.0
10.0
10.0
10.0
10.0
10.0
10.0
10.0
10.0
10.0
10.0
10.0
10.0
10.0
10.0
10.0
10.0
10.0
10.0
10.0
10.0
10.0
10.0
10.0
10.0
10.0
10.0
10.0
10.0
10.0
10.0
10.0
10.0
10.0
10.0
10.0
10.0
10.0
10.0
10.0
10.0
10.0
10.0
10.0
10.0
10.0
10.0
10.0
10.0
40.0
40.0
40.0
40.0
40.0
40.0
40.0
40.0
40.0
40.0
40.0
40.0
40.0
40.0
40.0
40.0
40.0
40.0
40.0
40.0
40.0
40.0
40.0
40.0
40.0
40.0
40.0
40.0
40.0
40.0
40.0
40.0
40.0
40.0
40.0
40.0
40.0
40.0
40.0
40.0
40.0
40.0
10.0
30.0
13.0
21.0
29.0
30.0
31.0
27.0
14.0
25.0
19.0
28.0
30.0
27.0
20.0
23.0
19.0
16.0
34.0
24.0
46.0
41.0
25.0
38.0
42.0
35.0
42.0
58.0
35.0
27.0
30.0
39.0
25.0
38.0
33.0
23.0
25.0
40.0
43.0
51.0
61.0
38.0
41.0
31.0
36.0
24.0
26.0
35.0
45.0
34.0
43.0
36.0
42.0
52.0
64.0
30.0
52.0
30.0
56.0
40.0
12.0
12.0
12.0
12.0
16.0
16.0
15.0
17.0
8.0
7.0
29.0
17.0
25.0
8.0
6.0
27.0
35.0
12.0
11.0
13.0
21.0
25.0
27.0
20.0
20.0
33.0
45.0
33.0
23.0
25.0
37.0
22.0
41.0
18.0
39.0
37.0
38.0
27.0
34.0
21.0
38.0
36.0
56.0
42.0
24.0
31.0
43.0
15.0
23.0
27.0
21.0
22.0
62.0
11.0
28.0
32.0
38.0
30.0
28.0
21.0
26.0
16.0
13.0
6.0
22.0
14.0
2.0
7.0
4.0
30.0
11.0
27.0
29.0
24.0
13.0
50.0
72.0
52.0
52.0
61.0
27.0
13.0
65.0
18.0
16.0
22.0
21.0
26.0
45.0
36.0
35.0
34.0
41.0
34.0
30.0
36.0
11.0
47.0
54.0
47.0
20.0
51.0
34.0
47.0
34.0
49.0
45.0
29.0
58.0
58.0
55.0
22.0
63.0
39.0
24.0
26.0
17.0
13.0
9.0
14.0
14.0
8.0
15.0
16.0
14.0
46.0
7.0
18.0
12.0
17.0
7.0
34.0
14.0
25.0
44.0
28.0
66.0
47.0