0.0003244421647877
0.0003524133202197
0.0003349660900807
0.0003196952707925
0.0003583458437638
0.0003537070719918
0.000331513376185
0.0003558196757071
0.0003368736068941
0.0003410984799985
0.0003565784347953
0.0003541421096315
0.0003275097370368
0.0003536386645819
0.0003492739236799
0.0003344097176034
0.0003485293021404
0.0003417529679948
0.0003308197482849
0.0003440744923525
0.0003284646075594
0.00031173164756
0.0003355577899543
0.0003389583150744
0.0003110678903021
0.0003395700736463
0.0003190368793542
0.0003167433840345
0.0003383051337936
0.000321650122155
0.0003292964172255
0.0003419910387184
0.0003412898936648
0.0003214763223133
0.0003398418425685
0.0003405066014403
0.0003188859475369
0.0003392536721718
0.0003289245724151
0.0003125769265663
0.0003310302115353
0.0003160153979814
0.0003164589567841
0.0003352275053928
0.0003354948894699
0.0003179806004534
0.0003451868687797
0.0003411761712801
0.0003193796683881
0.0003457229784565
0.0003456435373661
0.000327811651088
0.0003451781057587
0.0003399961010126
0.0003282288052975
0.000343585147064
0.0003409567680222
0.0003147510562875
0.0003437415967533
0.0003414682492367