0.0010801544573714
0.0010791230298036
0.0010710827638572
0.0010658326643025
0.0010543813639678
0.0010494691830164
0.0010430377062631
0.001044983318157
0.0010283903533871
0.001025536984857
0.0010228738427798
0.0010319390427207
0.0010245763587742
0.0010356266476986
0.0010243237472296
0.001030655751378
0.0010269793399216
0.0010253324365734
0.0010138158008502
0.0010233655193867
0.0010219515737181
0.0010196704608501
0.0010186932408701
0.0010226259151338
0.0010195176912112
0.0010270138738903
0.0010257924658906
0.0010377308320034
0.0010454482920573
0.0010564247486155
0.0010552903331274
0.00105937987535
0.0010760329325954
0.0010699867671782
0.0010780885206443
0.001085156357514
0.0010909101152275
0.0010906253959061
0.0010788486260066
0.0010694514313811
0.0010634950329337
0.0010623114616729
0.0010566803827751
0.00104246591157
0.001045747766616
0.0010488110129661
0.001038698829979
0.0010425297171271
0.0010471193341207
0.0010640770949317
0.0010828486585048
0.0011002923108753
0.0010997657184011
0.0011140150443123
0.0011167183828801
0.001125034011403
0.0011179819250048
0.0011223402097146
0.0011187684722802
0.0011143867360813