0.0060033644008028
0.0057668233740567
0.0057676759071568
0.0055418659851234
0.0054879025110515
0.005276063400629
0.0053575723209378
0.0052188827951665
0.0054157092445872
0.0051578561922233
0.0053753793047019
0.0051378553728724
0.0054064943233506
0.0053405125203309
0.0056031073185163
0.0055276751441911
0.0057579134417682
0.0056319266324151
0.0057275187764602
0.0055193740105066
0.0058242134147455
0.0057440616464035
0.0059233229433665
0.0058706500120194
0.0058682105989765
0.0056081003882418
0.0057071069841154
0.0056295089595478
0.0056680907733431
0.0055362151323266
0.0058362443412224
0.0055455453241023
0.0055896496447111
0.0055859329044616
0.0055930086752213
0.0056248256716741
0.0059517187699258
0.0058434395894799
0.0058783793933207
0.0057073389314059
0.0058388678355546
0.0055845412679425
0.005694070732474
0.0054993460080204
0.0055732512461708
0.0053973094760271
0.0053053046236714
0.0050393535942168
0.0051255092097553
0.0050905921969847
0.0053676926829268
0.0052358286366413
0.0053724081308927
0.0053831592778961
0.0056538660660769
0.0055700335410119
0.0058763413593416
0.0059752135294548
0.0061280865755025
0.0061666816277037