0.0058708631759501
0.0058306112093417
0.0055793653944298
0.0056273611948529
0.0055119329652412
0.0056797535883871
0.0055704959869848
0.0058219200495365
0.0058490034019928
0.0060658227994645
0.0060123168338784
0.0061511328075826
0.006210647683661
0.0064516243160547
0.0063138957272084
0.0062578112810263
0.0060507364987378
0.0061490948035394
0.0059616252318097
0.0059755189855557
0.0057852852837305
0.005679659911438
0.0054285503495383
0.0054826784930372
0.0053749881743314
0.0055427660130957
0.0055468613370802
0.0056961822861299
0.0055991758975019
0.0057664889384609
0.0057406246217433
0.0058342898577396
0.0059504140404059
0.0061447008477997
0.006061524190888
0.0062011773980413
0.0061659707883515
0.0061018636250089
0.0059953979792913
0.0060526650286062
0.0058858855593195
0.0060018306360354
0.0059062702240926
0.0059066654359608
0.0058244567801437
0.0058700891613464
0.0057498971642823
0.0058224938240754
0.0058668473632132
0.0060596068026211
0.0060298734825806
0.0060349906942929
0.0057862521723223
0.0059577647505285
0.0060103962804266
0.0060730276512628
0.0060588041720509
0.0060436790449967
0.0060063595663521
0.0060899665905144