0.0014610468575479
0.0014524282825414
0.0014417616101895
0.001433868796699
0.0013042939855623
0.0013082973650722
0.0013119206636277
0.0013249007378681
0.0013044831045888
0.0026748956720713
0.0026879915569858
0.0026822521076021
0.002682074934037
0.0026671494316557
0.0026660605595876
0.0026702740082845
0.0027067916629409
0.0026904421717127
0.0027158465507288
0.0027281215286671
0.0013495869945656
0.0013592515170122
0.0013745486403292
0.0013769837840839
0.0015084808748186
0.0016498263222901
0.0017981152519846
0.0018366064397791
0.0018661122887636
0.0018714718621973
0.0018745225309868
0.0018685987247141
0.001871804337473
0.0018636748181818
0.0018556488032081
0.0024335626648837
0.0023105209768429
0.0021726073938791
0.0020950202600158
0.0020707794330264
0.0020673459296009
0.0020681590567166
0.0020732559223443
0.002063699443247
0.0020622784835541
0.0020826880041634
0.0013662184176676
0.0013492031740783
0.0013699691539786
0.0013445333759123
0.0013642154355723
0.0013579900661035
0.0013675180679849
0.0013638320219741
0.0013553125951432
0.0013627024405223
0.0013563961360456
0.0013634508388077
0.0013757803476459
0.0013611429460314