0.0059038043315907
0.0060776198241581
0.0058187861204889
0.0058845507970893
0.0056797086754537
0.0058905309034153
0.0057323894237011
0.0059403538287997
0.0057568413523118
0.0060400717253244
0.0059083706010989
0.0060083539818161
0.005811910848569
0.0060496134811659
0.00588536497169
0.0060281809762475
0.0058847709984583
0.0058476769158421
0.0056073151651762
0.0057734775533408
0.0054801583436584
0.0055945293626748
0.0055315436387476
0.0056565156583434
0.0053872084197241
0.0055391095378813
0.0055068358447987
0.0056789727455413
0.0055707704867641
0.0057473007105203
0.0055751440128553
0.0056710779904219
0.0055097417057338
0.0055725562509176
0.0055435084748835
0.005827247342259
0.0057131630401023
0.0057258928493369
0.0055000639669943
0.0055081258114373
0.005339338215128
0.0053852485219938
0.00529103960217
0.0054780773440082
0.0055265709013279
0.005634928752716
0.0054767730002754
0.0056146589780643
0.0055749168231968
0.005703811940353
0.0057857147982394
0.0060045441409595
0.0059903758637077
0.0061385638911937
0.0060432610682557
0.0060006014939377
0.0057431162642717
0.005851073993808
0.0056138619079503
0.0056780058984886