0.0059435163198877
0.0060433627005324
0.0058203785961713
0.006030227293599
0.0059012766295417
0.0060683017348762
0.005945666133343
0.0060548858695651
0.0058938402539774
0.0061177839348711
0.0058841754319106
0.0059188060510733
0.005630245653872
0.0057072786260926
0.0054262834694823
0.0054532683139966
0.0053049662287883
0.0055236367930369
0.0054262070740351
0.0055326469768124
0.0053871042211981
0.0056050635964522
0.0055792173221023
0.0057914095594954
0.0057001636653415
0.0058705682457915
0.0057935486873852
0.0059733423518112
0.005867158588997
0.0059962260801911
0.0059014381043096
0.0059671760963579
0.0057675180321188
0.0057124027854132
0.005665256058469
0.0058349328375469
0.0057016274194132
0.0058222337843467
0.0056296513304472
0.0056559205015651
0.0056131408666192
0.005690745511348
0.0055932723268585
0.0057150456937236
0.0058053686241823
0.0059311407712945
0.0057240739509686
0.0058290139956092
0.0057188155376891
0.0058414326229713
0.005758910828487
0.0058655075251761
0.0058053383556855
0.0060746338291298
0.0060287280354398
0.0060954538337723
0.0059120316247056
0.0060842797147675
0.0059643560372086
0.0059867248410872