0.0061191296935771
0.0059661944012729
0.0059968528809053
0.0058602553107079
0.0060332382842809
0.005848568600556
0.0058103957436806
0.0057844136339876
0.0057602165560212
0.0056674920658161
0.0057341963812966
0.0055628091056495
0.005706956765541
0.0056259498859017
0.0057132259417251
0.0056231661765239
0.0057205687999857
0.0057058350084217
0.0058088249177825
0.0057190245227685
0.0059137143091088
0.0058254794477795
0.0060067292326275
0.0059290923214709
0.0061230362545595
0.006042992568217
0.0060594720109408
0.0060788015441083
0.006154576817446
0.0060269089489273
0.0061026056783494
0.0058788747677172
0.0060161566565181
0.0060229588125215
0.0061617886174447
0.0060530537243151
0.0060825073242187
0.0060632113550313
0.0060840855970914
0.005876033005908
0.0058612174567067
0.0057633600371172
0.0058931163372124
0.005817417970585
0.0057436644730878
0.0055653483859333
0.0056036656213683
0.005558195235307
0.0055697332956931
0.0055096920613336
0.0057487829322837
0.0057001881310567
0.0057958817805234
0.0056301032570659
0.0057078051189941
0.0056904177650637
0.005875193445273
0.0058374128746244
0.0060341240213301
0.0060350593245173