0.0070397612203731
0.0070525258945818
0.0070572773505928
0.0070819204614675
0.0070729028722739
0.0070842447758113
0.0070788810966067
0.0071352448324303
0.0071481603590265
0.0071734922803711
0.0071453233432989
0.0071566481403674
0.0071494466620153
0.0071363369219968
0.0071405158927332
0.0071386292611848
0.0071278698171609
0.0067458216996662
0.0070980968760265
0.0071056541749202
0.0070573895721335
0.0070672038964313
0.0070461019753626
0.0070645876264269
0.007068654967293
0.0066812583203089
0.0071006890217152
0.0070984278576919
0.0071257437156217
0.0071060823046747
0.0070942810967795
0.0071204701087951
0.0071384827161853
0.0071245470009761
0.007122300712512
0.007131293386547
0.0071550076116283
0.0070976524383699
0.0071014654364644
0.0070977061814606
0.0071187775640432
0.0071350061451061
0.0071017279238637
0.0070897755519655
0.0070841757014112
0.0070761634322253
0.0070942263673954
0.0070902061179632
0.0070927595646497
0.0071049351699138
0.0071149000128943
0.0071344334546035
0.0071155505647958
0.007135887359659
0.0071734317277143
0.0072023252604119
0.0067967555063439
0.0071655396233889
0.0071662239172781
0.0071809176538468