0.0228972774088857
0.0224647453149284
0.017663517715191
0.0150722361208708
0.0098853160452018
0.0043844217289149
0.0043412721362969
0.0011682764255401
0.0011472199786293
0.001143638969999
0.0011491051288263
0.0011037755841488
0.0011693853038227
0.0011400197237548
0.0011594951800008
0.00116653520281
0.0011542760670909
0.0027345882384925
0.0084379369357837
0.0138273511723164
0.0150677203811637
0.0206320056901857
0.0218045974753247
0.0216320485798876
0.0199644187100354
0.0219361560012619
0.0216654249647555
0.0212556605614852
0.0186522479347224
0.0145785740417144
0.0116964117355374
0.0037107023594162
0.0034940245067968
0.0010469558614014
0.0011561006869993
0.001152102781005
0.0011686467462454
0.0011588748059186
0.0011493529760791
0.0011427313632064
0.0011466204059464
0.0011573784787632
0.0011335490098276
0.0041189378234579
0.007681380079783
0.012915623582355
0.0158242079621117
0.0201337605177401
0.0236795739802039
0.0232096896986069
0.0231940544382743
0.0231989914786508
0.0234330729681601
0.0231968562749409
0.0202423090683771
0.0168071606649701
0.0117809815382909
0.0086669402058888
0.0046620331090824
0.0011970554526323