0.0011124303332363
0.0011161835833423
0.0011066677929965
0.0011144793319491
0.0010809683916741
0.0010933017569417
0.0010130182566821
0.0010908060072103
0.0010794791639696
0.0010779525133579
0.0010731156677757
0.0010816577351601
0.001079594351943
0.0010740733001784
0.0010818715032731
0.0010736126915776
0.0010783190786842
0.0010233063482004
0.0010807986548891
0.001090104310974
0.0011601404071622
0.0011688910624319
0.001191990859265
0.0011998786527618
0.0012072649630365
0.0012121731987834
0.0012049537784034
0.0011337076507999
0.0011956519852387
0.0011997093163741
0.001210031838674
0.0011206056012521
0.0010500895490652
0.0011112264894672
0.0011258678731582
0.0011341142878128
0.0011234029788466
0.0011171334150158
0.0011321766402702
0.0011226903238965
0.0011293227262824
0.0011369991205957
0.0011384787318265
0.0011236933109337
0.001126672358591
0.0011141936682546
0.0011024526323482
0.001095418187522
0.0010914653507071
0.0010973157418031
0.0011088179732997
0.0011141090282815
0.0011167680205104
0.0011182258653091
0.0011235925830878
0.0011221865227574
0.0011148915702
0.0011211028200735
0.0011306165682592
0.0011316388411261