0.0010440813329472
0.0010468405514481
0.0010436702123764
0.0010386326115564
0.0010389608428681
0.0010340947035224
0.0010261842988264
0.0010178192409058
0.0010217283696292
0.0010185790172642
0.0010238670091706
0.0010242049684889
0.0010159513421837
0.0010259543223719
0.0010259543223719
0.0010343177800504
0.0009667773436126
0.0010297186671299
0.0010328600643886
0.0009768868379292
0.0010262984513552
0.0010200678603341
0.0009602055446361
0.0010089343886045
0.0010185182947538
0.0009426969403152
0.0010024276641432
0.0009968759177554
0.0009993117291414
0.0009908678418086
0.0009909721370143
0.0009937480713638
0.00099808005465
0.0009451149449132
0.0010011392569357
0.0009873567234292
0.0009833071516623
0.0009810158112115
0.0009846851620259
0.0009305894214001
0.0009841400607993
0.0009775365045831
0.0009798175179789
0.0009022880865047
0.0009708501195264
0.0009631485761077
0.0009688357786976
0.0009705298821246
0.0009704374132262
0.0009702749707287
0.0009720631884369
0.0009179841445387
0.0009791407875868
0.0009814470646256
0.000995303958095
0.0009894602814724
0.0009950339765172
0.0009935952911929
0.0009964664812239
0.0009883287393813