0.0067698306828681
0.0073000684461094
0.0080774888293301
0.0090629287541535
0.0099613544449706
0.0117983342908426
0.0171263297906733
0.0277517590486988
0.0425701565718161
0.0734059345042494
0.1020403755861807
0.1303594027451136
0.1515806922071631
0.1818869005019192
0.2111337964842476
0.234702872389534
0.2636630622857768
0.2872767623021903
0.3031422765411288
0.3130915853230742
0.3111543998004401
0.3137175371032371
0.3108439345180746
0.3132393516749316
0.3174962682098055
0.3186575759367797
0.3187077867508617
0.315299860473028
0.3174055347738919
0.3158700786730563
0.3155224875849911
0.3224551098116202
0.320518149398514
0.3242306081943402
0.3255918114833974
0.3226556685198991
0.3213180673667373
0.3260124967406667
0.328187071435091
0.3303775987442531
0.3346471934260379
0.3336413687586858
0.3314472218288988
0.3328360458425657
0.3308000624005576
0.333663052918262
0.3308933305896662
0.3315570886207811
0.3286393925619817
0.3289058505000465
0.3250915945016552
0.321941229329202
0.320775989844644
0.3217230607013971
0.3186876667564305
0.3171581594406176
0.3146110780632961
0.3167767708558844
0.3174441955256081
0.3216489764441854