0.0027704795617659
0.0045734190017275
0.0068332720092368
0.0103063830716323
0.013740161754017
0.017942144371338
0.0226139045693483
0.0292876993831143
0.0358893357088176
0.0462402344327016
0.0558879834458714
0.0649764183357363
0.0737051475540583
0.0822169259372732
0.0918903777917343
0.1023949504923452
0.1106975338459238
0.1182684309820747
0.1259489757348829
0.1320184876300916
0.1369522884110864
0.1430893144749117
0.1484624145391127
0.1529941236040317
0.1582192579575861
0.1632971735345959
0.1686344135314873
0.1733410040975518
0.1787727819798579
0.1843514881703309
0.1899723286919206
0.1957563357709048
0.2015365831068518
0.2068899862046483
0.2141585341292926
0.2183512989510161
0.2263298847763288
0.2329636352010083
0.2426458009202679
0.2490880443062918
0.2557977238893001
0.2621078057788101
0.2663082249601256
0.2708160453127832
0.2764030268053001
0.2811328738391355
0.2842991798180028
0.2876704621902347
0.2923412374573907
0.2925753360513178
0.2936800469998529
0.2921919237757865
0.2931523458880303
0.2953718601965799
0.2947522385484407
0.2935054041682789
0.2922469705023422
0.2912602228206302
0.2897088494986228
0.2859953613977762