0.0053994367999709
0.005385193901673
0.0050967433337761
0.00532353353902
0.0050282424580796
0.0047118326828557
0.0050255703565764
0.0051826703315318
0.0051582741771919
0.0054442179841026
0.0054664298650965
0.0057999446610957
0.0056481726264919
0.0063176156382382
0.0066694057291667
0.0072870479863358
0.0074998582478528
0.0074650204060756
0.0074181355363459
0.007532998569825
0.0073379593086851
0.0072810041524969
0.0071754194137855
0.0068420073178492
0.0066916488482385
0.0064503304836554
0.0057893528059362
0.0057544686013878
0.0056136707106031
0.0054644736139558
0.0056742530261614
0.0057795603763722
0.00569713732253
0.0055106688011191
0.0055705505400958
0.0055871436454061
0.005453340363136
0.0056099445611707
0.0053332127959009
0.005597257470719
0.005388532079893
0.0053624545811029
0.0052745359944192
0.0053105467596804
0.005029036693688
0.0052555486489491
0.005158898569382
0.0052418981810883
0.0050352897375486
0.0050130616070111
0.0049591641486387
0.0051997559279566
0.005062065020694
0.0050200088387084
0.00511284684931
0.0050199053247922
0.004769529940801
0.0051459319024286
0.0050649091305728
0.0053422157009491