0.0062116525572868
0.0061492245515997
0.0059565135264015
0.0059494855483521
0.0059652971273534
0.0060837283164196
0.0058259816416432
0.0059272876655777
0.0054484160743686
0.0059376904453011
0.0057143497661942
0.0057114329052909
0.0057636807743197
0.0059112430569412
0.0057907750363109
0.0058822549225423
0.0057655563248204
0.0057781733352646
0.0057509957582569
0.005785818025957
0.0054802917686226
0.0055919693691743
0.0055518841544844
0.0054297953967933
0.0052722571683608
0.0053520480384308
0.00532094739819
0.0052471154754598
0.0052877987671073
0.005186714981528
0.0050305468565305
0.0050321498007376
0.0047259282364239
0.0050974012762279
0.0051001013940554
0.0053256778512456
0.0052135894246553
0.0050080428581903
0.0048152609282978
0.0050872846611953
0.005042353135013
0.0050249939189922
0.0051122992191153
0.0052728354667557
0.0051697154248189
0.00512655788
0.0051242253584797
0.0052774014942697
0.0053139292473195
0.0050004218265221
0.0054410031467705
0.0054050384374512
0.005529462882606
0.0055533284041448
0.0053920241323456
0.0052050241546183
0.0054398132245255
0.0054094437721394
0.0052507644324045
0.005060912468878