0.0010927022640208
0.0010782055854154
0.0010770507591167
0.001068395548656
0.0010639352918929
0.0010546998877543
0.0010505445046511
0.0010449933965458
0.0010457275792541
0.000980408030334
0.0010410762271336
0.0010347468178754
0.0010462657642127
0.0010423593701134
0.0010540478720451
0.0009890936574521
0.0010625331244176
0.0010611760377771
0.001002836132368
0.0010606241045779
0.0010740508374963
0.0010202034614934
0.0010806419369987
0.0010848432923205
0.001026655225903
0.0010978439016411
0.0011054207405211
0.0010964281267875
0.00109556800551
0.0011022962949314
0.0010444649878762
0.0010939993298679
0.0010969317534149
0.001094628298652
0.0010906668595402
0.0010832933100488
0.001074821628767
0.0010552843514583
0.0010702438218627
0.0010587900317941
0.0010627068843922
0.0010672249884398
0.0010798702216183
0.0010768339633077
0.001084251211034
0.0010199237627248
0.0011476000546749
0.0011729465251314
0.0011926863045278
0.0011961617828389
0.0011446998415867
0.0012143699077768
0.0012243012715297
0.001206173317386
0.0012144558191003
0.00121401830849
0.0011753094477491
0.0011743676215203
0.0011060735268854
0.0011505667456555