0.0061342820019426
0.0061342820019426
0.006071840685295
0.0059018582214302
0.0059991102541365
0.0059873800919004
0.0060082220909193
0.0059149271312537
0.0062498608806051
0.0061481698446842
0.0062041543015356
0.0060734086973844
0.0060339377960676
0.0059645174140292
0.0060921952450621
0.0058500578164315
0.0058201217860975
0.0057342166022455
0.005905047816314
0.0056398453004169
0.0056363292931847
0.0055349026432917
0.0057057055864786
0.0056600056976426
0.0057083768790478
0.0056398317101814
0.0058298986435637
0.0057305699416183
0.0058793526820093
0.0057731585300138
0.0058770852444981
0.0057912980159239
0.0055339254929949
0.0059070820547273
0.0060140053487569
0.0059093582827726
0.0056007196625219
0.0059820233205299
0.0061498059543572
0.0059888323253732
0.0056958820367278
0.0059699219981669
0.0057171678857976
0.0058995420662794
0.0058693482719203
0.0057801430418239
0.0059422583627562
0.0057854425896064
0.0058866336135868
0.0058908629688396
0.0059133657589647
0.0058688316447549
0.0055748076254373
0.0059655184029446
0.0059162097790075
0.006053498483834
0.0061384564079257
0.0059660469369204
0.0057572893782057
0.0060131223276732