0.0058923289363947
0.0054761906442902
0.0059568692559267
0.0060210591460961
0.006067681585887
0.0062473454502257
0.006215132227968
0.0063675963905885
0.0062443982882415
0.0064201103114416
0.0059809108162277
0.0060856553020088
0.0058007978478801
0.0057604005551675
0.0055629667046256
0.0055150461815929
0.0053021335906624
0.0054716228025101
0.0051987327394209
0.0048567318255182
0.0052145766750008
0.0055293832459954
0.0055440669644373
0.0056315620977353
0.0055826304926038
0.0053918006100139
0.0057676223607918
0.0060082359742262
0.0055177631278759
0.0057731710246084
0.0055605448419818
0.005488664081694
0.0053112883248546
0.0054360883122035
0.0053878240107163
0.0054211100131633
0.0052116840705024
0.0049325352165988
0.0050482101532914
0.0051781276144004
0.0048571346990189
0.0052013666461931
0.0052966386350235
0.005251150725266
0.0051180060753562
0.004831558084485
0.0051974937421326
0.005420547635441
0.0052752554346818
0.0052043708713271
0.0050578794815849
0.0052865774760382
0.0051777676503103
0.0048010839142709
0.0052955167602363
0.0052612089246671
0.0053093573520796
0.0054035146512657
0.0054105074712114
0.0050969966277033