0.0057347478174293
0.006157870825388
0.0062387474581231
0.0063178774975695
0.0062924015971818
0.0060596233535187
0.006151710872816
0.0059137829171085
0.0056281391749982
0.0055431782436051
0.0055298711898906
0.0052700682682721
0.005282427192414
0.0047799952971307
0.0050931438199344
0.005090121738837
0.0052609888700085
0.0049716939330942
0.0053823097303548
0.0054085452907717
0.0054017916121688
0.0056553793241568
0.0057544626207738
0.0057450911753674
0.0057684359492103
0.005725856712347
0.0058274198863739
0.0055160764292266
0.0054499046217087
0.005368002202455
0.0053647016907322
0.005248925961377
0.0051779925164043
0.0051454548704201
0.0051252479024411
0.0049331672920289
0.0049867716171618
0.0046457918459521
0.0049639163354715
0.0048803418905905
0.0049471094736468
0.0049447020010522
0.0050772114589377
0.0050699829140441
0.0051027442981045
0.0050082795594169
0.0052215125298631
0.0053015160705544
0.005386258872384
0.005386258872384
0.0055401814315577
0.0055374284001401
0.0056711905843676
0.0055999536924156
0.0052814340535874
0.005506862079133
0.0055786480291921
0.0054583274412628
0.0054210592739392
0.0054341860497819