0.0059599173362291
0.0059189264926876
0.0056461550856662
0.0059991109472035
0.0060643762551354
0.0058441572969903
0.0059514487939237
0.0059212548099652
0.0058885136437876
0.0058628358897814
0.0061634019981142
0.0064309103071618
0.0067738072686016
0.006304005676312
0.0071280483436474
0.0075880377672125
0.0079049575737023
0.0080251912562235
0.0080797136938509
0.0078857402221448
0.0079473960674157
0.0076735140131198
0.0077483650713475
0.0074076308899569
0.0069000596677297
0.0067179443847349
0.0060950147712796
0.0058816838603546
0.0058816838603546
0.0059162312839816
0.0058657613678235
0.0058226614178515
0.0057301119623407
0.0058361775290285
0.0057469231738958
0.005724612382065
0.005982102427729
0.0062668536218704
0.0064974693229122
0.0068132269465607
0.0069393915625052
0.0067520094503161
0.0077508383563144
0.0075612881047587
0.0076016168158089
0.0075700751348432
0.0073913427952801
0.0072221869673358
0.0068756074078116
0.0063873828257888
0.0062235241290507
0.0060144049212085
0.0052486207523607
0.005211457678986
0.0052685272505206
0.0052767640559915
0.0054194860843657
0.0053343944929016
0.0053862864017435
0.0054772176478738