0.0954469677443262
0.0962717228498393
0.0974828261533072
0.0972930659960693
0.0981674464153034
0.0960021737902862
0.0959745748265203
0.0926154848046878
0.0909134792361265
0.0893505065660604
0.0881020205440228
0.0862954875475193
0.0864221549720831
0.0853379534606415
0.0855521807847268
0.0851044361020103
0.0855164282312261
0.0860387086304426
0.0875936602962514
0.0885784217133718
0.090341756291195
0.0889897415591262
0.0907801951143695
0.0890087961295488
0.089245053085013
0.0892698127206574
0.0880090731202501
0.0881476931017674
0.0868401283864649
0.0869491750678627
0.0865838052929692
0.0863535130520635
0.087986410761983
0.0891932802682405
0.0898572833527066
0.0899080594555704
0.0899409156573932
0.0889338934001831
0.0878046138564339
0.0881436100030488
0.086894300495211
0.0878599042362978
0.0890837419165908
0.0885965463532547
0.0875974648229189
0.0861021787588372
0.0846570876568187
0.0841438694361981
0.0858517773934573
0.085485187238049
0.084887148148147
0.0878074313859342
0.0879075131209075
0.0869940769651761
0.0859055209698679
0.0856386935594554
0.0858822847059732
0.0860961692210438
0.0865145802121705
0.0859677965413081