0.0018348018500225
0.0017944404619532
0.0018199583923321
0.001880657171594
0.0018822172054931
0.0018895407913669
0.0018661684843786
0.0018574947912872
0.0018598515787757
0.0018747890893237
0.0018868767949297
0.00186579105878
0.0019181847730437
0.0019333827257164
0.0019021898452287
0.001900411632043
0.0019264695510472
0.0019768405596192
0.0019869174555571
0.0020085551011661
0.0019918090411663
0.0020026282216258
0.0020563725465136
0.0020466785288485
0.0020444363295881
0.0020382689845455
0.0021014281991372
0.002061195709814
0.0020514351913551
0.0020774182394599
0.0020898725264031
0.0020950802161263
0.0020508247103823
0.0020452508897761
0.0020702838519611
0.0020933122067837
0.0020565688644688
0.0020131260069154
0.00205158541552
0.0020546525229976
0.0020661936937759
0.0020405734129177
0.0020299260614001
0.0020794345604752
0.0021254710624818
0.0021075034272792
0.0020320396829744
0.0021266105181969
0.0020864888303439
0.0020879056664348
0.0021111874540915
0.0021028420756192
0.0021328659277281
0.0021359229008467
0.0020848611824252
0.0020331443591456
0.0020324787968987
0.0020679367046889
0.0020045188412665
0.0020387859929204