0.0010139793260592
0.0010188969105515
0.0010223398613107
0.0010266893972012
0.0010256441841095
0.0010264991878625
0.0010218540293687
0.001008096819749
0.0010137035255246
0.0010201017591189
0.0010211783138337
0.0010205136112215
0.0010155605069501
0.0010089802344998
0.0010003581687127
0.0010143015375018
0.0010159567718545
0.0010160846388162
0.0010172174548111
0.0010146095330418
0.0010099083853702
0.0010120771274711
0.0010049680710169
0.0010134792771733
0.001018818487667
0.0010333804110669
0.0010232201010667
0.0010251108479478
0.0010229333902182
0.0010287080599895
0.0010310083809039
0.0010313589526722
0.0010294960752947
0.0010291336160803
0.0010263874251711
0.0010356879799665
0.0010255641756884
0.0010276991170019
0.0010158755660239
0.0010197573329001
0.0010135618965926
0.0010207132896186
0.0010223238974586
0.0010151177011577
0.0010190744033522
0.0010193887376596
0.0010033258828706
0.0010045951440391
0.0010007100943379
0.0010129182763744
0.0010136121735932
0.0010103229193108
0.0010122933749812
0.001013714922813
0.001022509840726
0.0010233863447281
0.0010194186707559
0.0010213737927292
0.001019161253883
0.0010224671846915