0.0055275809251672
0.0056133680680985
0.0055853821206043
0.0056918905283968
0.0054488700601572
0.0054380961616535
0.0055328608874266
0.0055980251775219
0.0057346651216064
0.0056703620182351
0.0056582084670695
0.0055500285011653
0.0053717792337961
0.0053520284667826
0.005395276776035
0.0054257842406981
0.0052146448995996
0.0053318996699188
0.005363302098052
0.0053127197870026
0.0054612523265234
0.005297797151365
0.0054497860952897
0.0056593974066556
0.0058380744235767
0.0058142253214896
0.0061618887777554
0.0062722345274553
0.0062027209214976
0.0061018131129845
0.0060389750374894
0.0061139626599032
0.0062893103931031
0.0062342799015112
0.0060202042515727
0.0058674425599195
0.0058946748097138
0.0057792436014708
0.0058212888979532
0.005879112798745
0.0060258275283108
0.0060756802346836
0.0060513842308647
0.005908477894008
0.00592749638634
0.0060665768103355
0.0061346105211566
0.0061160867569261
0.0059981468130154
0.0060017083132163
0.0060332860927867
0.0057660719458321
0.0058613566104003
0.0057918850081507
0.0058672371102578
0.0058863114191821
0.0058363859700135
0.0058104183338921
0.0058465901220241
0.0057927610271314