0.0010610636922083
0.0010514307041282
0.0010474291292896
0.001046205400469
0.0010418496043646
0.0010474153142058
0.0010411861317213
0.0010456793340505
0.0010453305104939
0.0010486878297319
0.0010498355476824
0.0010499922077443
0.0010510022502654
0.0010512639709636
0.0010536467712514
0.0010574626233365
0.0010538099778431
0.0010557650879369
0.0010460630643803
0.0010484637925969
0.0010460445489812
0.0010350140749472
0.0010326589757608
0.0010344421104863
0.0010301388302382
0.0010298694831933
0.0010334582099707
0.0010384717659136
0.0010462807851277
0.0010462776674715
0.0010423903557481
0.0010485654173826
0.001050382772857
0.001058418472764
0.001047025767005
0.0010474556928179
0.0010551210868607
0.0010502127272395
0.0010433581478409
0.0010390651012705
0.0010475235862069
0.0010534296597444
0.0010468620823191
0.0010446733514067
0.0010378129489927
0.0010476124856418
0.0010468360652704
0.0010389031779194
0.0010422870944593
0.001045365565606
0.0010427283946119
0.0010446552918539
0.0010390131413141
0.0010430732835418
0.0010450182252709
0.0010501336589861
0.0010543624984149
0.0010605824395564
0.0010641889628124
0.0010611487891116