0.0200924663654068
0.0269337439567539
0.0342429672293021
0.0370441744618361
0.0357034564805211
0.0351973452078926
0.035528300764716
0.0362786914621066
0.0336874045367245
0.0305982895843564
0.0229590897215546
0.0175475660508509
0.0100277676568846
0.0038819641050651
0.0010868698246322
0.0011048549058645
0.0010852128818944
0.00108145941881
0.0010862766381561
0.0010811562864011
0.0010799310563857
0.0010764632541066
0.0010746431635921
0.0038525096139602
0.0092265976423173
0.0131861538160039
0.0197170796559813
0.0222751354768193
0.0249193361262945
0.027942359105694
0.0275610596533875
0.0277296333012509
0.0270843500063214
0.0272981349554702
0.0240871457244291
0.018870376641251
0.0148291823053391
0.0087536628034422
0.0060520889212033
0.0031247369156389
0.0010768251459496
0.0011115049053455
0.0010718802759604
0.0010768498535427
0.0010745348392099
0.0010721858820543
0.0010712594316387
0.0010697884452935
0.0010733025191479
0.0018532372188144
0.003503686474973
0.0043116448613585
0.0043071666241474
0.004324704416802
0.0043287869098628
0.0043358727843226
0.0043202950681982
0.0043286667944852
0.0043553114823313
0.0052956900496088