0.0010889992712049
0.0010812922935001
0.0010990325933886
0.0010986642553723
0.001090417089937
0.0010976641574345
0.0011025082241119
0.0011057623168384
0.0011028034555246
0.0010991653873362
0.0021237562573616
0.0048855854494554
0.0082285186971135
0.0108982845898256
0.0121440140281309
0.0116822235093389
0.0116930619538745
0.0116198717241129
0.0117104627093389
0.0117552214875137
0.0120950224746254
0.010761874916641
0.0080717936679819
0.0048342104726906
0.0018157688840848
0.0010920529405543
0.0011083941357286
0.0010579416212061
0.0010754782817909
0.0010834827062375
0.0010735738265353
0.0010714228589817
0.0010666050308995
0.0010674641745684
0.0010600761884287
0.0010581019180903
0.0010631026435698
0.0010600392271553
0.0010515320064649
0.0010358809638468
0.0010152954409931
0.0010480667644221
0.0010475767661308
0.0010491012517131
0.0010529059579122
0.0010505332619186
0.0010497857467502
0.0010495376442571
0.0010452873528251
0.0010464643525667
0.0010443271474892
0.0010437136909355
0.0010242278056948
0.0010381386069688
0.0010466075773186
0.0010408311923285
0.0010540524823486
0.0010536188271885
0.0010466388186417
0.0015245604646414