0.0126842970634644
0.0174585198548798
0.0220523089925643
0.0286478802935805
0.0357794400417658
0.044504328276041
0.054229119496512
0.0654200535817865
0.0792903908915917
0.0889581853580016
0.1049008368407558
0.1208874775701628
0.1323336625223704
0.1469563730850977
0.1651342591094583
0.1768946111069987
0.1879021008236875
0.2048893494237939
0.2172705246776829
0.228925235084876
0.2433619575642371
0.2540400659320514
0.2653389080139355
0.2795546981856347
0.2878970657204551
0.2943507866726955
0.3037985560596807
0.3168127169309789
0.3234257950595992
0.3340882839979369
0.3380190310541992
0.3473180997638939
0.3573930530967052
0.3686621129809004
0.3692475925266265
0.378106901480614
0.3919289768368601
0.4032234005680808
0.4116937311470046
0.4226130579429426
0.4287304319727897
0.4457380815825525
0.4521592743706906
0.4591630534017268
0.4656321734133021
0.4733272674491627
0.4761425178275089
0.4760225545533186
0.4771056749070859
0.476014876244643
0.4708052824905285
0.4756681151865783
0.4699442061805089
0.4653472967455505
0.4680998846953599
0.4361076237154191
0.3951721641270227
0.3623326865852328
0.3129345118713768
0.275970341854851