0.0245982880191668
0.0443202875911349
0.0687804869503109
0.0982577480702786
0.1359754948088188
0.1791145343210257
0.2264436432707269
0.2769269056335234
0.3405500903071651
0.4150054536489969
0.4885677023270209
0.5642155269352028
0.6534497816686762
0.719894265034806
0.7908407331997616
0.8598219432284296
0.9401138553198416
1.0196399351335432
1.0861775595727408
1.1547102001774945
1.2215722836492524
1.296890435108039
1.3613096943516283
1.435442758486955
1.4981600130528223
1.571473383582185
1.6288809781690547
1.7121065119432706
1.771312038950384
1.8285068366710693
1.894131397651693
1.9798093639314245
2.0237112698600197
2.0878202696417656
2.170297022912605
2.228831800168252
2.286433428344776
2.3421031369820207
2.4013323070144104
2.457977375259784
2.503108250149996
2.547079191416356
2.581647682325363
2.612233292798438
2.6454625757927173
2.6677967254564026
2.682353811561445
2.6968119086627924
2.714678048104733
2.704135830945769
2.7118115585438365
2.705261895576317
2.6902231442768976
2.704385811886476
2.718140049503184
2.5264221226165557
2.302969662752811
2.077812758678269
1.8217997925569105
1.534659835886555