0.0026830945816438
0.003282907824459
0.0030603365574525
0.0038208910127494
0.0042045698405027
0.0048825627133335
0.0054211700661771
0.0059346451306502
0.0065671240921004
0.0074836630518423
0.0087329488523044
0.0095978815218579
0.0102890012155226
0.0112392911616481
0.0122400355942615
0.0131779288275713
0.0138104420493426
0.0149192976100116
0.0154873030432157
0.0167753145113523
0.0179378607550832
0.0184892737656994
0.0190753264021539
0.0204353805803572
0.0210233604615354
0.0213762262814702
0.0218207782307974
0.0222697788054586
0.0229234527471342
0.0237231186275234
0.0237830776912536
0.0243508388662043
0.0249128460308418
0.0255179543714509
0.025359387933403
0.0258467476173925
0.0267355728353943
0.0272751019296918
0.0274477490140483
0.0278401579127738
0.027917086558787
0.0280914062083204
0.0279463462061217
0.0278953261193758
0.0282666383476788
0.0282374168290394
0.0282175009033097
0.0276247436141927
0.027850329587812
0.0278836220559098
0.0276196317368003
0.0279203743691779
0.0281218949702288
0.0280717496037751
0.0283140334524609
0.0260672013310249
0.0241920679541427
0.0217602939908767
0.0198006594573912
0.0174087877787994