0.0989625310401156
0.0995545922496036
0.0956909229412602
0.0911362971513961
0.0942101369099499
0.0931167223922425
0.0915933824502385
0.0876481624820769
0.0873324651896505
0.0847021746460953
0.0789512609988865
0.0785905486021791
0.077747922747177
0.0763297438085647
0.0702315619558368
0.0751081573836648
0.0721403391293403
0.0712271587488526
0.0709607119604497
0.0684585136368683
0.0632152632479754
0.0668933314861644
0.0628466903453816
0.0648402835989464
0.0647924324643685
0.0635239842845777
0.0631499900100534
0.0627899409519653
0.062078651531032
0.0584625081184425
0.0612593972178698
0.0579819367197568
0.0580791676840476
0.0572593328560264
0.0537009255887192
0.0566331412299826
0.0557739985274325
0.0523863195671532
0.0554010002355539
0.0548310759925654
0.0547386695836009
0.0545412388092277
0.054446899721705
0.0553079423703253
0.0533106553654077
0.0532075205125794
0.0533829075719676
0.0535481632861905
0.0517288735734537
0.0573123556362154
0.0605397148628197
0.0665075973957865
0.0682452470964213
0.0720147877611857
0.0742505887298285
0.0791714624645434
0.0800252169029618
0.089471653449844
0.0948573834215433
0.0994190765710953