0.0088688815104637
0.0096161844861254
0.0148304466160408
0.0268460732721076
0.0347543334062617
0.0453564326151489
0.0563677364342558
0.0692514880176325
0.0767668180233259
0.0976639557416767
0.1126164966403437
0.1266062396306511
0.1406124256563568
0.1466641231472272
0.1589194575364702
0.175508022849414
0.1897953861840058
0.201451433866196
0.2127618052165778
0.2261277102945993
0.2362253070441196
0.2414449253613316
0.256484849679942
0.2687152735549122
0.2804519719191332
0.2908967524538727
0.3041633510429644
0.3089147925361679
0.3236464800539912
0.3095242047676623
0.3415389650384075
0.3578043285313373
0.3724368846906969
0.3872194254915877
0.413686368247623
0.4305242420746112
0.4489522198053991
0.4671321416488551
0.4508431118324442
0.4987702849622916
0.5267007173176316
0.5315661479906402
0.5448706594653011
0.5583228040980076
0.5714369406286353
0.6702924422555858
0.7328492486106319
0.7685718989880665
0.8045987042426926
0.777057181871286
0.6979913994111725
0.6318485146122477
0.5887512064948899
0.5545899579494007
0.4857538188223778
0.4273732803931851
0.2828987962851453
0.1727194536167493
0.087063548383613
0.0114141936713364