0.1115201392872292
0.1704724776606457
0.2551228432095616
0.2395860805393558
0.2409252867083285
0.2259862596601514
0.2243406923352428
0.2540611160215715
0.2427715642090844
0.2079677115081248
0.1772967924700886
0.1772967924700886
0.184363704408589
0.1650507890616429
0.2155201094880712
0.258954188353119
0.2341780693204841
0.2493958450200217
0.2551470726976154
0.2317730913738645
0.23361386957393
0.2315392805789188
0.1119995498586777
0.1192671669605503
0.0657791208375058
0.0118611677581676
0.0011257845030084
0.0011257845030084
0.0011327849350069
0.0011312920605995
0.0011486921907934
0.0011402087659211
0.0011398295365652
0.0011384032974104
0.0010664329284913
0.0011274287214787
0.0010648065198308
0.0011148512701992
0.0010639573703133
0.0011318350240937
0.001128989514563
0.0011169905273722
0.0010637076067361
0.0011037170186511
0.0010406449985505
0.0011090853565043
0.0016509725447998
0.0168265231575691
0.0178043887448607
0.0748274903183601
0.171667509633784
0.1932622120598188
0.2157652236811268
0.2259146587300393
0.2195215572633514
0.2384925791832586
0.2180557300655056
0.2193611636292244
0.2384975181143271
0.1661525957148527