0.0062940100901946
0.006308599588387
0.0061169512751565
0.0059436365737258
0.0062470102483964
0.0061375405618977
0.0062414152059799
0.0062427760335529
0.0061301853058269
0.0060294836357168
0.0055114678539093
0.0057531558722251
0.0057801584738183
0.0055254702844551
0.0058607165934086
0.0057262934178931
0.0056690324437821
0.0055511965278544
0.0052691032242973
0.0054602045705994
0.0053636142292489
0.0053400922552697
0.0053578172988888
0.00546990069288
0.0052970635602577
0.0053159721430578
0.0054599003110164
0.0055013418664884
0.0054855928300613
0.0055863119195047
0.0055105548036428
0.0054873953025768
0.0056251535953766
0.0055442322800087
0.005517728849589
0.0053083258181239
0.0052027979804779
0.0047921921128616
0.0051232120170444
0.0046736137545042
0.0051319144833676
0.0051715992005814
0.0054275566529493
0.0054206813967913
0.0055097940866477
0.0056504789821883
0.0057417138583742
0.0055834402708718
0.0058065563063379
0.0061518565875048
0.006188032882433
0.0060795088632243
0.0061583482526582
0.0057331651427805
0.0062267527278264
0.0062523629912664
0.0061471118915113
0.0061103145076172
0.0059777107431469
0.0059393344625194