0.0010814873007467
0.001089446807735
0.0010856192632078
0.0010238617181315
0.0010874902122361
0.0010869796245168
0.0010725248699609
0.0010916251731679
0.0010916281693226
0.0010991960089888
0.0011002815307293
0.0010983207904178
0.0010811517085046
0.0010813421835407
0.0010949888059026
0.0010877541900382
0.0010872624956437
0.001112333936966
0.0011022697420996
0.0011006414685635
0.0010948515771634
0.0010820149116686
0.0010875335274981
0.0010866054492281
0.00103702547658
0.0011006242402574
0.0011104839611267
0.0010502045436966
0.0011020412489258
0.0011033724501951
0.0011126512
0.0011215990785927
0.0011409772731397
0.0011379100890479
0.0010642395583808
0.0011277027386381
0.0011401127645321
0.001160989299186
0.0011547352777328
0.0011536248932664
0.0010790437212003
0.0011440240608637
0.0011418711936047
0.0014798118868909
0.0014710756304051
0.0014636928868453
0.0014270658330747
0.0014657396516338
0.0014587455570868
0.0014490694077013
0.0014571076698028
0.0014508105602432
0.00147421782256
0.0010400637071159
0.0010994551058449
0.0011712033425179
0.0011667976750062
0.0010970950040678
0.001171328764402
0.0015505147168169