0.0010164576037951
0.0010124591304975
0.0010161130466142
0.0009530911164828
0.0010229549534815
0.0010390203371481
0.0009899629219501
0.0010558101798276
0.0010065371331216
0.0010687815108863
0.0010142257689857
0.0010640229610314
0.0010657541122031
0.0010678937159731
0.0010699900816162
0.001062075213488
0.0010569662487616
0.0010535282776114
0.0010450789047018
0.001028390806475
0.000971856302381
0.0010240192208747
0.0010186271098895
0.0010146750358074
0.0010218942095569
0.0010217078955543
0.0010230603155362
0.0010119065830383
0.0009592005395084
0.0010221486609749
0.0010435348267412
0.0010523127903148
0.0010811826887006
0.0010993650930334
0.0010481711325284
0.001120967392174
0.0011215102117528
0.0011308998663197
0.001143069325334
0.0011323736253781
0.0011344266949617
0.0011324116313384
0.0011311450294101
0.0011204452993639
0.0011118858464248
0.0010985794571326
0.0010845149698455
0.0010769674263234
0.001074583633748
0.0010718365639814
0.0010748096996055
0.0010783696414949
0.0010136301760992
0.0010651213745059
0.0010796120253483
0.0010860474160984
0.001088907141027
0.0010959829906414
0.0010470407535948
0.0010850414210423