0.0075897273915891
0.0101503487690856
0.0123840913415962
0.0152786677901222
0.0165413126071801
0.0162142128077769
0.0165444386590719
0.0180200321089038
0.0164815150499246
0.0143360072356959
0.0122865918950354
0.0094901899200084
0.0070158802986157
0.0047167587202881
0.0012635525200958
0.0010675840434596
0.0011373308583478
0.0010845255432126
0.0010844438923166
0.0010850536548004
0.0010738280228617
0.0010703249629848
0.0010787397500247
0.0013888403420977
0.0032995821673537
0.0058465640478369
0.0084517126557516
0.0088446218410155
0.0114967279627992
0.0142176394698239
0.0168711183080326
0.017234912924224
0.0159355293811845
0.0174470615762641
0.0159432096508895
0.0161281518031484
0.0130238222587084
0.0105657005345462
0.0074173399740484
0.0068602945965138
0.0039727220962971
0.0012071371084167
0.0011330702897628
0.0012566120318394
0.0012361918045707
0.0012719790754341
0.0012859194245465
0.0012591647143757
0.0012514882154887
0.0012551823894797
0.0015611275422205
0.0030358709882138
0.0079292000786162
0.0080248754245021
0.0107687863170803
0.014823337678598
0.014823337678598
0.0168802306926208
0.0169291453596855
0.017110645764636