0.001001061788557
0.0010366941734258
0.0010320526274996
0.0009928872805465
0.0010518236700205
0.0009868717596157
0.0010469633146704
0.0010433350261225
0.0010605456179548
0.001007210308619
0.0010094990398886
0.0010141924773293
0.0010737634649828
0.0010870317591368
0.0010878604498798
0.0010304416613704
0.0010890581583492
0.0010811971252566
0.0010848344875345
0.0010753055494865
0.0010718097716894
0.0009579468616666
0.0010814719907878
0.0010814648134001
0.0010720953617543
0.0010801940757417
0.0010791353233329
0.0010777541104611
0.0010815735747651
0.0010293519835102
0.0010880562177194
0.0010947869714784
0.0010378756589582
0.0010956782131433
0.0010395924208429
0.001097992853376
0.0010947745540943
0.0010896144066948
0.0010318705409367
0.0010932452182775
0.0010977160174317
0.0010973733023224
0.0010940287472832
0.0010960748289254
0.0010953661764706
0.0011007111313992
0.0011029398084057
0.0011031432885905
0.0011049644766615
0.0010993508634082
0.0011075483983095
0.0011091228893573
0.0010539293558262
0.0011350789665875
0.0011350789665875
0.0011418208398081
0.0011455537643252
0.0011351835288465
0.0011278572459974
0.0010643007907218