0.0234729386667192
0.0296015233956544
0.0350941021787676
0.044673670508154
0.0461800911495535
0.0485459313555438
0.0489850390049416
0.0489850390049416
0.0491354463235154
0.0458379416746977
0.0386476817551291
0.0265302135684711
0.0243328528981074
0.0090064805398023
0.0083390140926175
0.0017466050655824
0.00180688174716
0.0016788918900642
0.0017177488678695
0.0016849708765715
0.0016824238294009
0.0017225316857467
0.0016406047982747
0.0013633766483976
0.0057187189448358
0.0104547911286205
0.017694932058576
0.0266526205023486
0.0319905614185679
0.0416459549735731
0.0471006777111704
0.0520147229277084
0.049176330286598
0.0443731355490059
0.0478901094417068
0.0429937716561035
0.0386600777867035
0.0323834289015025
0.0244176392398152
0.0189494321221634
0.0106416570545643
0.0018454094383096
0.0013444314490815
0.0014271384467316
0.001440182727654
0.0013610226073666
0.0014231938582814
0.001436996461518
0.001425677195153
0.0013886658654277
0.0021643636581939
0.00972884431235
0.0150935166144651
0.0213088005182758
0.0303772614533606
0.0352920640966857
0.0517120688351439
0.0441397120872453
0.0440124052409529
0.048001742620842