10.0
10.0
10.0
10.0
10.0
10.0
10.0
10.0
10.0
10.0
10.0
0.0
0.0
0.0
0.0
0.0
0.0
0.0
0.0
0.0
0.0
0.0
0.0
0.0
0.0
0.0
0.0
0.0
0.0
0.0
0.0
0.0
0.0
0.0
0.0
0.0
0.0
0.0
0.0
0.0
0.0
0.0
0.0
0.0
0.0
0.0
0.0
0.0
0.0
0.0
0.0
40.0
40.0
60.0
58.0
79.0
85.0
97.0
89.0
127.0
139.0
100.0
126.0
130.0
142.0
141.0
155.0
141.0
156.0
169.0
171.0
95.0
137.0
125.0
81.0
87.0
56.0
68.0
37.0
36.0
45.0
22.0
18.0
13.0
7.0
6.0
8.0
0.0
2.0
0.0
0.0
0.0
0.0
0.0
0.0
0.0
0.0
0.0
0.0
0.0
0.0
0.0
0.0
0.0
0.0
0.0
0.0
0.0
0.0
0.0
0.0
0.0
0.0
0.0
0.0
0.0
8.0
0.0
12.0
11.0
9.0
8.0
28.0
36.0
29.0
51.0
37.0
56.0
50.0
43.0
90.0
90.0
113.0
85.0
135.0
129.0
124.0
108.0
179.0
107.0
180.0
129.0
113.0
116.0
131.0
97.0
92.0
106.0
72.0
68.0
54.0
57.0
43.0
37.0
31.0
27.0
19.0
15.0
15.0
4.0
4.0
0.0
0.0
0.0
0.0
0.0
0.0
0.0
0.0
0.0
0.0
0.0
0.0
0.0
0.0
0.0
0.0
0.0
0.0
0.0
0.0
0.0
0.0
0.0
8.0
4.0
0.0
11.0
16.0
16.0
13.0
24.0
26.0
12.0
24.0
22.0
51.0
25.0
42.0
57.0
69.0
66.0
67.0
81.0
84.0
85.0
88.0
132.0
107.0
134.0
133.0
102.0
168.0
134.0
127.0
109.0
92.0
113.0
125.0
96.0
92.0
84.0
74.0
53.0
49.0
59.0
33.0
37.0
24.0
18.0
12.0
10.0
12.0
6.0
8.0
10.0
5.0
4.0
1.0
2.0
0.0
0.0
0.0
0.0
0.0
0.0
0.0
0.0
0.0
0.0
0.0
3.0
5.0
4.0
0.0
8.0
4.0
4.0
12.0
12.0
6.0
19.0
31.0
22.0
15.0
29.0
32.0
44.0
21.0
24.0
41.0
48.0
50.0
58.0
77.0
61.0
97.0
62.0
80.0
119.0
116.0
114.0
99.0
99.0
125.0
143.0
91.0
141.0
99.0
133.0
75.0