0.0890276315587682
0.0879826120904053
0.0896224344095384
0.0896439609508252
0.0878334669525221
0.0865366234635431
0.0848977936101104
0.0845188905314685
0.0835311868681331
0.0820383817321836
0.0812490099569111
0.0823503981863736
0.0808231525576379
0.0781936781682096
0.0761740948780715
0.0749805936872485
0.071548542170867
0.0694466486393084
0.0688408720940978
0.0674673250325454
0.0656981133945737
0.0646085135403901
0.0627299100148329
0.0617679171138361
0.0606654476158765
0.0585241124120496
0.057698403710957
0.0574097195054024
0.0570404997183382
0.0558770977263031
0.0557640429511428
0.0546461333296733
0.0546298398983468
0.0540587190162221
0.0523658683142229
0.0528283854001456
0.0536729680490458
0.0530489378908719
0.0525111688770657
0.0531933473802872
0.0530506040063365
0.0523882520498203
0.0522011135770003
0.0518185111679078
0.0513044194784042
0.0512925543941875
0.0507008394882257
0.0500744027347627
0.0504383993791282
0.0499412846779395
0.0494883704137046
0.0492948580332281
0.0500078038370237
0.0506851296378399
0.0517324899288704
0.0545256092044121
0.0601452923419365
0.0634951000356
0.0670567024978668
0.071062916031531