0.001708918417412
0.0017450778477492
0.0017560609235821
0.00178079773098
0.0017910055305655
0.001769744122521
0.0017747722212247
0.0018299825613965
0.0017798146382855
0.0018055708936044
0.0017667332999332
0.0018262302444979
0.0018365657433822
0.0018011535315372
0.0018036017268098
0.0018089369852483
0.0018246391567249
0.0018267038065975
0.0017852027716064
0.0018455208052959
0.0018885545247337
0.0018650279211036
0.0018392412441877
0.0018285771858672
0.0018687187063032
0.0018656171618924
0.0018754514499783
0.0018819336590763
0.0018497864062081
0.0018832007134062
0.0018526043113686
0.0017532137170176
0.0017731279210134
0.0018054998765518
0.0017812318389182
0.0017790437118525
0.0017719264064504
0.0017509597287672
0.001639566868456
0.0017561302893704
0.0017310390172081
0.0017515786075761
0.0017945116567597
0.0017982942262349
0.0017553545062012
0.0018020984007833
0.0018113088370216
0.0018161167062578
0.0018589731720527
0.0018242601290227
0.0018257003880983
0.0018448438282164
0.0018397864093213
0.001800556642984
0.0018164934812861
0.0018084687688842
0.0017911890993868
0.0017612481184322
0.0017521236529977
0.0017593045493374