0.0150012804398996
0.0169496251044018
0.0190603952963998
0.021779520998365
0.0237656183352753
0.026065174364363
0.0273895948869777
0.0304706671733112
0.0328791074389266
0.03561406949957
0.0376262857246831
0.039734736124437
0.0417839423246494
0.0442137585466183
0.0457392044711687
0.0481317231499776
0.0513191496112976
0.0528775905543088
0.0560091977381571
0.0585027474646472
0.0605740660939458
0.0624102539112106
0.0643128434380004
0.0672600590429943
0.0700031599045381
0.0719705304549957
0.0749664177754417
0.0773122508492029
0.0792079736140596
0.0815727609671248
0.0836478860579896
0.0838748291114319
0.0870516339306978
0.0881934440468843
0.0888748991998826
0.0899997789687533
0.0914737543831425
0.0923477323543105
0.0933233454360111
0.0933996317880084
0.0943121878789011
0.094683529307541
0.0950628587584102
0.0961070226240164
0.0907127625378541
0.0965577174437761
0.0971106336307428
0.0971147922661687
0.0961094516707963
0.0962654569467442
0.0963391903257591
0.0954257556292144
0.0953685100691904
0.0954344664778422
0.0887334643155226
0.0818773250210789
0.0740282414461333
0.0662155487689284
0.0569767794018351
0.0484291943803556