0.0053415000711364
0.0052997741889936
0.0051937414692029
0.0052830580250296
0.0053543406537927
0.0053030005800569
0.0051877870596666
0.0051906085060378
0.0051825039841377
0.0052506950348195
0.0051170405220657
0.005206705135264
0.0051029862335824
0.0050898143843754
0.005054031973881
0.0049924130006208
0.0050051412179239
0.0049671065690761
0.0050107374690538
0.0050273467701371
0.0049673362381189
0.0049591416458209
0.0049822131581854
0.0050477229712725
0.0051017398511685
0.0050249561473066
0.0050610030685242
0.0050345794357297
0.0050720093250122
0.0051412924644106
0.0049970376293846
0.0049915857782553
0.0050287255305209
0.004906800621392
0.0049421111841504
0.0049163261922703
0.0049171911066699
0.0050195701329998
0.0049471843360601
0.0050474186521198
0.0049464122365467
0.0050710940312213
0.0050136462258954
0.0050924444503697
0.0050516148393961
0.0050721481933549
0.0050269483325074
0.005145373044895
0.0050002997168762
0.005057891434461
0.0049020535552807
0.0049493013367719
0.0048141629357731
0.004995504805623
0.0048384570734289
0.005017111140858
0.0049021272458683
0.0048812615669114
0.0049608950794633
0.0050979617948391