0.0018715799351822
0.0019072519406038
0.0019130979704833
0.0019201515903413
0.001932840293523
0.0019511237964239
0.0019671156745361
0.0019617106945408
0.0019683327917442
0.0020036992026328
0.0020090021207177
0.0020061111758178
0.0020290136237293
0.0020179267454625
0.0020267964045515
0.0020241720104317
0.0020399847998516
0.0020464647438252
0.0020590407375289
0.0020481352210967
0.0020586137460893
0.002050267873799
0.0020470148889651
0.0020273776287496
0.002026792845546
0.0020152720079718
0.0020261333490793
0.0020174396385695
0.0020245794362718
0.0020121238653617
0.0020639781520922
0.0020453308438069
0.0020672284643525
0.0020798471422086
0.0020856136680866
0.0021014264129305
0.0020918339986079
0.0020716925544169
0.0021208212039539
0.0021102545417696
0.0021076871546257
0.0020930494563306
0.0020849501331964
0.0020780711546487
0.0020782270382028
0.0020708280846567
0.0020489528722109
0.0020791300459263
0.0020886450208426
0.0020328868328948
0.0019172983432963
0.0020238773858772
0.0020170722117128
0.0019136361005175
0.002021336243255
0.0020112093819858
0.0020349972893738
0.002046735504875
0.0020269291580013
0.0019223857804403