0.0050325748608262
0.004748730880467
0.0051029626053083
0.0048911325975632
0.0051308107960542
0.0052889439869729
0.0051951870545774
0.0053169179322481
0.005257965260725
0.0054553097693571
0.0052474994541682
0.0054344192169911
0.0053180633010484
0.0053508968056471
0.0053460713687851
0.0053869321820502
0.0053033198653811
0.0050344561334206
0.0052121508898491
0.0052990114950851
0.0051414706369813
0.0052628648922137
0.0051804716528309
0.0051555766149176
0.0051578911520753
0.005253893061686
0.0051718060493645
0.0053127951412633
0.0052251343762608
0.0053228197422706
0.0053306079383315
0.0054652322031116
0.0050927792891473
0.0055310037053585
0.0054263757144287
0.0053464688337685
0.0052097001604277
0.005260659768197
0.0051106132503965
0.0048962509761899
0.0050695027711083
0.0050561997398704
0.0046702305648353
0.0050282674996346
0.0050129024238238
0.004991048501272
0.0049599169045528
0.0050310645231767
0.0049470356762905
0.0051043652901485
0.005034703142526
0.0050814569291579
0.0048472472645946
0.0051297042010639
0.0050975534500411
0.0050595049006939
0.0050188786497182
0.0051240250381954
0.00506478135393
0.0051120653954187