0.1325512733632554
0.1837276812080527
0.2598332557145749
0.3094983220127834
0.3693192328759695
0.4146839147967461
0.4963070711066765
0.5455882156550361
0.5926054844770067
0.6526033216577604
0.6624224048819242
0.7227503973446409
0.8073722552572632
0.8899784517033315
1.0241878396769666
1.1373576546453277
1.2499146746819585
1.373562252148687
1.483984499765524
1.6528863286906046
1.753094503376666
1.852728169666648
1.864828726915153
1.814998380919585
1.7954632230720118
1.8341049760589287
1.8573580742353235
1.9544667325495415
2.07288685639406
2.150352028978366
2.3125056345703494
2.512665261811633
2.740215367322413
3.0915905731908486
3.3611962455598854
3.643641613513717
3.7862077808050474
3.969468290963927
4.1376206088576994
4.33921614991287
4.431931491235061
4.597585702973192
4.622203491051108
4.676163666173115
4.692894982456782
4.679690133491263
4.610404450254372
4.659496995402298
4.591305057793502
4.568083214002087
4.515427942538678
4.588281056334751
4.536243564236144
4.50882205838555
4.466130038011688
4.522313317375403
4.560376110467643
4.687724333469462
4.6578973986659165
4.655423179245113