0.0011277663199782
0.0011407735480097
0.0011409104418179
0.0011514803033071
0.0011497668148417
0.0011536963061069
0.0011388913316808
0.0011552134064955
0.0011429261419382
0.0011485667622194
0.0011543585962463
0.0012013262639442
0.0012013251392047
0.0012169976312315
0.0012071090342679
0.0012098049197627
0.0011972001555799
0.0012022452675646
0.0011892709394705
0.0011994872687044
0.0011837490464169
0.0011864937012273
0.0011488166480407
0.0011454072667612
0.0011288233341369
0.0011330503750752
0.0011282069484187
0.0011163334722575
0.0011035971761705
0.0010988339469943
0.0010816438677489
0.001076261962982
0.0010627708884898
0.0010436617032867
0.001038782443919
0.001035859283039
0.0010340367950043
0.0010323962682767
0.0010293201456803
0.0010273526343338
0.0010140146489125
0.0010138294418981
0.001003525257122
0.0009945516546249
0.0009920891404763
0.0009827523984224
0.0009713017921013
0.000953540716731
0.000944338211559
0.0009499102888637
0.0009534366184299
0.000955076894762
0.0009517172476069
0.0009513760747732
0.0009511302520236
0.0009491255636745
0.0009413773093193
0.0009422619626926
0.0009409540242358
0.0009537333571875