0.0058715410799403
0.0059480293312049
0.0058698834065318
0.0059674421186113
0.0059006861874431
0.0060320839847629
0.005945766959488
0.0060158935627903
0.0058143045564842
0.0058688317538207
0.005892616313473
0.0061167411398773
0.0059292662691868
0.0059080203665987
0.0056983046984572
0.0056445866864221
0.005416436059391
0.0054550108085523
0.0051749731584482
0.0052149777785787
0.0050795985123432
0.0050533439132613
0.0048905910840859
0.0049273633957064
0.0048202581557158
0.0048704987678571
0.0047544000912992
0.0048022627837524
0.0046008243345167
0.004689659879309
0.0043955602489018
0.0045307497187148
0.0043362739486619
0.0042620585827114
0.004228833049622
0.0041951349118746
0.0041068838481104
0.0041526505116852
0.0040321307103542
0.0041095718778478
0.0040146436260215
0.0041820035685674
0.0040363618983396
0.0040489091395469
0.0041010622106913
0.0042136942537967
0.0042075951643244
0.0042930393682009
0.00428739674145
0.0043035554112476
0.0042414488483126
0.0043256524649809
0.0042573364533821
0.0041910812670895
0.0043005520451853
0.0042446091719338
0.0040752418548182
0.004117741647626
0.0040180497289652
0.0041495613199831