0.0020258929745889
0.0019724908398762
0.0019966584919269
0.0019537204989272
0.0019547001086562
0.001942820309408
0.0019689633214096
0.0019613482617998
0.0019359526484455
0.0019047401995787
0.0019208332618561
0.0019133110552854
0.0019464867231335
0.0019573169625175
0.001995584982365
0.0019891784745141
0.0020066237423091
0.0020094548968594
0.0020013220437849
0.0019973578669255
0.0020314427904746
0.001980989620622
0.0020015670542913
0.0019851962914438
0.0019779945740839
0.0019320501396722
0.0020079828740824
0.0019780104189758
0.0019951134165994
0.0019502107721157
0.001923809267965
0.00188808846421
0.0019346292846361
0.0018854080244878
0.0018888672284047
0.0018342533612618
0.0018499949640941
0.0017592182679816
0.0017776426731049
0.0017230639303035
0.0017158388100753
0.0016961288162192
0.0016887514847466
0.0016405741858091
0.0016799492437463
0.0016469304220273
0.0016706404070931
0.0016487302206821
0.0016363994406351
0.0016156247221559
0.0016609198272075
0.0016376944827586
0.0016508333636
0.0016356212208673
0.001667347022054
0.0016194554992634
0.0016414105750309
0.0016146396211695
0.0016416999814539
0.0016487173466935