0.0011801050238357
0.0011598792881759
0.0011727525399639
0.0011762217387413
0.0011780627535789
0.0011634314953821
0.0011625178341295
0.0011466548018319
0.0011539811066131
0.001137122573348
0.0020736281849192
0.0144911395962004
0.0391605299537518
0.071442939790094
0.1122553037097796
0.1506520438802013
0.1832442396639279
0.2146343754290006
0.2553367624113478
0.2923938716631696
0.3266960968032905
0.3555406463531398
0.3821203813214522
0.3958152847774936
0.399318231700172
0.4267802107201088
0.4455738852865542
0.4729743859882114
0.5065322827539738
0.5265064761931136
0.5625880672408385
0.6138479984036522
0.6532104105442431
0.7043456808187477
0.7219648135220924
0.7308858936253554
0.7328256979170478
0.7466327125357737
0.7471439936682446
0.7655203096391647
0.7973058023829168
0.8094849750713959
0.783551419887034
0.7933372620673059
0.7882926376366126
0.8081006649847902
0.8173612659267288
0.8196516988710618
0.8139424502433347
0.8241529536370176
0.8153768064028833
0.8084329452297437
0.7973959294078058
0.8343196741570973
0.8363184753368063
0.8255220059596968
0.8359216268788691
0.8637752719755987
0.8688984430520442
0.8585524711799756