0.001079326576618
0.0010714133172487
0.0010622326417248
0.0010541580697617
0.0010482297282705
0.0010459737394588
0.001040167953703
0.0010393971920454
0.0010376748056714
0.0010411611958869
0.0019483149814143
0.0109030880008815
0.0317150180575539
0.0520903204684297
0.0795842785287874
0.109308030679724
0.1325251916766558
0.1544828868153483
0.1791133229514749
0.2025808220039728
0.236279773042918
0.2609191226777941
0.2701836513044864
0.2822549634206532
0.2977480216831981
0.3104002998217539
0.324257753335034
0.3416004473876932
0.367291510272923
0.3896975764710211
0.4118600526542788
0.4532404436592782
0.4823273765156465
0.5127134472863151
0.5309689077064225
0.53772552415269
0.5374050981570366
0.5504924066135055
0.5552865670678013
0.5586381167212402
0.5760169661197831
0.586044550900463
0.5677093882216829
0.5760588670196896
0.5860146057456559
0.5903329326893837
0.5928075771802106
0.5948834719072893
0.5968648294015799
0.6018121351555609
0.5975508310612625
0.5909344953140843
0.5788556361045658
0.5977488031164535
0.5933053396385044
0.5759019435044764
0.579929344719059
0.5941753548820471
0.5967970634092992
0.5908951051506889