0.0011120652166143
0.0011132473595841
0.0011114559298062
0.0011129511667802
0.0011088241078335
0.0011198063156363
0.0011218047705886
0.0011278049556183
0.0011156525926997
0.0011313409552842
0.0011339439170737
0.0144782392667981
0.0256438988717089
0.039415215461156
0.052083766303162
0.0624102258588092
0.0707588311340319
0.0829821364629811
0.0985940348066201
0.1110146504963856
0.1297530055092453
0.1438933280825829
0.1474338532949409
0.1476790078174482
0.1494250396028923
0.1531127881541896
0.1590909407905678
0.1656041959633093
0.182147208761759
0.1804425066111076
0.187844298457602
0.1939950279288816
0.2094500868113524
0.2205256758589101
0.2248505264367817
0.2294423651165383
0.231474455466796
0.2337649432288693
0.238150325945477
0.2491320889029684
0.2557834798752013
0.2614026305458112
0.2659024751504225
0.2622994674815713
0.2858206834864866
0.2982750930426882
0.2958674239395151
0.2993701078601229
0.3110276395811852
0.3099610744203918
0.3042830758683563
0.3155627687219077
0.3228599176630191
0.3160001648870345
0.310869851623371
0.2878582832611697
0.2855484571657036
0.2882272614782338
0.284039471434882
0.2701122900173533