0.0064400659340658
0.006342404332598
0.006024143506912
0.0061226292082322
0.0058999682731067
0.005835729996737
0.0056058017239805
0.0054689559626784
0.0052236626157717
0.0051374824478349
0.0049145853187147
0.0047426775027977
0.00473662376742
0.0048258119473053
0.0046431105742735
0.0047350764030729
0.004745853462853
0.0047592112463681
0.0047578312153675
0.0050015991136991
0.0050260652244928
0.0050380268579502
0.0050554713438554
0.0052514919791795
0.0053779473596933
0.0055581787432568
0.0055653101780935
0.0055572321379235
0.0055402919147715
0.0057184264349524
0.0055002144944047
0.0056105823624504
0.0052631945243046
0.0056217948211144
0.0055256619217081
0.005569878890368
0.0054764776625448
0.0057167085647522
0.0057233248611283
0.005892171393723
0.00568491994617
0.0058160922497251
0.0057505807411605
0.0059533655649555
0.0059092574743567
0.0060341426468944
0.006020873914297
0.0061934139100006
0.0059610898541606
0.0061229453812051
0.0060510240976994
0.0062701989501312
0.0062629959589002
0.0063550613155775
0.0062853607732287
0.0064624148959315
0.006424695728634
0.0064580191581317
0.0062973332505629
0.0063979406740174