0.0057546511349845
0.0055561255479375
0.0056473613245392
0.0056785971514295
0.0058526069545153
0.0056155209359379
0.0057026666543113
0.0057770640352484
0.0061160068829891
0.005835908814045
0.0058808847685009
0.0057518419038595
0.0058205312494354
0.0055512727879018
0.0054241481174935
0.0052731887960776
0.0051736207505276
0.0051433857430757
0.005034041464641
0.0047707292028781
0.0049576870755709
0.0049045499736358
0.0051496054576881
0.0051638459151826
0.0054465270094399
0.0054931832706424
0.0055255924675882
0.0055091976131913
0.0055752798041973
0.0054454608761385
0.0053895925239697
0.0052528179429636
0.005304593700327
0.0052291619708108
0.005270338358368
0.0052693382771864
0.0054264238348337
0.0054380348666206
0.0057607389201968
0.0056744050960994
0.0058529662775147
0.0058820718772693
0.0061270283758785
0.0059648216235285
0.0059688777241937
0.0060795101102777
0.0061489426228057
0.0060252675489068
0.0059865459657525
0.0058316935251537
0.0059782049231537
0.0058795190949206
0.0059810628293912
0.0057438353478136
0.0058586750080492
0.0057585855323594
0.0057265154171374
0.0055941080861888
0.0053473378562486
0.0057162422939206