0.0055817178386246
0.0057638321289504
0.0057036517670942
0.0058433397965441
0.0057603888177787
0.0058936712324093
0.0059939914649399
0.0061950507749375
0.0061628625980533
0.0062835993952436
0.0060636750404781
0.0060806579398269
0.0057178370878222
0.0056764073020724
0.0053728330263516
0.0052790399847951
0.005035176298398
0.0049587708836711
0.0047517093902023
0.0047834445480631
0.0045688514223591
0.0048064386240677
0.0048260711725828
0.005011667813859
0.0047013078355037
0.0051856768828528
0.0051273408615263
0.0052623035251142
0.0052257264667348
0.0053676474971064
0.0052410720991017
0.0054466603674158
0.0052875758071934
0.005435380799132
0.0054251412634788
0.0055817944546662
0.0055010822007339
0.0055795914892063
0.0054396839617535
0.0056309760242848
0.0056012456369421
0.0056808993065537
0.0055578719589803
0.0055985759693335
0.0055089102780347
0.0055649290432365
0.0054444679265855
0.005526592622814
0.0053983166465843
0.0054445900625598
0.0052763078887887
0.0054111260841894
0.0052407049653041
0.0054209465438124
0.0054108122750722
0.0054992093602827
0.0054858342970792
0.0055478961188914
0.0055916175799899
0.0056928259480645