0.0053450493231375
0.0053343893754832
0.0051424664508104
0.0053606293680569
0.0051473278965743
0.0053791408861006
0.0052877443910985
0.0053761055720628
0.0054827967450073
0.0057085306141086
0.0060229334069776
0.0067919303831353
0.0073109310656122
0.0080172720546385
0.0087247925883468
0.0090591349767591
0.008949155338387
0.0087782526428425
0.0084681071443695
0.0085687105789874
0.0083552304082842
0.0082703754640196
0.0071793658905745
0.0068255290508706
0.006105896811594
0.005467464883005
0.0051786569551453
0.0052097620023949
0.0053476641003912
0.0054046086899986
0.005311009095325
0.005283742898656
0.00524230088512
0.0052331888985807
0.0051231537513398
0.0052918922805613
0.0053892850389369
0.0062344309492565
0.0069417097225212
0.0075080360601916
0.0077491836738354
0.0084851893738976
0.0083986643478896
0.008379469441508
0.0084626150800925
0.0086949891348458
0.008534105324202
0.0083031798953183
0.007578364496566
0.0070205534665313
0.0062710164078666
0.0062623966182415
0.0056561307044987
0.0058050576135462
0.0057589492577895
0.0057044010977913
0.0057369966586326
0.0058456019553326
0.0057509987049937
0.0054790941385478