0.0010209448144623
0.0010196446235065
0.0010127934715626
0.0010136602118169
0.0010073256600099
0.0009379752577807
0.0009989608406715
0.0009952251603444
0.0009918387878562
0.0009969178002366
0.0009951573936218
0.0009999837555017
0.0010055544936558
0.0010182897216312
0.0010141958223594
0.0010152460586095
0.0010243338576848
0.0010234828470824
0.0010211979235091
0.0010236833413758
0.0010234185166914
0.0010332185262477
0.0010410392889154
0.0009722748549488
0.0010324604157533
0.0010345658975979
0.0010281094534577
0.0010273836527537
0.0010150207123147
0.0010167738714641
0.0010124911923873
0.0010071497589002
0.0009979633382095
0.0009940147203844
0.0009948199888017
0.0009946856577847
0.000985559031447
0.0009908278994824
0.0009931712995322
0.0010084949040493
0.0010042940813157
0.00101074971971
0.0010055180616581
0.0010075951113524
0.0010005070125717
0.001005611774167
0.0009995188284519
0.000998805063891
0.0009935442985685
0.0009967954094541
0.0009883752369604
0.0009920347827683
0.0009911625122278
0.0009992987571959
0.0009997452403375
0.0010087258973706
0.0010070488155443
0.0010180580045557
0.0010256019572268
0.000974533437066