0.0010187986417718
0.0010265557749619
0.0010202002953935
0.0010184943332651
0.0010032058334236
0.0009948046313886
0.0009934654860794
0.0009979785170162
0.000997267341983
0.0009967613192032
0.0049546785287751
0.0123992278069472
0.0193156975321926
0.0283043260547339
0.0356357465701219
0.0445753299185273
0.0496145509579102
0.0602471938519336
0.0660570701071261
0.0734270621704745
0.0763869933002837
0.0804692441230311
0.0759614562906551
0.0760801080408953
0.0715869260786283
0.0682639951625665
0.0657714928873019
0.065297114913499
0.0580715852719511
0.0583790621243922
0.0550881051381534
0.0506927850573266
0.0449312204060877
0.0414367412083955
0.0379631845270146
0.0346233589893599
0.0311727634926649
0.0267100312256476
0.0221982431591785
0.0216199759854436
0.0169158931061762
0.018859863517821
0.019581206275378
0.0183717745457831
0.018448494765009
0.0170442517138628
0.0158465033549722
0.0146800660617877
0.0141504171432697
0.0131711615705929
0.0132531598245435
0.0107960605451604
0.0057683816623319
0.0053026155440604
0.0051612120530407
0.0045193881647746
0.0042426891642547
0.0050251944757913
0.0047392518971106
0.0045849607949883