0.0063357789679391
0.0068350370882822
0.0071604462976507
0.00712560563737
0.0070240570652658
0.0071844934141529
0.0071195002679624
0.0071919301386095
0.0073593574533599
0.0073825445166429
0.0069833782619945
0.007799747656684
0.0080790818552095
0.0087584804068092
0.0094288186297344
0.0093655593220339
0.0092642162221894
0.0091664064804389
0.0093097196865423
0.0091966075029223
0.0091624092582656
0.0092944351009459
0.0081444298939604
0.0074411206072132
0.0066758010910305
0.0063465198414162
0.0069369214933705
0.0075624620249753
0.0077688737744639
0.0075798433105591
0.0075846452481015
0.0076616550530188
0.0074314008896152
0.0076281571082835
0.0076595500478193
0.0073174000647121
0.0075275474008873
0.0077329713108748
0.0086018619027849
0.0092886920184921
0.010050440157251
0.0101575546096194
0.010135744414802
0.0101542654431269
0.0100901903461482
0.010141441462032
0.0101761404098208
0.0096657864418494
0.009029458791711
0.0077293237093134
0.0070475033680456
0.0066742100593367
0.0070360218238362
0.0073499646103545
0.0075534363125452
0.0076571233238483
0.0075102658906976
0.0076826000143906
0.0074888029250058
0.0076389338511739