0.0055872335085606
0.0057025568981973
0.0058791241213909
0.0060129593513631
0.0061414445367294
0.006356333827089
0.0063267924762885
0.0062166206206756
0.0063382874142618
0.006525415727057
0.0064152624419733
0.0062156117011635
0.0062410170207343
0.005962860785063
0.006012554699177
0.0060197647607097
0.0058598249006045
0.0057571705583382
0.0058191470719156
0.0057792485286882
0.0055304038468531
0.0055623297033146
0.0058728154646593
0.0058120501029387
0.0059815270562771
0.0058796001425125
0.0059425274348422
0.0061365021769337
0.0061714228430566
0.006241345262198
0.0060977760921765
0.0061322468132308
0.0061531025115232
0.0059247217293492
0.0059546983925165
0.0059909808913748
0.0059667742849409
0.0057950381528981
0.0056036738786659
0.0055093926555703
0.0055215877421273
0.0056542111146769
0.0055913246983609
0.0054890168496712
0.0056820675551806
0.0057017592288312
0.0056245516784696
0.0057275011561014
0.0058404819116978
0.0056974187668438
0.0058276306831555
0.0056015545139265
0.0055972198909393
0.005709443837475
0.0057710834383619
0.0056345461245925
0.0057076358728037
0.0056168674896818
0.0057306228661806
0.0055132778769442