0.0010667030376715
0.0010597761960885
0.0010594916843885
0.0010540202328109
0.0010575361368055
0.0010541788467079
0.0010613609901819
0.0010622186581032
0.0010810326917633
0.001073761749359
0.0010914634636463
0.0011008353293966
0.001102891488591
0.0011034164995392
0.0011167809184013
0.0011084891627709
0.0011033943239415
0.0010856306074895
0.0011001628987189
0.0010862870888669
0.0010936505338989
0.0010781453558831
0.001081734724885
0.0010763239357965
0.0010822359834938
0.0010713827510681
0.0010787030399598
0.0010847535535643
0.0010920947020588
0.0010861380022291
0.0010989256466683
0.0010933558500026
0.0011001921323004
0.0010894003499026
0.0011020052935076
0.0010937875232841
0.0011076371692712
0.0011172047057537
0.0011345791850319
0.001148583002397
0.0011671853082656
0.0011678862155759
0.0011568529253891
0.0011674978758169
0.0011917119077171
0.0011879304392632
0.0011954527274746
0.0011847366667279
0.0011695155917276
0.0011491557803734
0.0011410242019765
0.0011149070861564
0.0011017917927038
0.0011017137191306
0.0010906502873248
0.0010717032941004
0.0010695877266135
0.0010617612917146
0.0010700844080568
0.0010592565065294