0.0010728096208948
0.0010783885833987
0.0010620936149695
0.0010589664567993
0.0010599880512351
0.0010560458160819
0.0010527051303124
0.001054105419383
0.0010543183664426
0.0010459168579121
0.0010385673148908
0.0010419257583103
0.0010323497586448
0.0010381260282448
0.0010355466035044
0.0010313937739532
0.0010301885206354
0.0010310371829465
0.0010377844043347
0.0010392278437226
0.0010335751674545
0.0010377363251296
0.0010264179782753
0.0010334460414574
0.0010333332366116
0.0010324744839555
0.0010377246713497
0.0010390710477013
0.0010402054157047
0.0010361234035464
0.001041345673651
0.0010531062784148
0.001045125087052
0.0010589500285652
0.001060525097932
0.0010665377030056
0.0010697453571936
0.0010711850722282
0.0010790119233421
0.0010881368725694
0.0011079341454899
0.0011085871662189
0.0011040902705233
0.0011152284099485
0.0011098478431087
0.0011103277644034
0.0011072221464342
0.001114312287235
0.0011082846063877
0.0011053758310592
0.0010993952686767
0.0010906993757982
0.0010810786250786
0.0010845052791729
0.0010800297927695
0.0010743644267176
0.0010713722129117
0.0010753414027765
0.0010579757244512
0.001055266817879