0.0062597051046906
0.0064491371054286
0.0062568882254904
0.0063185843895808
0.0062608844937859
0.0061592951044037
0.006059845957386
0.0060759427362532
0.0058786237445876
0.0059870091040724
0.0058383892314607
0.0061332922580645
0.0060822763105242
0.0062293187072465
0.006067726492612
0.0060843848013378
0.0061977502600896
0.0062723433193748
0.0061790279796909
0.0063584457395861
0.006174906833095
0.0063688190158615
0.005999268094149
0.0060526539760681
0.006050644311892
0.0060221228560399
0.0060604680696529
0.0059399966944261
0.0060092074114147
0.005991574048109
0.0060460240040857
0.0060314425679914
0.0059636093678361
0.0060417919579133
0.0057817201769975
0.005792396182606
0.0058734357672223
0.0060047709242292
0.0061903116510496
0.006128093373998
0.0062382459575702
0.0061821233296061
0.0062866050768276
0.0063626466934999
0.0064611968669336
0.0066286419963996
0.0064949051407475
0.0065696403713979
0.0065617883083346
0.0064047292316206
0.0062706738554741
0.0061594485418694
0.0060808388756498
0.0059953825217753
0.0059064339888668
0.0059001863833093
0.0057671912236564
0.0057519020304385
0.0056792399948739
0.0056711009863443