0.006394887035358
0.00610790585759
0.0061847614675536
0.0060931107046799
0.0061790583981001
0.0061656163329608
0.0062490263705379
0.0059546282890059
0.0060400973604579
0.0058468596973125
0.006260460751907
0.0067581297481305
0.0078425217669069
0.0086327205273618
0.0094592125350205
0.0092740639519852
0.0093932697156578
0.0093957038423966
0.0094967131475552
0.0094981016276895
0.0095727190539385
0.0092899416474919
0.0088175090676883
0.0077931001654575
0.0070065796084562
0.006216410443713
0.0063638009577536
0.0062635919470714
0.0063347001738945
0.0063759820205638
0.0065420179393323
0.0064214555539547
0.0064682310567264
0.0062791518862512
0.0064534256135248
0.0063752676133062
0.00697595229391
0.0075071079985059
0.0083770169525006
0.0090045610027442
0.0095694800481031
0.0092389167801104
0.0093585529110614
0.0092590335710367
0.009263572320782
0.0090935834484262
0.0093027291036152
0.0085959743109351
0.0080682623977246
0.0070793157426127
0.0064521423198732
0.0058713750184502
0.0061085485174216
0.0060067396458445
0.0060750320161262
0.0060785397019837
0.006178013268169
0.0059766198508237
0.006108894332214
0.0060119101171916