0.0053896894355802
0.0064353034304626
0.0074697971479504
0.0084244274222905
0.0082119705568327
0.0100279464328649
0.0109658410197706
0.0116377850710893
0.0125247946224045
0.0132581931915654
0.0132667479394112
0.0131893873377678
0.0127602769820459
0.0124704403438085
0.0133066237652572
0.0136207238251522
0.0125467810523311
0.0129606895273745
0.0127224175725621
0.0119805220097582
0.0128770153392758
0.0129939506408755
0.0123371775912238
0.0130961015834253
0.0131483955522743
0.0119085804736751
0.0127351747875148
0.0130783164001264
0.0123081583214897
0.0132792479289298
0.013404685945676
0.0122630000366724
0.0130386960537665
0.0128507932150914
0.0123212756006656
0.0125376480014244
0.0127068696759986
0.0119599834907819
0.0126366462749072
0.0127159328167727
0.011868287343404
0.0123212512289272
0.0125091500182287
0.0115234034663668
0.0127826409220101
0.0130202584789977
0.0125280253985618
0.0130426250942915
0.0129524311005456
0.0118837053743317
0.0128383868453013
0.0129143976760141
0.0124206892096849
0.0133137556324549
0.0131668824770386
0.0122056949183797
0.0127797206229601
0.012943377629816
0.012296480807333
0.0117016238929136