0.0066131579700872
0.0071405024419886
0.0078831650690479
0.0080763544638346
0.0085146137995405
0.0088586340723384
0.0094672781441328
0.0101469572068376
0.0108001692595826
0.0109788397079951
0.0108515470313156
0.0106762227896943
0.0104440318066137
0.0104797135298414
0.0110974158247015
0.0111514839249992
0.0110600610329514
0.0111095483510159
0.0109494393843345
0.0108740837895118
0.0113413084389285
0.0113714181296191
0.0116289730736959
0.0117897037287893
0.0117357232825802
0.0113132552470982
0.0115874085265329
0.011726824654909
0.0115139368245258
0.0116003583132692
0.0117984667270421
0.0113797952121911
0.0117120950612375
0.0115426931426003
0.0115922155403078
0.0113999323073023
0.01151779889104
0.0114020920555781
0.0114746508288729
0.0115454407600846
0.011655662812358
0.0114924584059009
0.0116864808191957
0.0114178778676087
0.0118395624126779
0.0121326529391495
0.0122054128360634
0.0121210957721963
0.0121248913228767
0.0120008549067434
0.012373176809644
0.0120956605180006
0.0119653239730806
0.0118940832646241
0.0114910210098586
0.0112411701803404
0.0111420849331706
0.0109679554636827
0.0109622311319036
0.0104309935015842