0.014341302883797
0.0149593530189509
0.0150844232777932
0.0052283507815773
0.0052778429835648
0.0052035306416437
0.0140488553799684
0.0137721058995434
0.0137787454181396
0.0140341600246394
0.0132293749470581
0.0136980289757899
0.0135954172602935
0.0147178139455234
0.0137480093306067
0.0139165745465162
0.005311857602366
0.0144225843373494
0.0151268093921894
0.0150564494268685
0.0150045786942605
0.0150812063971585
0.0151051379617348
0.0149872462360898
0.0160800651345604
0.014590570697037
0.0143139757617853
0.014349183235309
0.0051817526390697
0.0143654890719095
0.013607416315385
0.0136756552166666
0.0139858384299322
0.014057551424963
0.0141414950082742
0.0141104157330153
0.0134213786690455
0.0141001165722067
0.0134267445062846
0.0140718995103453
0.0133524203452293
0.0050510872134844
0.0152896751691094
0.0144079855951341
0.0139166953216371
0.0143050951420713
0.0144189211516681
0.0143324855607914
0.0143107891599014
0.0143310772120505
0.0145083267740447
0.0144068070597304
0.0136733925588587
0.0141236804209963
0.0140936159370554
0.0149725941639716
0.0150943058053817
0.0147646129524362
0.014846214431059
0.0158948062611343