0.0011255274606419
0.0011263066749154
0.0011212249864888
0.0011239231708781
0.0011140683088923
0.0011214401853834
0.0011240853914446
0.0011257981298506
0.0010524908938731
0.0011364788857443
0.0013483277571669
0.0012948149497006
0.0055128467458449
0.0082019864151081
0.0099992109060865
0.0100979103875497
0.0108766108521726
0.0110762075097705
0.0103726417741101
0.011728340858734
0.010808631420765
0.0105527115437046
0.0075941342841368
0.0070164695604101
0.0036768830538071
0.0020941085173627
0.0011259068238828
0.0011233347390036
0.0011218297010314
0.0010763441231426
0.0010571677556042
0.0011197880032868
0.0011175471777167
0.0011171236070724
0.0011119768507398
0.0011188632395375
0.0010589975566106
0.0029256462074739
0.0050148470027543
0.0076948870011131
0.0088078676095524
0.0091940968860034
0.0085383899442093
0.0091673830386367
0.0092351039353816
0.0091328077798619
0.0090910203637551
0.0085294713793487
0.0078193342774305
0.0056119598109694
0.0025555719092132
0.0012094931312646
0.0011010880640464
0.0011087020313992
0.0011151036190476
0.0011143303947249
0.0010590575776358
0.0011251412691813
0.0011207731658836
0.0011256047771534