0.0020289339195524
0.0020361193866742
0.0021016958988814
0.0020817277648597
0.0020815939336249
0.0020654337371345
0.0020847020798536
0.0020756647064685
0.0020670319515467
0.0020805127213995
0.0020562214887486
0.0020494179496533
0.0020559604361947
0.0020409776159307
0.0020295414397065
0.0019034455777793
0.0020364312979368
0.0019623755876396
0.001988638501918
0.0019777495758111
0.0020391714131096
0.0019531294218903
0.0020411336052526
0.0020262126928113
0.0020288485066441
0.0020553398104093
0.0019260287917243
0.0020646618326837
0.0020557577202337
0.0020343889140394
0.0020478814285713
0.0020264849409213
0.0019171636096503
0.0020308508704126
0.0020257643703378
0.0019252237319494
0.0020306359104907
0.0020180738064567
0.0019856490757101
0.0019592575267989
0.0020033955573465
0.0019963762497966
0.0019876827818364
0.0018906033347885
0.001992465182097
0.002014928979294
0.0020216802473694
0.0019917063819053
0.002000309222855
0.0020060539298299
0.0020018566505981
0.0020086737438216
0.0020399934655124
0.0021428111605774
0.0021625649661548
0.0021452920155678
0.0021707480406959
0.0021604344005362
0.00220386656795
0.002094071537177