0.0010976875305181
0.0011008738494067
0.0010418267840896
0.0010918633642332
0.0011027414090539
0.0010987272580442
0.0010940123508288
0.0010996899897763
0.0011007283477214
0.0010891581100651
0.0010815554985995
0.0010868788393437
0.0010949373477012
0.0011093632659136
0.0011097550383341
0.0011073272721098
0.0011141255482642
0.0010597187941535
0.0011253385829902
0.0011199372304388
0.0011186533892146
0.0011231990920407
0.0011104818248174
0.0010399254079566
0.0010854812793912
0.0010847361668436
0.0010819364562923
0.0010758400122087
0.001069941336012
0.0010636772108226
0.0010599354827778
0.0010561107599535
0.0010493876165474
0.0009916032900051
0.0010589346099782
0.0010589346099782
0.0010663923971152
0.0010661920645996
0.0010760751787799
0.0010996880108234
0.0011019009146597
0.0011126090530768
0.0010558776775614
0.0011273659997105
0.0011191395116352
0.0011180273979514
0.0011248006400907
0.001112287463263
0.0011079921795558
0.001106739309294
0.0010955687865496
0.0010954050454603
0.0010347107811302
0.0010922033333999
0.0010988188906103
0.0011052920730819
0.0010423839762496
0.0011037432897708
0.0011287261840598
0.0010701963455048