0.0011036015772984
0.0010990555636734
0.0010864336565751
0.0010919364212364
0.0010881855296969
0.0010908023178686
0.0010893730479655
0.0011094343844633
0.0011054049098705
0.0011263366580865
0.0011337404724408
0.001149013159308
0.0011488991288818
0.0011607112258111
0.0011486890299515
0.0011555326097023
0.0011517008130961
0.0011591792400663
0.0011449844364936
0.0011267389508542
0.0011292880268339
0.001128939183846
0.0011160018892652
0.0010365521323851
0.0010987269914783
0.0011125665985077
0.0011090123700698
0.0010922085008297
0.0010971274989385
0.0010396820693255
0.0011206053555923
0.0011034406057362
0.0011044704911192
0.0011056393935551
0.0011045943941243
0.0011047225780557
0.0011132275188216
0.0010950235844743
0.0011048942582865
0.0011037881355931
0.001027822582066
0.0010955278912728
0.0010917764352514
0.0010980729673499
0.001097696920465
0.0010927269222254
0.0011109210239055
0.0010909634414863
0.001106168219509
0.0011307956709488
0.0011334979492117
0.0011291926461171
0.0011262346516575
0.0011328032993326
0.001142868235636
0.0011462915004603
0.0011585647340301
0.0011446992084962
0.0011599381424956
0.0011580518527173