0.0061807870101729
0.0063464324246868
0.0062846074372408
0.0060167337586661
0.006170766542213
0.0060901245436031
0.005950215207938
0.0059122248215433
0.0057116016529835
0.0057672461120669
0.0063992690595153
0.0072514863532402
0.0079631209200036
0.0089447564513499
0.0088732196194196
0.0092291657464127
0.0096401185595264
0.0097063175936352
0.0094091835333563
0.0098287569285857
0.0101511504428317
0.0091465767763169
0.0080315028621831
0.007387924156141
0.0064744492782863
0.0061959152415405
0.0061023998043151
0.006161317962239
0.0061215641505615
0.0062739962477577
0.0062739962477577
0.0061212723752583
0.0061690046254985
0.0062954460602272
0.0061135813220641
0.0062930286370777
0.0068764655576296
0.0078525885582681
0.0089470933424475
0.0096017124169925
0.0096788800729424
0.0097864502243306
0.0094012502201597
0.0091167956001626
0.0097257461641942
0.0098520945818631
0.0093887185717953
0.0088923945616282
0.0080101981868996
0.0069203836515992
0.0062465133146844
0.006172334448702
0.0060271930843556
0.0061301952294376
0.0061021399200977
0.0061021399200977
0.0061896863782284
0.0059881869237217
0.0061592536224558
0.0058353031392485