0.0011099596524812
0.0010481807205592
0.0011023215271987
0.0011000443977334
0.001093088020248
0.0010208448392734
0.0010958858838931
0.0011084519893327
0.0011067542686364
0.0011127185193266
0.0101906698976841
0.0250797663902592
0.0345843652128802
0.0420619396551722
0.0486871976369881
0.0490819559923903
0.0503888409463184
0.0460345517961075
0.0495443001537003
0.0500844795301089
0.0495674423147333
0.0404208929566692
0.0253584195005507
0.0169308976175832
0.0054431505577219
0.0011475897619573
0.0011041777467261
0.0011029451821985
0.001100990437208
0.0011092792248872
0.0011057582574185
0.0011134010439243
0.0010515281866293
0.0011113168249416
0.00110996058375
0.0018516853095342
0.0099046094351152
0.0108315601747937
0.0202144165409297
0.0347700105949468
0.0387069632655328
0.0384012744712876
0.0384757076042756
0.0382405860518666
0.0382405860518666
0.0405865766996326
0.0371664394505053
0.0294139193400553
0.0210404906493076
0.0192086607446988
0.0072046909839261
0.0011200996890869
0.0011463639804135
0.0011586709838109
0.0011577188067807
0.0011584312890507
0.0011613442913517
0.0011492694839628
0.0011581185140649
0.0010984371040252