0.0124317629334951
0.0125920036281013
0.0128238239664201
0.0125282643227729
0.0043339053808729
0.0124923171075963
0.0123392127197386
0.0123784067048803
0.0123529606047622
0.0122623427011544
0.0125164606986503
0.0124433015422734
0.0127741489220686
0.0123096847068468
0.0125287102956791
0.0125177657674011
0.004390706580287
0.0130295532836043
0.0127728886517768
0.0126357815215625
0.0127843406641104
0.012773208761562
0.0126265295452892
0.0125596533661324
0.0127362654341128
0.012774082764994
0.0127694369267112
0.0126054722624657
0.0042060987136061
0.0132180192381968
0.0133806909890272
0.0133054523779282
0.0131655693238716
0.0133686032551336
0.0130790156891442
0.0130843653853122
0.0133117589920822
0.0131537515676266
0.0131694029712836
0.0131120246955957
0.0042288967305045
0.0129409540512162
0.0130240726848365
0.0129588704029611
0.0128992458234317
0.0129868090968848
0.0131361784867586
0.012660498218358
0.0128931750587478
0.0127182496500399
0.0128869134916186
0.0131291678018111
0.0039606815417335
0.0127764422081235
0.0129536309838606
0.0129396916744757
0.013110140368928
0.0127875696499585
0.0132537702881992
0.0129161343058075