0.0042514583167276
0.0042051561270477
0.0042043792378639
0.004189276724751
0.004100144006996
0.0040811151949962
0.0042334909545281
0.0041171144674954
0.0041894916737637
0.0042342657393058
0.0042651616495813
0.0041402774719749
0.0042683460025496
0.0040850170997516
0.0043106307361375
0.0042411692593875
0.0041872732006125
0.0040780430574648
0.0042142933199672
0.0041906177545691
0.0040405619083116
0.0041066596403195
0.0041835124817241
0.0040825444265829
0.0041567149362805
0.0039954929095444
0.0041716385587591
0.0041322793395723
0.0041955229287707
0.0040410140571283
0.0039898915965308
0.0041660025751682
0.0041347377951614
0.0040888287459549
0.0042468471900008
0.0042115147549303
0.0043144110658335
0.0041814128131021
0.0043374391980478
0.0042226959919102
0.0043171352850596
0.0042872851031706
0.0042548775383037
0.0042215626745523
0.0043240765766587
0.0041950589914194
0.004328204851752
0.0041738988690139
0.004224969978504
0.0040771521009918
0.0042036365635194
0.0040919368604082
0.0040860483927355
0.0041068415526681
0.0042234052314606
0.0041536438918918
0.004228754310504
0.0040996247992467
0.0042872140044079
0.004242489542437