0.001144499963582
0.0011379629118383
0.0011394258446197
0.0011339412264343
0.0011248535908092
0.0011286527347686
0.0011326744358319
0.001179740742106
0.0011727755311117
0.0011875511612251
0.0014014987092492
0.0014128184819692
0.0014018343397745
0.0013773965523369
0.0013705040998981
0.001379999783811
0.0013847827325176
0.0013741264194072
0.0013324641304547
0.0013294628213532
0.0013152729793056
0.0010305819180639
0.001017987198486
0.0010266598409328
0.0010394841732224
0.0010472803078896
0.001038990976404
0.0010377701159888
0.001034967828418
0.0010318665893272
0.0010234691833308
0.0010350800295404
0.0010361524750329
0.0010431854931512
0.0010399943441861
0.0010405256912653
0.0010349233470731
0.0010561141011256
0.0010586197396306
0.0010767446321002
0.0010635887593732
0.0010768494818226
0.0010562068222884
0.0010616894879105
0.0010467000605218
0.0010508979517919
0.0010516125029393
0.0010575451106927
0.0010349337737495
0.0010317191803644
0.0010181602425756
0.0010304311341653
0.0010195781479134
0.0010367048103215
0.0010275145471904
0.0010299468450684
0.00102952818599
0.0010209255041477
0.0010173595823558
0.0010226883505117