0.0043917783032756
0.0044227601358598
0.0044213847685596
0.0043034228779037
0.004284191278475
0.0041118177655512
0.0041899081598822
0.0040972795941793
0.0042701468063801
0.0042033064235166
0.0043098374694098
0.0040498932608081
0.0040107688408673
0.0039450592794188
0.0041804626002104
0.0041833846001939
0.0041527071262346
0.0041068015069502
0.0041325839881078
0.0039910448456716
0.00396927578828
0.0038557090860455
0.0039539272135702
0.003961101722634
0.0041311558693603
0.0038494141260888
0.0038312762766622
0.003825402972825
0.0038381966700003
0.0037187849313806
0.0036998511231803
0.003664614897559
0.0038703021790156
0.0038300428899763
0.0037909028460708
0.00377461387225
0.0038848144391408
0.0039363452652725
0.0040543752022436
0.0039856591799145
0.0041238460879392
0.0040852770883831
0.004124692342945
0.0039442617411952
0.0039945184066519
0.0040275639328678
0.0040882099959841
0.0039880538712101
0.0041571698849997
0.0040759299856209
0.0043482232817134
0.0042696733579631
0.004423034788763
0.0043674919872084
0.0044418655551741
0.0044041435584647
0.0045303048546199
0.0043469101177729
0.0044750139247802
0.0042499197742573