0.0010409576400495
0.0010463682086366
0.0010378106286082
0.00104605762987
0.0010317120936375
0.0010433606967011
0.0010398728130173
0.0010415272800855
0.0010267987954457
0.0010237190103557
0.0025051160963333
0.0128787029599827
0.0252991753469688
0.0442892882840061
0.058034246331767
0.0705257770580096
0.0745482044813371
0.0755574589820089
0.0747523208309495
0.0738617551571879
0.0769923883280521
0.0742240607481711
0.0647745321713842
0.0518720879727076
0.0356850702135425
0.0282978477288521
0.0254798795451172
0.0363234507482769
0.050900766873272
0.061950183067803
0.0721209895660422
0.0741093554396968
0.0758208210959854
0.0754109886898301
0.0753011895321896
0.0738855982998568
0.0669519814188564
0.0572059148990219
0.0426597715503944
0.0327559582995878
0.0321029448250022
0.0359465565675149
0.0458903265776632
0.0556193258090586
0.0666849257777536
0.0718833354871964
0.0733382932440613
0.0743460692281619
0.0753939902661433
0.0736075959100865
0.0688468039942047
0.0588512930434156
0.045371578175149
0.0362751745653289
0.0362396325064342
0.0391444137581642
0.0474159201888889
0.0564839740369435
0.0665842874524991
0.0725372339189804