0.0043577739087
0.0044757947529467
0.0042477184837544
0.0043470767641997
0.0041122771909233
0.0042152606647094
0.0042526960674466
0.0044705324526559
0.004547522168395
0.0044731763630497
0.0046464911227762
0.0049508249465251
0.0055831982137034
0.0062683675196599
0.0069569946204754
0.0075038401469149
0.0074750282109338
0.0076485608384738
0.007328224251317
0.0072253915455794
0.0072431218291724
0.0071968276977414
0.0067254180178855
0.006130710386572
0.0055801524833101
0.005379625423851
0.0053888680996405
0.0058908336764406
0.0062500919657681
0.0069755569215101
0.0073181881275575
0.0075109915740605
0.0073313561492169
0.0075176515729004
0.0074313936525408
0.0074915796226963
0.0070066191560303
0.0065946929944294
0.0059444609652043
0.0057332219448236
0.0054237189839424
0.0056802855973508
0.0061361929763877
0.0067536276185933
0.0071014629046433
0.0073592200913565
0.0074212380995101
0.0074979156385767
0.0075535794499277
0.0075627417614571
0.0071068389485575
0.0068641992157285
0.0063032809971692
0.0058957840118537
0.0056979216103989
0.0059207029826689
0.0062456557907984
0.0066139049654049
0.0070061050873446
0.0072796378978695