0.0010611772831928
0.001049436287887
0.0010465030424086
0.0010304899009392
0.0010323869727536
0.0010118003815758
0.0010157584079209
0.0010111381984454
0.0010205851611155
0.0010195489660695
0.0026183798703665
0.0109993450412456
0.0229897947907417
0.0425102665908023
0.0614667359950587
0.0732811481468274
0.0783021593590836
0.0798035915897243
0.0794458990191258
0.0799499022497208
0.0785086814195869
0.0790547143938836
0.0682166215407626
0.0564141961276195
0.0402312366072237
0.0276560932564465
0.0250459806679358
0.0377269787464047
0.0516647419227097
0.0632472572267874
0.0705392824496577
0.074230414925427
0.0723751899696579
0.076170054670085
0.0764381233854835
0.0714129364829959
0.0651196061728393
0.0551588967839515
0.040408939357284
0.0338273694345912
0.0299874674344428
0.0379654206315269
0.0461228511898222
0.0563649483510931
0.0680616069148928
0.0718269959265709
0.0779447698843569
0.0784011801060426
0.0781765127603409
0.0767799561118161
0.0687398940446692
0.0586804707950773
0.0462128653539805
0.0382677884348463
0.0363894349331037
0.0362259949177613
0.0474168219631841
0.0539388844321031
0.0627194251123308
0.0705550904646782