0.0017373275560161
0.0017244279098762
0.0017292104684809
0.0017060789003536
0.0017233954452865
0.0017256858306099
0.0017440774908421
0.0017345203883145
0.001756750626794
0.0017521324764845
0.0017714446200806
0.0017733910353236
0.0017704163193927
0.0017547904854825
0.001746398616633
0.0017300122329147
0.0017360105736576
0.0018466397107774
0.0018496012837764
0.0018570114217618
0.0018555303044254
0.0018399736732059
0.0018257713426029
0.0018203639744951
0.0018238663098653
0.0018434835781389
0.0018637808928925
0.001848712340194
0.001744529347346
0.0017324246947825
0.0017267330303839
0.0017309775904269
0.0017241720878263
0.0017389394019722
0.0017284214695689
0.0017400004107142
0.0017378700255373
0.0017217935062072
0.0017301827558129
0.0017303226849979
0.0017336418805905
0.0017011096978459
0.0016813307170055
0.0016763768776874
0.001692722261872
0.0017008129510753
0.0017112253854846
0.0017337995808036
0.0017339958767798
0.0017068938143952
0.0017272988117281
0.0017394803646308
0.0017509473068343
0.0018462217407204
0.0018858049542875
0.0019028766535767
0.001988865990497
0.0020639997448979
0.0020285617082747
0.002025240395288