0.0009100183794007
0.000916055900507
0.0009095720075998
0.0008964851740202
0.0009009318855795
0.0008901670927716
0.0008955941979027
0.0008967374672361
0.0008917506455452
0.0008931566136575
0.0008884268002165
0.0008887906577521
0.0008917714147961
0.0009011412516567
0.0009143441412164
0.0009181374520816
0.0009346075163458
0.0009463512233622
0.0009555613071561
0.0009631654903825
0.0009557293399989
0.0009643340521213
0.0009574985568667
0.0009513796921853
0.0009496582737767
0.0009423999456127
0.0009279876608463
0.0009077228957394
0.000894407020666
0.0008776431233458
0.00086720286065
0.000872699384498
0.0008737461093014
0.0008768963026781
0.0008725678763441
0.0008648465620925
0.0008555321067558
0.0008659629177003
0.0008816644635581
0.0008832001725625
0.0008850703052222
0.0008851145727152
0.000874548737829
0.0008715563771474
0.0008676750243339
0.0008654159688448
0.0008740670721831
0.0008862141826352
0.0008779071429864
0.0008665676690385
0.000876664599049
0.000871494345894
0.0008742781624452
0.0008794175469911
0.0008721819379417
0.0008705870066264
0.0008721667884678
0.0008619290831203
0.0008629258409095
0.0008623485706974