0.005495640119662
0.0056402354263719
0.00570330343508
0.0057803705860086
0.0056993925682413
0.0059372060507854
0.0058541982275011
0.0058201916382095
0.0054728987860804
0.0054847100075051
0.0053897882149173
0.0053997087376889
0.0053761439055047
0.0054198280588809
0.0054609982073335
0.0054577389921007
0.005344573290559
0.0054097253474152
0.0052542888662531
0.0054741065681926
0.0055569517951652
0.0055986364038972
0.0056074659644333
0.0056788966906003
0.0056239387972807
0.0056357230449326
0.0055844220225127
0.0058150572910191
0.0057344645751866
0.0060955314440234
0.0059780542577517
0.0060408697515937
0.0060018088549075
0.0061275375223134
0.0060916851661528
0.0060612961850903
0.0058452944854206
0.0059904059586324
0.0058923139037919
0.0060257647371411
0.0058203561722241
0.006052260096548
0.0058561779634787
0.0057441326788526
0.0053574428261938
0.0052475471107367
0.0051396935079105
0.0052793819833159
0.0050067076012576
0.0049165679551122
0.0048177020591904
0.0048522880788679
0.0046351629824781
0.0048290984206994
0.0049340609828407
0.0051143530402591
0.0050545804900099
0.0049592783685072
0.0048483660125892
0.0049626689646414