0.0055480621166621
0.0053589841564862
0.0055110127162208
0.0052555834204926
0.0054587184806776
0.0052676253519621
0.0055003450786681
0.0054955650724018
0.0055857219617474
0.0054546977135486
0.0054377886933884
0.0053426057811928
0.0054102367184879
0.0051868310048997
0.0054618872522813
0.005173426476644
0.0052254727397565
0.0049409124188151
0.0050453526257227
0.0049770822889445
0.0052197767882689
0.0053162404656177
0.0054422841170963
0.0053601353458939
0.0056298425832861
0.005510103583181
0.0057835921402214
0.005766428964006
0.0058923018459185
0.0058673435334978
0.0060523483047916
0.0059318606626258
0.0059641788206807
0.0059672846738092
0.0061708444916106
0.0060068011384368
0.0061767377914331
0.0060021212579544
0.0059951482363473
0.0060557285677758
0.0060618857375271
0.0059163486231804
0.0057943999593931
0.0055719002393666
0.005351640915436
0.0050857215185292
0.0050417868968522
0.0047945569928556
0.0047574333748001
0.0045390642367772
0.0045829718018883
0.0045008273573601
0.0046253654856815
0.0045871639419883
0.0048066753325922
0.0048591163410619
0.0049569966238411
0.0047550850438819
0.0048420086954949
0.0048387811842056