0.001061626045022
0.0010589980667246
0.0010648059064654
0.001067719107407
0.0010585621648607
0.0010538693177646
0.0010351031513999
0.0010313438030715
0.0010255355189283
0.0010243907324789
0.0010313535126916
0.0010359788134842
0.0010418971449622
0.0010456557812057
0.0010511247246846
0.0010722643458792
0.0010769460172962
0.0010976054476304
0.0010874668430174
0.0010861810455361
0.0010854369110043
0.0010812473025773
0.0010740316251666
0.0010716483288696
0.0010574495756319
0.0010530383561643
0.0010381567544222
0.0010296326694507
0.0010306044580813
0.0010312494983516
0.001022531538337
0.0010252470150353
0.0010227656342183
0.0010179850770218
0.0010084638067307
0.0010086136334475
0.0010040254446994
0.0009995207037658
0.0009956627746741
0.0009871484267878
0.0009876966888394
0.0009904803084051
0.0009781839192766
0.0009575017511257
0.0009322552036034
0.000923463751247
0.000914224852606
0.0009137538238249
0.0009093612290644
0.0009167803276928
0.0009229318606657
0.0009250889542697
0.0009242725567333
0.0009345553129151
0.0009545967196421
0.0009751354558184
0.0009712388024644
0.0009673786534879
0.0009408298892318
0.0009325485091764