0.0015854822071989
0.0015712506547553
0.0015922073413588
0.0016022086767193
0.0016147462450024
0.0016142376107647
0.0016118273285098
0.0016058600392293
0.0016059399385283
0.0015941829590368
0.0016252160496113
0.0016019531799238
0.0016113638734978
0.0015958043176132
0.0015899351592146
0.00158131049809
0.0015780528132992
0.0015539537435379
0.0015636086413364
0.0015585176020221
0.0042416626126615
0.0041862344278428
0.0042622982040294
0.0042379301035302
0.0044110467037935
0.0045989846592803
0.004578173054503
0.0045664055539326
0.004636847200874
0.0046020379870368
0.0045318058053376
0.0018762150398461
0.0018735042293829
0.0018497920618707
0.0018562836327235
0.0016609858158581
0.0015523353980109
0.0015194280756984
0.0015320100365769
0.0015176295400376
0.0015351845816245
0.0015268694794381
0.0042806401575373
0.1586940262441785
0.2017855650856628
0.2029265784107402
0.2020293833980668
0.2060778893784101
0.2025505428700852
0.2090154366336818
0.2045586497510252
0.2080080553641596
0.2017766464478605
0.1987106898822086
0.0471529670050294
0.0010715253452848
0.0020290045888894
0.0020306771084338
0.0019990145345692
0.0020069506796043