0.0067147760430138
0.006728828410506
0.0067264614664414
0.0067338991157483
0.0066940384427872
0.0066875911306752
0.0066764521709327
0.0066931043732519
0.0066748658458381
0.0066229016245487
0.006630525361865
0.00659393232683
0.0065767970651396
0.0065617023982031
0.0065667936170212
0.0065590842161968
0.0065525252466837
0.0065478992941092
0.0065302481656761
0.0065374067864271
0.0065634453206174
0.0065823230680047
0.0066102093023255
0.0066202470667418
0.0066509753068246
0.0066771718873767
0.0066917520151993
0.00670600722135
0.0067473734314386
0.0067541926347153
0.0067646876068453
0.0067543264369078
0.0067649363401587
0.0067810246434375
0.00680509595175
0.0067844768175437
0.0067687170283806
0.0068082282602826
0.0067905201450301
0.0067868322015532
0.006777087326729
0.0067600044853106
0.0066740324364564
0.0064688059358249
0.0062831597841302
0.0061759389349917
0.006122384542644
0.0060747287683739
0.0059327953205634
0.0058927231664341
0.0058411996646435
0.0058052369049368
0.0058262170332627
0.0058950993884918
0.0060538948689296
0.0061252004619019
0.0060984464429333
0.0060576258326623
0.0059635561209654
0.0059185924078791