0.0011259751253761
0.00113635264343
0.0011366088911359
0.0011273923774558
0.0011204302626778
0.0011363846318149
0.0011342669904712
0.001165572654813
0.0011748549962574
0.0011797288997355
0.0011658784434316
0.0011719973378068
0.0011681346353549
0.0011783255716953
0.0011899403626128
0.0012026855711917
0.0011969288164194
0.0012133605079735
0.0011695281750305
0.0011730699947792
0.0011574229649576
0.0011731938950069
0.001181345013477
0.0011797465131158
0.0011802420473615
0.0011842544836804
0.001173242496153
0.0011815217985917
0.001162441173289
0.0011637291774861
0.0011542945627083
0.0011584539715748
0.0011541091501245
0.0011434078239067
0.0011370387185499
0.0011265831304161
0.0011138630470736
0.001119283847398
0.0011101045694678
0.0011188799756368
0.0011175693958008
0.0011236396111522
0.0010977124830024
0.0010752564035154
0.0010394960373466
0.0010231397037146
0.0010140408744897
0.0010227279430885
0.0010143614916423
0.0010156076646276
0.0009992088053081
0.0010012049558167
0.0009990268155603
0.0010318785558578
0.0010499399194192
0.0010797498952736
0.0010805668101901
0.0010717982214541
0.0010485598930197
0.00103092479727