6.906736131493977e-07
7.000483433118881e-07
6.672574213557815e-07
7.201193504580831e-07
6.766957834573486e-07
6.990864527629229e-07
6.870187219444539e-07
6.943547940910678e-07
6.827331084756821e-07
6.959205929650093e-07
0.0
8.067223945463791e-07
8.209508863287804e-07
8.444281390443003e-07
8.097591866171793e-07
8.294115527368388e-07
8.289634805157391e-07
8.339492753623194e-07
8.386591364547282e-07
8.15179472649679e-07
8.26522550991095e-07
8.318996674859049e-07
0.0
1.2293256416e-06
1.2415420638e-06
1.2043710764e-06
1.2230294224e-06
1.2245194842e-06
1.2341018216e-06
1.2240520594e-06
1.2514635098e-06
1.2116087011e-06
1.225522312e-06
1.2140770922e-06
0.0
1.2093752784e-06
1.2864401638e-06
1.2700896617e-06
1.2189128013e-06
1.2287354448e-06
1.2120324389e-06
1.233022588e-06
1.2493693494e-06
1.2206451148e-06
1.2333587814e-06
1.2207109959e-06
0.0
7.609599429030254e-07
7.471226109349553e-07
7.899825880783918e-07
7.777230701898363e-07
7.802414928649847e-07
7.762226307263902e-07
7.857037582903475e-07
7.827475451959266e-07
7.793859649122818e-07
7.821015954520458e-07
7.782339738325953e-07
0.0
1.2512729687e-06