0.0010705588348171
0.0010674233839146
0.0010743941542814
0.0010572082389067
0.0010540800441914
0.00104444962997
0.0010384504235087
0.001023985292463
0.0010281853206353
0.0010106744467754
0.0010147374487704
0.0010056772973168
0.0010135330416736
0.0010075903568923
0.001028079290549
0.0010181823864995
0.0010342060412723
0.0010257213373725
0.0010336892777014
0.0010232787477536
0.0010368691834299
0.0010332974758407
0.0010437557153358
0.0010406564484896
0.0010409584380368
0.001023378094429
0.0010372669289331
0.0010431468291099
0.0010585556827267
0.0010455690355884
0.0010460557144635
0.0010415462012691
0.0010475410913527
0.0010379976130648
0.0010416873956292
0.0010375664193706
0.0010468135747404
0.0010351553315009
0.0010370492127088
0.0010277352526461
0.0010369419633309
0.0010342030815959
0.0010200044681621
0.0009945688592838
0.0009734150696133
0.0009489250554801
0.0009430549225237
0.0009319609116375
0.0009405844134494
0.0009254796247851
0.0009270835001003
0.000916772010131
0.0009270306254256
0.0009448140356687
0.0009835270473739
0.0010088497495824
0.001033628363939
0.0010259936314819
0.0010249119932552
0.0010109685307715