0.0052663963614727
0.005489030478359
0.0054875268151367
0.0054678087780425
0.0054197529797645
0.0054879464849742
0.0052393019311867
0.005217821400601
0.0050152835405555
0.005099705764819
0.0050936643713985
0.0053187556449232
0.0051257424599771
0.0053529518539418
0.0054561045811783
0.005582802415111
0.0055022957507082
0.0056398778948904
0.0056525070989884
0.0058715839181982
0.0057967329931059
0.0059758527023089
0.0059947980803603
0.0061370119932092
0.0059451134278102
0.0060002825255798
0.0057940283812193
0.0058199431877768
0.0057673415657463
0.0058761825815306
0.0056680345894415
0.0058215311018741
0.0057712237866609
0.0056511738234221
0.0056133254655928
0.0056733477349144
0.0055646059536006
0.0057535348962157
0.0057434389866035
0.0059239931864387
0.0057871638225876
0.0059241057225104
0.0055540980898111
0.0053841736051067
0.0051359387577818
0.0049526111782533
0.0047928736249586
0.0048722898414166
0.0045941220445562
0.0046328960716974
0.0045034835766091
0.0044999397907213
0.0043516434347254
0.0045820005132247
0.0047121383568869
0.0049340337041885
0.0048705354031082
0.0048875165036786
0.0046366491625926
0.0047255980684588