0.0077248465385531
0.0073826451852769
0.0071056682147568
0.0066592489068527
0.0064473541356485
0.0062497518890327
0.0061631292306585
0.0060536381398912
0.0058644409127198
0.0056903420632859
0.005819571496307
0.005521845437018
0.0055204685136667
0.0055958704633666
0.0056826780590794
0.0054472669366849
0.0056872722494043
0.005966056787433
0.0063037955002676
0.0066575066808214
0.0072744613989729
0.0072705219549446
0.0075814215987274
0.0077945172451291
0.0075191738177434
0.0074915947790353
0.0077681882882554
0.0075543403645596
0.0072013551741877
0.0067260408111897
0.0063570086105465
0.0058691109783907
0.0059735916207596
0.0058891499470861
0.0056628402757619
0.0057883113325483
0.0059155986512557
0.0056908452597953
0.0055648293490863
0.005525749026348
0.0057747440189244
0.0058374738453078
0.01118476782801
0.0162933923269605
0.0219206139649173
0.0243226923588876
0.0258386502314022
0.0270957005071495
0.0288568688530645
0.0299840802693092
0.0314736482692237
0.0332904648746579
0.0335744057369655
0.0294235695593681
0.0249430221636559
0.0209638134473877
0.021063438366156
0.0215103228562992
0.0231606259196895
0.0250852285243079