0.0011086690107998
0.0011095566302138
0.0011178589072408
0.0011288907174452
0.0011254920481235
0.0011264472685616
0.001127685693735
0.0011388806133826
0.0011394271348678
0.0011352308771678
0.0060855652454066
0.0178426438742156
0.0310657839404123
0.040890200914552
0.0550179098827291
0.0681823438945461
0.0822630265153591
0.0918657365624021
0.1026951620062219
0.1095216356018838
0.1210094577139833
0.1245539676984957
0.1263722458247093
0.12825663496832
0.1274644718423389
0.1255475267113215
0.1249980423957424
0.119682191824469
0.1218282228028251
0.1211640148605806
0.1207877193329973
0.1151236612326562
0.1022918029325511
0.0885842235576487
0.078228132778856
0.0703085620292053
0.0586615806848012
0.0466572537288937
0.0383051054864771
0.0248872741770672
0.0148089488027494
0.0090820577974815
0.0064764203271622
0.0063889329112779
0.0064939827643847
0.011279998178864
0.0193386113455565
0.021667992060471
0.0308358811107117
0.0335573141703484
0.0372592167533088
0.0400666012719804
0.0415531182104555
0.0434080949701465
0.0444459169377215
0.1004403804490013
0.2128393272309556
0.2919504510551268
0.3826209095219561
0.391410976304545