0.0010691701042238
0.0010769687563399
0.0010776190896005
0.0010686309372025
0.0010461095024766
0.0010449148982998
0.001036614627463
0.0010407841483672
0.001039466200168
0.0010337021765246
0.0025642296474787
0.0071984635716891
0.01110246147517
0.0160399290114891
0.0209496293466567
0.0259262958254373
0.0310811305107332
0.0337917659133433
0.0385806833682776
0.0433274374564651
0.0455768489701671
0.0483328329069336
0.046674729337379
0.047268113821433
0.0471419969333405
0.0467173443593313
0.0462467173114369
0.0446158914057418
0.0461516412382234
0.0445393311642149
0.0432668260553526
0.0426207582710194
0.0387485738742835
0.034505265231234
0.0305367101138838
0.0269278271095218
0.0231113589841547
0.0189668884282625
0.0167942141765518
0.0117441671312276
0.008385231561294
0.0057223299420708
0.0045944494792225
0.0045269432495185
0.0045429564519072
0.0050951596836796
0.007640405988221
0.0107886960297323
0.012979733481892
0.0144552057347153
0.017051768039663
0.0183085760595334
0.0190692968741446
0.0200225176713643
0.0199922709206559
0.0393309582330197
0.0818790459309381
0.1285535464583222
0.1492728795474876
0.1421922131864572