0.001789168228091
0.0017917488579874
0.0018026467885709
0.0018037982785811
0.0018075149048026
0.0018362740753166
0.0018475817962009
0.0018548421246958
0.001867351535489
0.0017813629601048
0.0018634854615789
0.0018585503522095
0.0018795073148485
0.0018699447275364
0.0018752415298149
0.001865980634415
0.0018464465185334
0.0018442825321959
0.0017466012256251
0.0018415511706469
0.0017907270403471
0.001781561910843
0.0017661643988646
0.0017439362429032
0.0016998097162291
0.001683019982336
0.001674628179181
0.0016484074502671
0.0016383498517346
0.0014304271116667
0.0015799036137963
0.0016047956110699
0.0015811503765311
0.0015909965028017
0.0015780034455651
0.0015515606019102
0.0014642784141042
0.0015418406956935
0.0015206398542159
0.0015269111758989
0.0015150767205507
0.001516327133071
0.001503397234039
0.0014895876187412
0.0014019651870273
0.0014388956828432
0.0014631837371548
0.00145830197302
0.0014680608559022
0.0014890909904734
0.0013868867151025
0.0015282066488641
0.0015461126628414
0.0015595451206193
0.0016177487454606
0.0016352456608076
0.0015538971444723
0.0016119297498332
0.00170777999629
0.0017255979236701