0.0048680699531627
0.0099580140143524
0.0102172684655868
0.0209316093662027
0.02779445921491
0.0289240908196443
0.0485603848579358
0.0564716491397322
0.0676646674790297
0.0797938867841406
0.0936543306503367
0.1119614590932126
0.1305074482224333
0.1371832214955284
0.1583127607411388
0.1725879986112769
0.1862158948308346
0.1960808407666793
0.2011760254964938
0.2194755254137654
0.2319054774923667
0.2481229228852371
0.2540587295949352
0.2618301817582646
0.2679110616497974
0.2893395650156375
0.281221732880429
0.297614649257124
0.2988062727449851
0.3249470298671073
0.3337338271383266
0.3399653619169429
0.3241552443577269
0.3595813510781943
0.3633745696351582
0.3729829080019168
0.3823066843386258
0.3915022723356722
0.399209370914678
0.4065696614326692
0.4158014038094887
0.4237814830064403
0.4287872716376835
0.41331308429679
0.4355027614232619
0.4434134718025808
0.4420266032399684
0.4413862700352567
0.4491406991535434
0.4242019703176251
0.4449661751420642
0.408400567632688
0.4056609677666228
0.3196388313034924
0.3094402896088711
0.2802344497909096
0.2216141752313824
0.2038187541992264
0.1652960573194164
0.0938050859310991