0.00442825612963
0.0041693172071894
0.0123869188387216
0.0163826630132391
0.0221382982373522
0.0251319148718181
0.034575511231841
0.0433311642750448
0.0517688631397941
0.0663167271257443
0.0629500479453274
0.084965690192008
0.090535010985164
0.0958680334842138
0.1135645261972461
0.1114622164034199
0.1316005096498686
0.1242677691311203
0.1496710158927101
0.1540225899520566
0.1618844729960195
0.1726767685974705
0.1638427820949045
0.1857481193592444
0.1978771765738419
0.1978771765738419
0.2045405866752341
0.2048209856395184
0.228943719275371
0.2322475980782148
0.2355496618242375
0.2554093778591807
0.2597166095535555
0.2771171917409388
0.2880801103589613
0.2929811376216374
0.3131056431850865
0.3195217169414429
0.3297260613773986
0.3300456270976009
0.3656676590635399
0.3774480114272254
0.3956051786240363
0.3923675737685229
0.3941371692221734
0.426726293078375
0.4129922324134175
0.4364318433618298
0.4382575043476783
0.4398414396975139
0.4131109711350517
0.4375139062098572
0.3717987606169091
0.3455648024797537
0.2817477972278517
0.2624871487772972
0.2187007644475733
0.1496674167200994
0.1576469814301558
0.1195357975932354