0.0279398062641903
0.0295126451271887
0.0571155455630067
0.1249469747620979
0.1561754920990897
0.1562522267736537
0.2383332414749078
0.2443390359129028
0.3377030129011261
0.3837949770584058
0.4396431623612897
0.4987663765227049
0.5792455924275727
0.5998900767938048
0.6687681907846463
0.6738877794174113
0.7632362054570522
0.7904558069315318
0.8092544960893313
0.8712835154225168
0.9017544359409924
0.9339515474505324
0.9531474309753676
0.9850606904282518
1.018908492850334
0.9655333062810378
1.0241413346027786
1.0933613680676535
1.1037194697074788
1.1496994903706392
1.171767423194544
1.193170617774264
1.2163629887235727
1.1658291367239733
1.2522121079660349
1.2622759730199735
1.289853229003861
1.289853229003861
1.322912282859017
1.330533080440489
1.3400714054103944
1.351626890353737
1.3590120665435808
1.3623301084337291
1.2906889501572547
1.2954458716524373
1.3715000253260032
1.372008137425155
1.3746349120592447
1.372016317985665
1.2999952140403226
1.294728597321305
1.2305703933310734
1.1227066427154095
0.9393882692753692
0.8432933379143964
0.6043505060007345
0.6053537545228371
0.50500886053429
0.3846561273159418