0.0051058546046137
0.0051720596770932
0.0052117564674097
0.0052299077744286
0.0052320704124449
0.0049795926485725
0.0051410894046418
0.005074477519942
0.0050930220886577
0.0051446764440017
0.0050532015212577
0.004729529598632
0.0049994226061672
0.004919020773596
0.0048824517076248
0.0048014490760014
0.0048038787095591
0.0048038787095591
0.0046960141859254
0.0047217043984241
0.0044947734704431
0.0044628943717963
0.0042228553248796
0.0044096624049418
0.0043604549230246
0.0043608706750626
0.004318493672816
0.0042684386775361
0.0040679163086394
0.0043321453832849
0.004227178438258
0.0042841429611562
0.0041770757866772
0.0039061871300895
0.00416750324171
0.004205205127262
0.0040620026544837
0.0040046446471313
0.0040723030341779
0.0039628538732714
0.0039870603565835
0.0038296111246466
0.0039752845581913
0.0039944555029504
0.00370449776641
0.0038922401933701
0.0037607674648155
0.0037345694322773
0.003963412366222
0.0038976847183034
0.003741454316478
0.0040894038815825
0.004034307192068
0.0040592386640948
0.0044580415396205
0.0042927231159749
0.0043049595326484
0.0046643051508136
0.0048415395920157
0.0048415395920157