35.0
33.0
39.0
44.0
57.0
56.0
56.0
62.0
63.0
66.0
71.0
83.0
64.0
77.0
67.0
62.0
63.0
75.0
58.0
76.0
68.0
73.0
53.0
67.0
84.0
65.0
63.0
70.0
63.0
84.0
61.0
75.0
78.0
67.0
62.0
76.0
74.0
61.0
68.0
69.0
70.0
70.0
62.0
63.0
66.0
62.0
52.0
71.0
59.0
60.0
80.0
59.0
61.0
73.0
59.0
72.0
67.0
59.0
78.0
66.0
65.0
56.0
67.0
64.0
65.0
58.0
76.0
64.0
84.0
56.0
70.0
76.0
52.0
67.0
73.0
59.0
73.0
73.0
71.0
73.0
67.0
73.0
75.0
65.0
65.0
59.0
66.0
70.0
76.0
67.0
71.0
55.0
69.0
75.0
54.0
65.0
71.0
63.0
67.0
75.0
70.0
60.0
85.0
70.0
61.0
62.0
56.0
74.0
66.0
65.0
62.0
83.0
65.0
60.0
77.0
64.0
61.0
78.0
66.0
54.0
74.0
61.0
70.0
72.0
63.0
64.0
69.0
58.0
66.0
75.0
56.0
65.0
74.0
65.0
63.0
72.0
64.0
73.0
56.0
75.0
63.0
81.0
80.0
42.0
81.0
59.0
66.0
70.0
65.0
79.0
53.0
80.0
65.0
60.0
67.0
60.0
55.0
74.0
71.0
73.0
64.0
54.0
73.0
70.0
61.0
64.0
59.0
61.0
68.0
68.0
72.0
70.0
56.0
85.0
73.0
62.0
80.0
62.0
59.0
65.0
59.0
56.0
63.0
71.0
59.0
85.0
57.0
81.0
56.0
62.0
64.0
69.0
75.0
58.0
72.0
62.0
65.0
88.0
61.0
84.0
73.0
73.0
80.0
65.0
71.0
69.0
69.0
56.0
73.0
60.0
68.0
61.0
65.0
75.0
62.0
69.0
54.0
78.0
65.0
75.0
76.0
66.0
70.0
74.0
69.0
58.0
76.0
68.0
60.0
73.0
67.0
76.0
56.0
77.0
59.0
65.0
74.0
69.0
70.0
71.0
77.0
67.0
61.0
78.0
62.0
72.0
66.0
72.0
69.0
63.0
65.0
63.0
73.0
68.0
64.0
66.0
78.0
73.0
71.0
62.0
61.0
75.0
68.0
59.0
72.0
68.0
65.0
78.0
68.0
73.0
79.0
67.0
74.0
81.0
81.0
61.0
74.0
76.0
59.0
77.0
65.0
55.0
82.0
66.0
60.0
82.0
56.0
63.0
78.0
75.0
64.0
68.0