0.0003120021098568
0.0003321114373131
0.0003384838473237
0.0003120223899646
0.0003354534857862
0.0003294394222477
0.0003060526392322
0.0003362253965326
0.0003342833575934
0.0003141162253831
0.0003393534581581
0.000339719339841
0.0003139625538742
0.0003271959393611
0.0003276781938006
0.0003053513972573
0.0003304001444497
0.000330855765237
0.0002983904645432
0.0003233526911134
0.000322011574886
0.0002981692060511
0.0003256114295012
0.0003334890893793
0.0003155520341445
0.0003382091879182
0.0003417466377519
0.0003155972701888
0.0003339626531167
0.0003371363440241
0.0003162848098949
0.0003363874878932
0.0003361126724856
0.000314168956375
0.000332329081957
0.0003344556521739
0.0003106681873756
0.000332553330752
0.0003312548109176
0.0003152916122478
0.0003356933751858
0.00033579638648
0.0003119869359316
0.0003307979503538
0.0003302474782639
0.0003088847080459
0.0003300999964299
0.0003311356044198
0.0003087746587689
0.0003368354540571
0.0003345832212813
0.0003150067349285
0.0003354169287447
0.0003377138120325
0.0003211099759837
0.0003398584941218
0.0003374254235152
0.000321261251758
0.0003361225199208
0.0003378989422732