0.0058688274174243
0.0059656836575167
0.0058096525979815
0.006024275732394
0.0060043328159806
0.0063382429347223
0.0061781205257983
0.0063931386737658
0.006242880677134
0.0062731798669442
0.0061742277367188
0.0061638381991051
0.006165822807823
0.0061540077592801
0.0060116353527331
0.0060056898383163
0.0056535704811954
0.0058193841387626
0.0055645110734991
0.0056600612556876
0.0056937640156218
0.0056712914981969
0.0056070042533167
0.0056955827923824
0.0058890122568899
0.0058002895700236
0.0057496402228902
0.0058846643766602
0.0057457381619121
0.0056315493808409
0.0054455454461018
0.0053374553119426
0.0051957655728537
0.0053728093954144
0.0052057784440002
0.005096759720346
0.0052613375614426
0.0053404131693843
0.0053591398742542
0.0053986615516686
0.0054987576858169
0.0055583928377644
0.0055304744807839
0.0055775146005807
0.0053854421507093
0.0054427605381006
0.0052550387863622
0.0051336905367567
0.0051190554574741
0.0052280052364559
0.0052129818754191
0.00533712664631
0.0053253342684782
0.0054576475634927
0.0053957986787717
0.0054435310543791
0.005304680565575
0.0053716763799033
0.0053391761045761
0.0053936325270666