0.0066209916501866
0.0066332106675854
0.0066255813481639
0.0066873648263466
0.0066603849716463
0.0066644279850607
0.0066988476609717
0.0066952879704178
0.0066874250180897
0.0066959838584594
0.0067062086583043
0.0067031348031327
0.0066957893063265
0.0066704672137179
0.0065806930153575
0.0065276207557993
0.0065300582712155
0.0065128377484639
0.0065083267849982
0.0065021318365937
0.0064838038187119
0.0064773414238004
0.0064688422374841
0.0064879601067666
0.0065104005862859
0.0065628511313441
0.00659501595618
0.0065504783153626
0.0065092744490985
0.0064657502736653
0.0064729092211083
0.0065123998535008
0.0065040562882713
0.0065270179200293
0.0065396179970436
0.0065440578719359
0.0065459878290924
0.0065662475377544
0.0066349894680182
0.0066862001024102
0.0067513784547104
0.0067419841356276
0.0066789961780161
0.0066222168707532
0.0066246395904064
0.0065978313070738
0.006609286097356
0.0066112165826431
0.0066040898400158
0.0065732521700912
0.0065582358622922
0.0065654072211244
0.0065838410159924
0.0066683779462041
0.0067009712467076
0.006677881702885
0.0066495744078923
0.006580020513102
0.0065544763910955
0.0065295446444645