0.0011821968107125
0.0011703003970082
0.0011747550587105
0.0011590464230129
0.0011599089019806
0.0011452561866814
0.0011477992557151
0.0011457942447096
0.0011370297782697
0.0011327349474413
0.0011449947391656
0.0011452607086485
0.0011573851615654
0.0011526825563882
0.0011606108906926
0.0011607932555882
0.001172298573382
0.0011733201297496
0.0011630901344172
0.001165341161495
0.0011656682528151
0.0011470987061466
0.0011475505716798
0.0011389274599168
0.0011330211524303
0.0011327536624467
0.0011357691151707
0.0011329227685778
0.0011313125653694
0.0011384699692794
0.0011406759546109
0.0011346202820516
0.0011494302891708
0.0011508182411485
0.0011450373468404
0.0011366782929457
0.0011359391532003
0.0011278342008517
0.0011356528892529
0.001128307225981
0.0011356424548313
0.0011356417250276
0.0011457643052766
0.0011459068149958
0.0011550284490838
0.0011591077815188
0.0011690576263768
0.0011651808413933
0.0011705524476793
0.0011520717771303
0.0011519961744869
0.0011439251152916
0.0011407317879002
0.0011421955041248
0.0011433614464324
0.0011600330147387
0.0011808937619567
0.0011909716866359
0.001195579593557
0.0012001013997952