0.0020670028387788
0.0020730879118834
0.0020692811551799
0.0020402929867075
0.0020268774129172
0.0020582554402903
0.0020823850443367
0.0020830675458984
0.0020705949509217
0.0020528336699729
0.0020445942864325
0.0020471078920156
0.0020648934787653
0.0020487759126848
0.0020312242453802
0.0020361425731378
0.0019918968382183
0.0019759317810309
0.0019674371341054
0.002002266998732
0.0019823990265872
0.0019838707346813
0.0019770317050725
0.001952230520607
0.0019916441708691
0.0020317600773707
0.0020136398962777
0.0020468057194483
0.0020405748955639
0.0020207274875392
0.0020016463104326
0.0020471184414353
0.0020475952145982
0.00205648727487
0.0020706316284453
0.0020438108690925
0.00202987670682
0.0020469748975224
0.0020769196563737
0.0020625994733762
0.0020839577922078
0.0020910964521496
0.002050846189097
0.0020519657111953
0.0020778087140576
0.0020738718705048
0.0020778262869144
0.0020759068095769
0.0020770431414932
0.0020281046709976
0.0020546506727272
0.0020398118708781
0.002036360679106
0.0020624887633373
0.0020553328554275
0.0020461004861939
0.0020728565842141
0.0020628805493744
0.0020630383024083
0.0020738791796946