0.0011316392280638
0.001127208830635
0.0011406938797854
0.0011259677254659
0.0011313160701373
0.0011353565055218
0.0011455569748955
0.0011352663637525
0.0011334228709347
0.0011386361008073
0.0011411767630439
0.001134517432106
0.0011369423717098
0.001125328418422
0.001137105827454
0.0011240304683195
0.0011307821443592
0.0011276639350167
0.0011399157410258
0.001130917460259
0.001137160575838
0.0011301734558135
0.0011421406027377
0.0011300515663728
0.0011331029612672
0.0011215320256492
0.0011346923467998
0.0011250641130127
0.0011295523654517
0.0011184128107389
0.0011347869934367
0.0011305369538439
0.0011523648081314
0.0011329746182898
0.0011432333069932
0.0011443929777422
0.0011542299820369
0.0011429703158483
0.001143861368308
0.0011338636013265
0.0011513194097368
0.0011465168954981
0.0011490658782223
0.0011306952199546
0.0011456108862144
0.0011407579317394
0.0011526239652772
0.0011423818297911
0.0011524173173847
0.0011490338083575
0.0011568130999227
0.0011471375107202
0.0011621589095262
0.0011525888372924
0.0011646134909003
0.0011560062672577
0.0011690621420761
0.0011472929249507
0.0011542371200058
0.0011509073706449