0.0010905000459477
0.0010875910703778
0.001082243797834
0.0010637125237019
0.0010744737839428
0.0010784780293647
0.0010813488138206
0.0010829641100273
0.0010870594696003
0.0010802432516683
0.0010910253501215
0.0010921706769796
0.0011070181821531
0.0010928996660315
0.0011033834640851
0.0010956152993964
0.0011030218645958
0.0011043412375834
0.0011104656777398
0.0011200853010186
0.0011223872503058
0.0011187027615888
0.0011086342467956
0.0010951738390637
0.0011057734643648
0.0011029955711908
0.0011073164232915
0.0011110461357099
0.0011124986725168
0.0011052290450497
0.0010916445603848
0.0010917918788212
0.0010886136088129
0.0010907029290237
0.0011031729877173
0.0010941748939346
0.0010936686011167
0.0010915684113529
0.0010862160596956
0.001078661884878
0.0010792471047374
0.0010870790750257
0.0010953863875294
0.0010953391299576
0.0011050880350904
0.0010973306506912
0.0010975755882095
0.0011010071413193
0.0011006663683722
0.0010931858324337
0.0010997261728845
0.001099377970079
0.0010962622983511
0.0010845776917064
0.0010950427602318
0.0010898949117641
0.0011003659889764
0.0011124209855712
0.0011469025559992
0.0011483668633571