0.0056993792015265
0.0056677937592047
0.0057317765838934
0.0056513647556753
0.0057417240039951
0.0059054566445183
0.0059225700454853
0.0060338370339108
0.0061138756530638
0.0059813447500494
0.0062629745897394
0.0062075343869679
0.0060731630685195
0.0059316348299018
0.0059147360072104
0.0059137351264121
0.0056861890731392
0.0055331155318074
0.0056943839619135
0.0056720625798932
0.0056243268614892
0.0053170824306521
0.0054713707846834
0.005464978538231
0.0056687923793183
0.0056659266125634
0.0055749872523844
0.0056684767808056
0.0059183492412139
0.0056990608865613
0.0055632618095767
0.0056771435581024
0.0056777026083459
0.005693807754678
0.0059177055292144
0.005808476230582
0.0057935058134245
0.0058313277158319
0.0058163312464943
0.0056513617965169
0.0056243116447766
0.0056678379125812
0.0054987785748446
0.0055258714557804
0.0053528099334583
0.0051180803412531
0.0052054515308392
0.0050742679263475
0.0051256099579824
0.0050054068131868
0.0050330202282622
0.0051921120942869
0.0053249866726943
0.0053739075971634
0.0053219856707204
0.0054239147510601
0.0054511823777825
0.0052066639188675
0.0053460924383069
0.0052731997264759