0.0010210724513386
0.001042927346791
0.0010308922131672
0.0010462653861302
0.0010284783673323
0.0010402665665959
0.0010594711331828
0.0010465596088056
0.0010588868322398
0.0010502691870484
0.0027650439183083
0.005907964971063
0.0101327577006263
0.0144493995510661
0.0187262657837046
0.0187018941140058
0.0187039365501657
0.0189882512043281
0.0182236790108136
0.0191674231394762
0.018570351902714
0.0170910041649845
0.0138413498380632
0.0095934461630929
0.005456545635947
0.005506416138119
0.0096688154752197
0.0138575122078765
0.0183769150661013
0.0204517220196764
0.0201404045025676
0.0204580642440443
0.0206157364187309
0.0205107867084141
0.0208478359396584
0.0201709060552254
0.0163949519858391
0.0119813771272726
0.0080743304467227
0.0046159567887813
0.0063513795015391
0.0108582645552535
0.0148777880366705
0.0177097834654178
0.019735630711071
0.0203181722887196
0.0203424180257978
0.020264897455806
0.0203752586191245
0.0201241851413376
0.0190121122473509
0.0154933301571745
0.0107214181841173
0.0079812439917559
0.0085589272038365
0.0087078924369749
0.0130637303680305
0.0172469256519058
0.0189373179366089
0.0213794258195151