0.0394966352727279
0.0777827357882244
0.1326462474862492
0.2035484746674931
0.2772998366993053
0.356500486486984
0.4347540001998124
0.570611186412724
0.7004162235262066
0.8317471087666243
0.9754724134758712
1.1074251446234291
1.2435621987807004
1.3806837039525064
1.5083485278456834
1.637410242868176
1.7783072096569073
1.91371031652432
2.055160369161192
2.186007991719068
2.314757264094496
2.435342847694263
2.5604108317941714
2.6741066947633785
2.8045920110856217
2.956971339579776
3.079832145031641
3.198275931206657
3.318967504066833
3.406399316579796
3.5388597708133074
3.6661030580301297
3.7836403303029895
3.9231662506464966
4.0390019101841865
4.159304302915243
4.278372795544084
4.404360440019173
4.495861982389889
4.620288292993038
4.696200910346813
4.768835136943815
4.837569195857538
4.900636294445458
4.940975016855428
5.007361846428704
5.041147904140185
5.060521229746031
5.096184378383742
5.123591104323723
5.128012440516624
5.191027821425925
5.214922268808339
5.225012946994502
5.228382214711628
5.2505730278634735
5.236120914700254
5.243205069057793
5.269375127880047
5.280774217421232