0.0068246708671462
0.0094950573541346
0.0143652871880069
0.0208556705725354
0.0285659466629967
0.0391924711197518
0.0507939951529424
0.0613219139906641
0.0752764944469268
0.090874100021627
0.1063253039625544
0.1238103187357193
0.1370272805550013
0.1489532606984226
0.1662134843978769
0.1805659726010294
0.1932716040099281
0.2044855667674283
0.216720982517993
0.2299519790070119
0.2403266963966385
0.2496839123893818
0.260324410062358
0.2709638457689481
0.2857329707963296
0.2936198384532706
0.3067768089995844
0.3127010841124873
0.3270853899377948
0.3355964609208799
0.341697284625824
0.3542113575768728
0.3585505103512952
0.3690326511943781
0.380082754479525
0.384037405048208
0.3938209814200151
0.4000296277206753
0.4092373973518292
0.4179417429360427
0.4289594803887427
0.4428884769447528
0.4447909748750178
0.4512135695049441
0.4547519372135313
0.4530038168378551
0.4573938049516396
0.4616995772937103
0.4618377128213319
0.4656389083406684
0.4610799178507849
0.4571235713723727
0.4535132400170797
0.4521260604667733
0.4523478963687098
0.4525969551430776
0.4525061008360777
0.4546244497413637
0.4518600386772317
0.449469173979294