0.0247336831081566
0.0442717551149997
0.0752726598331717
0.1063291120077434
0.1405285206010631
0.1847166073837066
0.2330560594185627
0.2891584295916058
0.3306586248207005
0.4006795798543243
0.4584583555914281
0.5115337667402646
0.5525762984926426
0.6036899515741556
0.6420384853596113
0.6918091684939596
0.7358381651015354
0.7785010294716435
0.8134989928200638
0.8474067054316138
0.8815766134366964
0.915000623203659
0.9494159347198248
0.976508488626556
1.0119849518959667
1.0496307562296818
1.0748299896859126
1.1040525070774887
1.1320079429014895
1.1524318490823644
1.177990184680123
1.1984627166193689
1.22087905611679
1.2425763781025394
1.2625886083029874
1.2825461016693829
1.2928330629691347
1.3100123952615148
1.3226388991138032
1.3370468844331642
1.3571208797900476
1.362305215224149
1.3777996370675
1.3819480252698435
1.3886909410646409
1.3855537938277356
1.3901774876489243
1.3959813475980036
1.387977739366388
1.3913430187441542
1.385237046064355
1.3771179460903722
1.375407944328972
1.3686578891946586
1.3669433106775504
1.3647602526072489
1.370846770246639
1.369802871204672
1.3642728221667115
1.3702768218419688