0.004861501863509
0.0050166481054667
0.0049500140941583
0.0050543903000182
0.0049578169343493
0.0050820922876867
0.0049717183333324
0.0051066306150089
0.0050751049656837
0.0051756380063324
0.0050440352849443
0.0051566682436854
0.0050693086273724
0.0052048501786392
0.0051114277443816
0.0052287374056902
0.0050926235262058
0.0052015636833674
0.0050886570261619
0.0052203933788434
0.0051529309855569
0.0052959561165616
0.005174047775048
0.0052173180751805
0.00514523201676
0.0053360719353922
0.0052001812954324
0.0053207292982863
0.0052468274752882
0.0054148624487426
0.0052765335778472
0.0053637990626408
0.0052966371068613
0.0054353283012006
0.0054068961294838
0.0053784215069786
0.0052127956497897
0.0053753801594787
0.0051966882062854
0.0052807890322579
0.0051069327207152
0.005174339299398
0.0050682491105815
0.0051008441527537
0.0050105844806946
0.0050161537458336
0.0049972542163794
0.0050904982922814
0.0049450089660265
0.005097545584152
0.0049627062131267
0.0050346697024888
0.0048983758615129
0.0049281297125857
0.0048408787916789
0.0049450254615005
0.0048744869157493
0.0049281326818636
0.0047862261891865
0.0049271318619435