0.0011446563798003
0.0011775730863081
0.0011672041424931
0.0011713427523069
0.0011669725310425
0.0011704173961497
0.0011730873451438
0.001182742503035
0.0011830679302308
0.0011760620665741
0.0011649159752547
0.0011677669602815
0.0011385518217382
0.001155731949833
0.0011592873982546
0.001165000695143
0.0011666102293404
0.0011730699064113
0.0011598738020034
0.0011708396711766
0.001170758333633
0.0011858383441215
0.0011804186253497
0.0011924017736332
0.0011754589990515
0.0011828304733998
0.0011840378368435
0.0011870927159569
0.0011820645546489
0.0012041469820994
0.001197232115148
0.0012152587049028
0.0012011251625428
0.001197497945305
0.0011947111345492
0.0012082932392071
0.0011951379921577
0.0011974335660561
0.0011943475138524
0.0012041955057011
0.0011867652863598
0.0011967584459774
0.0011852056196867
0.0011982613574953
0.0012036554213822
0.0012008418474201
0.0011896026314344
0.0011922088303726
0.0011850236219015
0.0011854433565406
0.0011665256481564
0.0015292625585453
0.0015119145391644
0.0015374638948468
0.0015208035278933
0.0015334944117538
0.0015334137918286
0.001532162182741
0.0015268338311501
0.0015260388925628