0.0014034118222418
0.0013952623265239
0.019612982295272
0.0193209491085091
0.0195195014115911
0.019719626006507
0.0198096836874508
0.0197954047019312
0.0196818270532103
0.0197151904190964
0.0196842738272321
0.019464999677402
0.0200158577761359
0.0014519284394857
0.0014095068055039
0.0014025801206686
0.0013966524878298
0.0014059709815386
0.0014073179824969
0.0014124755713302
0.0014220163620071
0.0014372302939961
0.0014545887281309
0.0014588117929256
0.0014712790917859
0.001474172980868
0.0014739928623452
0.0014872387623533
0.0323403359435032
0.0316493633518713
0.0325208928768533
0.0319670083465817
0.0320647648487045
0.0324995618604992
0.0328385207416893
0.032529464752867
0.0320136608181883
0.0321264490342768
0.0330424368047972
0.0018994173070316
0.0019397185757027
0.0020028542725554
0.0020435843963383
0.0022838734087566
0.0022996766600284
0.0023356973937698
0.0022562428550491
0.002257063610782
0.0022663995743894
0.0023001041419906
0.0023092442567014
0.002340765034762
0.0026470929399635
0.0026892638008648
0.0027142094556447
0.0027391919262415
0.0026991826826287
0.002701555459615
0.0026722943470142
0.0026419068038462