0.0073540062223198
0.0077626281319726
0.0082150736973754
0.0079629604184131
0.0079315414628004
0.0079514268067151
0.0082045102984991
0.0080521568020001
0.0079023456167138
0.0071617252388593
0.0066898007506467
0.0059032397426887
0.0053480494898147
0.0048329926252873
0.0049600777893526
0.0050099859742088
0.0052061815823605
0.0051229534563381
0.005168754049532
0.0051193461385565
0.0054302476892948
0.0053812513170348
0.0055671544533142
0.005751386143758
0.006539039928051
0.006997939472449
0.0075977112601994
0.0079778064487284
0.0085846144754121
0.0085945626638986
0.0085852906302933
0.0085034522423516
0.0088715391747363
0.0085501414243094
0.0085557238766261
0.0077895575114364
0.0074055019868493
0.0067088331395244
0.0063070103739357
0.0057030938371798
0.0057296121156993
0.0056492182877387
0.0057468765356925
0.0055263184015875
0.0057570156293146
0.0055693350469743
0.0056802032467532
0.0056886891803279
0.0058204529993815
0.0056709975091574
0.0063945534351145
0.00678077294468
0.00752437805458
0.0078019087730333
0.0084508112560055
0.0085264808133814
0.0086156629213483
0.0084481231226847
0.0084347743377362
0.0083353433162215