0.0010006198547215
0.000990871186253
0.0009917299683366
0.0009906113222717
0.0010020107410023
0.0010082053226394
0.0010173481424318
0.0010182748140083
0.0010180990710954
0.0010144545486725
0.0010128210770541
0.0010099494945848
0.0010153317400992
0.0010175631987326
0.0010205298185439
0.0010166742582226
0.0010122028316131
0.0010032391509092
0.0010013728268809
0.0009986207607061
0.0009949846061137
0.000999121548697
0.0010021120614157
0.0009974683668464
0.0010003367363533
0.0010016236284766
0.000997624803065
0.0010049037538393
0.0010165033008142
0.001020341236566
0.0010254291186354
0.0010316426583788
0.001035917395669
0.0010324525738037
0.0010400324032893
0.0010389936611705
0.0010369962821292
0.001034108234226
0.0010303580330922
0.001025987367413
0.0010212786764042
0.0010196271576316
0.0010174202718719
0.0010084936184443
0.0010016412945649
0.0010005619921507
0.0010061384643577
0.0010015927254375
0.001008516569094
0.001004779844933
0.0010073528229393
0.0010021035687772
0.0009962943308028
0.0009911171015231
0.0009968653891348
0.0009977140093091
0.0010022767183227
0.0009893495789976
0.0009961059667367
0.0009984128079536