0.0058129065862074
0.0061287281931748
0.0059431759461458
0.00613283009431
0.0057907000539751
0.0062354141622669
0.0060246897834173
0.0061162788979474
0.0059748188035731
0.0059363552365919
0.0056585139232103
0.0052601993827218
0.0054416385127173
0.0055109778307206
0.0053594739656525
0.0053144065258284
0.0051170896350417
0.0051108329594125
0.004689615787264
0.0050899815898493
0.0049543782299269
0.0050155532532041
0.0049582154263869
0.0051351926839873
0.0050383847538687
0.005025472641712
0.0048928107213043
0.0049814844962652
0.0047591708326374
0.0046465658976812
0.0044862944710126
0.0045464200952151
0.0045165848883781
0.0043676166542751
0.0042937009810144
0.0043178078368028
0.004193925207044
0.0043508146502681
0.0041888367065317
0.0043023024436124
0.0041353178264629
0.0041978089233753
0.003812184701514
0.0042030194602298
0.0042276892732815
0.0041360051182105
0.0040565817522371
0.0042274839534171
0.0040167947492722
0.0042185121722339
0.0041105241276775
0.0043115515073556
0.0042971987260685
0.0044523933582957
0.0042551010576396
0.0043006250760915
0.004307104472358
0.0044547871469056
0.0042779752605363
0.0045158329832694