0.0010751516843948
0.0010654927412778
0.001075298634564
0.001069913544352
0.0010799767833673
0.0010645111159382
0.0010587133879087
0.0010503556782189
0.0010492601361719
0.0010422689359089
0.0010494563657108
0.0010411193454537
0.0010468194585018
0.0010293133388958
0.0010261110260612
0.0010117624062292
0.0010209670673683
0.0010211124094499
0.0010285360195571
0.001026698708725
0.0010314890034623
0.0010338047603315
0.0010513260893242
0.0010517258623799
0.00107096699871
0.0010824978661567
0.0010750783507769
0.0010589543205599
0.0010562671893068
0.0010434697331773
0.0009612649814289
0.0010525639319146
0.0010516858887881
0.0010208654250423
0.0010083869550654
0.000985387847071
0.0009759302942245
0.0009711446026265
0.0009747962894449
0.0009619046756071
0.0009572632763432
0.0009475951634968
0.0009015542914388
0.0008517650440997
0.0008972976808512
0.0008959279256836
0.0008957984949828
0.0008834433418578
0.0008921009386081
0.0008893965479365
0.0008958318245502
0.0008950051323266
0.0008984440375718
0.0008971935149294
0.0008988794744658
0.0008958510112201
0.0008886335605068
0.0008871850523441
0.0008908672492253
0.0008899680517553