0.0060156982971885
0.0062773274040632
0.0062269683694333
0.0064007763095019
0.0062246210495742
0.0062237897015227
0.0062492274641642
0.0060332364885118
0.0063383681374876
0.0063284002295708
0.0062147920152648
0.007971769096094
0.0104322725620721
0.0158953661418761
0.0207520494675244
0.0266915860151976
0.0316834347249834
0.0395582621357285
0.0439893303915412
0.0471855823094468
0.0533654992967139
0.0587670130794273
0.0609860272532373
0.0621149660191509
0.0620222368270065
0.0621907176411163
0.0642187330410878
0.0668735318802386
0.072009190120253
0.0781606245460287
0.0799064665046835
0.088530746958906
0.0930118780064064
0.0993942599397317
0.1080467697318084
0.1075580195523169
0.1119699898594358
0.1119497018541366
0.1154725759635561
0.1186229170084524
0.1193444081718463
0.1204821109530841
0.1223096858398205
0.1222388495547994
0.1237418406231382
0.1262042699889778
0.1276405352588694
0.1263010443761063
0.1268155143546744
0.1234329496137544
0.1223150094862386
0.1235819002617194
0.1227625195285202
0.1226360706204379
0.1254670230687869
0.1254804238787571
0.1277715227066466
0.1263129057228309
0.1299270208750678
0.1300150388835315