0.0010214710283089
0.0010251653207512
0.0010250850975732
0.0010335262682327
0.0010390744897959
0.0010490491647718
0.0010591486457514
0.0010681882871312
0.0010731554987212
0.0010777142292205
0.0010744749936301
0.0010856688937426
0.0010872988200099
0.0010818871517959
0.0010725856598757
0.0010682448689326
0.0010544802356483
0.0010429366595768
0.0010337217116333
0.0010359449472231
0.0010357947835177
0.0010377979493364
0.001028615041021
0.0010280310306546
0.0010311136293862
0.0010388258244993
0.0010244686858501
0.0010226156899036
0.001010870423
0.0010054160155894
0.0009725278722713
0.000964981900876
0.000961365235076
0.0009542774076204
0.0009529983182217
0.0009398857580137
0.0009307529767948
0.0009376402269929
0.0009244398410999
0.0009266289295517
0.0009127953625783
0.0009128487338436
0.0008390875972697
0.0008871558639595
0.000819106741304
0.000874133361113
0.0008679344688903
0.0008057491429882
0.0008538164201184
0.0008625037884333
0.0008624639500116
0.000866351952885
0.0008683239553164
0.0008852316761466
0.0008804307610051
0.0008295183181748
0.0008682744416693
0.0008656688379795
0.0008582166361317
0.0008083235331923