0.001247090370924
0.0012561360434573
0.0012669792833756
0.0012824614868154
0.0012894918216158
0.0012553216521571
0.0013681485779139
0.0013826122376618
0.0012641606083333
0.0014259137709355
0.0014373074336254
0.0013939398873503
0.0014722761734172
0.0014760991646818
0.0014903289562289
0.0014993694895271
0.0014893605820996
0.0014577469132085
0.0014439067240471
0.0014358565222613
0.0014417655230248
0.0014391873297408
0.0014367326313086
0.0014367326313086
0.0014368465069028
0.001428980451318
0.0014319065291282
0.0014388612260911
0.001363516692184
0.0014447477174354
0.0014499793598619
0.0014582482636844
0.0014586183914605
0.0014677475418145
0.0014635511221023
0.0013884931245555
0.0014594577784452
0.0013894565347105
0.0014625885376029
0.0013928110034537
0.0014579826729519
0.0014446067317092
0.0014445980873392
0.0014356608698808
0.0014246232297986
0.0014244024330615
0.0013486781342014
0.0014187690856879
0.0014195077330455
0.0014156179719478
0.0012633018933333
0.0014126027321115
0.0014094895140665
0.0014121815356924
0.0014030292826035
0.0013203147804754
0.0013929586282081
0.0013931185474955
0.0013141692995362
0.0013990156136028