0.0409339212809056
0.0713213051993912
0.1162778448093566
0.1718788393095733
0.232530310914291
0.2788711880770499
0.3368731377521831
0.3837625714839594
0.4219158292019058
0.4858796934933456
0.503322361514872
0.5401822130540039
0.5505376805768275
0.563906525078011
0.5588708108143071
0.5456304357448872
0.569006341887097
0.5535075070553506
0.5636710900384816
0.5719319296299038
0.5569810317327283
0.5675957010034175
0.5704673809762777
0.5664017002826568
0.5612229362510842
0.5655108761047811
0.5601640599602903
0.5384729764146647
0.539309556692212
0.5409815370919835
0.543293491170523
0.5462858282521771
0.542462347630129
0.5394509648133935
0.5438672587781963
0.5493272144232284
0.5501171732286386
0.5641625731375625
0.5691012745660536
0.5682093261671856
0.5579724456142375
0.5600850487153233
0.5549710984915266
0.5584393140167508
0.5483875850992492
0.5486291740393244
0.5392658058900526
0.5378930509391546
0.5232876670412696
0.5249129006948696
0.5323685165174502
0.5322308301546255
0.5315765961808376
0.5297597821016643
0.5302722780792485
0.5338886683146508
0.5100761208234488
0.4800354628777888
0.4255431350746111
0.3742768870302816