0.0013025977087951
0.0013200581401781
0.0013228497536945
0.0013355652453239
0.001347473982044
0.0013528774702148
0.0013709889426272
0.0013863415417361
0.0013929026105154
0.0013759162207752
0.0013846437577211
0.001391897277337
0.0013894581449389
0.001401198254228
0.0013948069834412
0.0014019683977492
0.0014170944576549
0.0014141176711986
0.001412122625092
0.0014240431816971
0.0014494588998078
0.001444758686314
0.0014452924096517
0.001463983492823
0.0014560644122965
0.0014603675668845
0.0014555417674352
0.0014534244731748
0.0014585124350815
0.0014630157184813
0.001465602134967
0.0014510204758261
0.0014581006350392
0.001447163372859
0.0014505629049432
0.0014625967530768
0.0014529518833087
0.0014498998475112
0.0014434244893544
0.0014480896598046
0.0014505753203658
0.001440506085283
0.0014362745507804
0.0014362204601769
0.0014521879958227
0.0014485326141948
0.0014431933342797
0.0015144936200716
0.0015320596267885
0.0015608542546715
0.001570408220249
0.0015598686499433
0.0015855446486286
0.0016001417830289
0.0015957205793932
0.0016064492319564
0.001608093231376
0.0015919952391579
0.0015090095273129
0.001489357155709