0.0010511729362012
0.0010624341055193
0.00106102668496
0.0010564128638097
0.0010013431159435
0.0010040751455694
0.0010609960878068
0.0010635545071084
0.0010132507450285
0.0010649394960248
0.0010565345510564
0.0052368640439626
0.0083092978669553
0.014344581012955
0.0157062735437616
0.0191645428385056
0.0234036795675164
0.027589935755861
0.0314287708991177
0.0363279025708859
0.0382874972901473
0.0389655150632816
0.0390604191748536
0.0411943783274481
0.0435255897122485
0.0424174336276666
0.0461115560656178
0.0462255041769543
0.0461866500979709
0.0478153856472165
0.0480079912714157
0.0498942188452274
0.0503097278296275
0.0494791438291929
0.0442286913346195
0.0434846800821975
0.0402746715490456
0.0398467466871827
0.0405880147866882
0.0368980296429943
0.0408853785731284
0.0415117775207288
0.0415687641665299
0.0392327973485191
0.0427146767109852
0.0438291771596436
0.0449530289694614
0.0409080739466663
0.0434429718077485
0.0436426782654855
0.0430220596327789
0.0414758440517686
0.0407238726465061
0.0445938631192455
0.0478705318611764
0.0479280211012017
0.0498447282006805
0.0479233873801105
0.0497455165274155
0.0512259854298832