0.0053808630453683
0.0055428337956126
0.0053384928473002
0.0056417631675067
0.0056414618606702
0.0055317606325581
0.0057662750286015
0.0056186808317012
0.0057162882220044
0.0058671415065568
0.005839931089773
0.0057956166931609
0.0055295472624014
0.0055049773433279
0.0054743066076707
0.0053136069230899
0.005220037010042
0.0051477913520807
0.0052886432295169
0.0051789566344222
0.0049905341703314
0.0049776001444433
0.0051539712897767
0.0053230529975694
0.005402158574459
0.0048047815383333
0.0054730507250382
0.005484196334743
0.005484196334743
0.0053745397097433
0.0051781330392515
0.0055260979488403
0.0055968529758347
0.0056305925281334
0.0056791267832027
0.0056788658070393
0.0056631553195803
0.0053732575407171
0.0058485304380979
0.0059592444473211
0.0057983794394739
0.005703386123374
0.0055729366458365
0.005479647931861
0.005352398169711
0.005293932717784
0.0050226618303126
0.005253800782957
0.005068594112471
0.0050577730972104
0.0050605606164321
0.0052070336936902
0.0050529300959044
0.0051792210759161
0.0048515844001312
0.0053996055563169
0.0050164787868232
0.0052892265702983
0.0053780951227716
0.0053513241361573