0.0061269205784083
0.0056766342088186
0.0060361312607628
0.0060287924504135
0.0060373155795703
0.0059543650383247
0.0057126418953704
0.0056668054397495
0.0057104048892413
0.0055630510509951
0.0057972765669814
0.0057435914123926
0.0069684800673206
0.0076732090942538
0.0083092163832816
0.0084784755683064
0.0090079974748379
0.0098129878415551
0.0110194271794183
0.0116777200254995
0.0120475474822937
0.0127214875608087
0.0128781190993083
0.0125579116095435
0.0116129868971597
0.0117886897802238
0.0111464290400978
0.0116808112773105
0.0114854948982405
0.0110699363199016
0.0105444393223442
0.0106692163533764
0.0103976504507161
0.0098553735946717
0.0105600538731146
0.0099169075279791
0.0106032468609376
0.0102801908857856
0.0113690711212865
0.0109942912129215
0.0125397597395511
0.0127430788232973
0.0133298948261404
0.0145527418866017
0.0151781466133696
0.0150341464782654
0.0156899171319927
0.0159010352394409
0.0151680610521778
0.0167264686307331
0.0170644327954295
0.0167281974058608
0.0173045442762589
0.0173882362602307
0.0175235901600711
0.0171679829730406
0.0182684098571526
0.0181271618013167
0.0180359532833291
0.0170247257775377