0.0011399803002218
0.0011305542868587
0.0011317814000757
0.0011210856954253
0.0011239602358798
0.0011190654753855
0.0011144600385293
0.0011098698414854
0.0010420005244495
0.0010881801386519
0.0010992340170193
0.0010896195396383
0.0028878276212237
0.006650560855916
0.009212755740481
0.01320433127269
0.0171203893492914
0.0201292291887142
0.0232378361537709
0.0247092914001889
0.026659424743764
0.0296196024544305
0.0320698438698187
0.0319190212439492
0.0303143999304689
0.0290195271478904
0.0287083686605863
0.029861913333072
0.0281639499192894
0.0283542616813554
0.0346918986866446
0.0347664882475723
0.0327017503925178
0.0322011531245805
0.0335586614626281
0.0340659118165785
0.0372241558396173
0.0379299104754217
0.0387165344517574
0.0398453367962125
0.040120142120576
0.0380509153966602
0.0402254669061993
0.0409955316929563
0.0477403432948816
0.048409534305062
0.0464832932972486
0.0440898317325392
0.0444973020120687
0.0440913851512703
0.0463763004729995
0.0448625312000314
0.0473814132781435
0.0471941481822597
0.0547199091943288
0.0507100776632115
0.0561966378164385
0.0565627226679309
0.0563668100092845
0.0527294423925141