0.0063953260616667
0.0071812053512321
0.0072259931447139
0.0069085004141324
0.0072750412420441
0.0072932319959049
0.0072851025411414
0.0069293548125774
0.0073484213561932
0.0073100185046654
0.0072708997858254
0.0072069065114652
0.0068359746770088
0.0072429601005553
0.0068469969811088
0.0068050231158054
0.0072143480460393
0.0072158886458834
0.0072019127455277
0.0071753119400224
0.0071767808856946
0.0071574431493333
0.0071724956269279
0.0067691928241302
0.0068167236574623
0.0071507343492013
0.0071426609692339
0.007119874512318
0.0067509296368705
0.0067260433035806
0.0070917940148105
0.0071086639287207
0.0070844474953484
0.0070920853221849
0.0070812862445454
0.007059779599928
0.0070727633808978
0.0071039500525085
0.0066430117849166
0.0070389641854451
0.0066132459610202
0.0069740616757889
0.0069941890393881
0.0070081803176007
0.0069630002178966
0.0069742660433273
0.006955210643202
0.0069326770571506
0.0069253585613059
0.0069142275440041
0.0066163206087772
0.0069522474458727
0.0069789002666665
0.0069550113480053
0.0065681809915413
0.0069949465968408
0.0069698062778758
0.0069519635230832
0.0065625578841742
0.0065930306290658