0.006429534918702
0.006364273845947
0.0063519858840376
0.0064197239378051
0.0065080069239951
0.0061094660510071
0.006519968704697
0.0063963003091471
0.0061817303814439
0.0062888541659077
0.0055785100823305
0.0055908390938466
0.0057469835993233
0.0055104063925282
0.005380232010423
0.005217196309493
0.0052117959959134
0.0049453751220141
0.0051916694961169
0.0050348663737964
0.0048880824929407
0.0049175710950226
0.0049024683548969
0.004655569649369
0.005042476422881
0.0050001632769087
0.0050001632769087
0.0050228666734899
0.0048294810067216
0.0050694757031503
0.0049129297156741
0.005164470180651
0.0053526058293743
0.0055164080001341
0.0052635765447064
0.005546389803802
0.0057072573859695
0.005654631479221
0.005654631479221
0.0056582299740658
0.0056582299740658
0.0051599040320037
0.0054585792958058
0.0056561264434076
0.005613889650433
0.0053852726138118
0.0054331098431594
0.0051823841433598
0.005555209554175
0.0052007661655534
0.005226839955047
0.0051960885713988
0.0055029488405715
0.0051865305460845
0.0053941582715324
0.0054758664987834
0.0054756204788847
0.0055355797454893
0.0053892783698603
0.0053892783698603