0.0059914421195651
0.0058590729301233
0.0058738730195894
0.0056945953401026
0.0060181097729661
0.0059558185302114
0.0060173764083073
0.0060201769205867
0.0058203919928064
0.0061909989886571
0.005896957859891
0.006051378770663
0.0060149058150687
0.0056370447556936
0.005653249583287
0.0054126152933029
0.0053932427917495
0.0051027222854833
0.0050978969733087
0.0050219285126042
0.004999391185775
0.0048235534859161
0.0050618891111951
0.0049456710074387
0.0052047489783259
0.0049294560515085
0.005228129897512
0.0051970648990236
0.0052947597327931
0.0050902161378526
0.0053031653840772
0.0053254850523973
0.0054783722361604
0.0052528224512128
0.0053390316358812
0.0052173969986126
0.0049780843119942
0.0052451040711057
0.0053081778106616
0.0050638364057419
0.0053321697703918
0.005227027461799
0.0053040540847457
0.0052684144592075
0.0052774286606675
0.0052850858269457
0.0054041552427765
0.0052620043915707
0.005600664334784
0.0056120547496405
0.0055582518745397
0.0051810752711161
0.0054911390243901
0.0053498394273449
0.0053282740056166
0.0053225795357519
0.00490751419409
0.0051643741101156
0.0048639955108168
0.0052152721438208