0.0010914291015823
0.0010348494335669
0.0010888714084721
0.0010930104473761
0.0010833089130869
0.0010207339589568
0.0010796916675932
0.0010822539340102
0.001022012661829
0.0010832196471572
0.0010154980920024
0.0010730215637091
0.0009989931328832
0.0010634093519556
0.0010644279709822
0.0010658944927925
0.0010650807936594
0.0009975105943533
0.0010485391703508
0.001048954786506
0.0009862449867063
0.000991471378699
0.0010578152674296
0.0010758605055932
0.0010729137834374
0.0010161417474044
0.0010727155088467
0.0010239274860652
0.001076802632062
0.0010875806987212
0.0010330158574177
0.0010847606703372
0.0010237987642411
0.001075355630258
0.0010701493359848
0.0010559865833112
0.001059501305389
0.0010739722837734
0.0010665197418697
0.0010749044357288
0.0010705457828873
0.0010081951695319
0.0010701360396546
0.0009644951799999
0.0010775009483127
0.0010199626061298
0.0010246477712784
0.0010863323998672
0.0010722513754089
0.0010775744012705
0.0010204488506379
0.0010753670731707
0.001070645352215
0.001071947183866
0.0009990789985878
0.001066188857378
0.0010766668072288
0.0010746159857071
0.0010744667489249
0.0010812715069725