0.0010621082274337
0.0009605345383332
0.0010661568782623
0.0010665810280596
0.0010637382325909
0.0010133313208463
0.0010712015722928
0.0010726131578471
0.0010805042794187
0.0010214886816366
0.0010757293069811
0.0010815539543969
0.0010104098621766
0.0010665847323523
0.0010142964915399
0.0010895759261451
0.0010819500996908
0.0010818280688167
0.001085781339517
0.0010232747799091
0.0010878067457922
0.0010955720386333
0.0010442372322524
0.0011052192330125
0.0011152539320887
0.001121581740322
0.0010550494884225
0.0011102768738645
0.0011041937126858
0.0011033637860358
0.0010563304530138
0.0011180395351988
0.0010025984099999
0.0011130690666259
0.0010621286844847
0.0011103846876467
0.0011033505003528
0.0010445710436631
0.0011119316917107
0.0011133783400809
0.0011219508691025
0.0011157063313064
0.0011107067068065
0.0010616145515655
0.0011199713257721
0.0010644761550266
0.0011272063366845
0.0011261648796976
0.0011279450621084
0.0011206765524645
0.0011213244497798
0.0011136250634287
0.0011151218677356
0.0011010190990128
0.0010997562337553
0.0010999949202142
0.0010904914582953
0.0010914070898708
0.0010913074019671
0.0010920967249741