0.001038814034959
0.0010158933706814
0.0010230705581436
0.0009565762445324
0.0010078514506058
0.00102329247944
0.0009607129946341
0.0010154206984651
0.0009612557412354
0.0010124286400502
0.001017743592536
0.0052041419210662
0.0116332247345975
0.0163213127598277
0.0200272403623928
0.0292833440172693
0.0331850330827321
0.0355655763833332
0.0413209768455762
0.0579591393713247
0.0594810095127662
0.061741214106095
0.0594387631997929
0.0604324198125199
0.0598273903298917
0.0607513366161798
0.057286547728269
0.0585447468606462
0.0578690164698446
0.0551708448514284
0.0471198261778672
0.0443591500364748
0.0444058947726652
0.0402328584916913
0.0374168664328165
0.0342523907935324
0.0298895856376401
0.0298056347025941
0.0234103592805472
0.0267430184454343
0.024593158457094
0.0226813149994617
0.0207913060744345
0.0204508004665745
0.0225607147385963
0.0231655805204002
0.0213428291183379
0.0232416552685781
0.020932585104719
0.0232343618636472
0.0219403331535901
0.0216295256803159
0.0205498846287821
0.0245512108618099
0.0259586203966005
0.0255766804150262
0.0272299909357891
0.0274833647031086
0.0248809537691722
0.0261171150650489