0.0078658912297286
0.0093864416136044
0.0104779869715399
0.0111310935051158
0.0117098577118166
0.0126958972202667
0.0144211246733313
0.0160764251934029
0.016863488373372
0.0166108808939718
0.0165193992942653
0.0150542145481545
0.01564956062628
0.0153221758832828
0.0159232890883079
0.0168129096454712
0.0166843051715548
0.0162049558450151
0.0162273884174788
0.0160947874195124
0.0161955135338472
0.0164381945484444
0.0174762973674146
0.0268934376269226
0.0272040603847348
0.0266623302611634
0.0265977065929713
0.026896710812228
0.0275324096078717
0.0275579259106849
0.027270700623924
0.0276688143630204
0.0283459256873671
0.0269589557809687
0.0174270292414632
0.0175756281473398
0.0191111899481141
0.0186125933551058
0.0186168140606884
0.0175782567038505
0.0181954321844368
0.0182616084097127
0.0178960442064984
0.0167837286814642
0.017058240506549
0.0168765283502338
0.0163058674922052
0.0138227742549737
0.0130003200340541
0.0115870639666573
0.0107139435053095
0.0089614929642115
0.0079889679902923
0.0068660525013744
0.0060098276977304
0.0045993730448896
0.0025841968359644
0.0021943269206143
0.0022003417831985
0.0021967509824739