0.0065535096637572
0.0105510864147453
0.0128352896066052
0.0155955668459482
0.0197870206886453
0.0214169535459722
0.0249551638529216
0.0293609369276818
0.0315728491364276
0.0352411407708136
0.038099551094039
0.0394235500790952
0.0405028203861467
0.0414131490176859
0.0413305975412296
0.0402294734853463
0.0410398342419755
0.0416520494611839
0.0407257264891983
0.0411172082401996
0.0409539439450949
0.0400495858295219
0.04026729986089
0.039333771138211
0.0386194858894285
0.0385846821089414
0.0388421232640174
0.0389323298250113
0.0385044023128095
0.0386592366732233
0.0387636574186817
0.039043970694682
0.0383183229192952
0.038261071210124
0.0383492072195225
0.0389984064486348
0.0389692488444887
0.0389245296972378
0.0389775641766735
0.039886924805218
0.0396386141476133
0.0393520468010208
0.0386936714919593
0.0392472244604281
0.0398118361690755
0.0395045245304434
0.0371859287718702
0.0346769367133633
0.0305599782823427
0.0269458659780746
0.0237777190863108
0.021034583954318
0.0176797745889696
0.0149195625768425
0.0117878357438794
0.0077134405816154
0.0046338880557795
0.00347097393745
0.0034662632509157
0.0035415287171888