0.0012670984424918
0.0012818949665875
0.0012909037037037
0.0013021472862614
0.0012884020321698
0.0012931532815912
0.0013040983081097
0.0013048436092445
0.0013210316558886
0.0013232875296384
0.001322977924515
0.0013228347624054
0.001333779420311
0.0013319460614103
0.0013257094140953
0.0013385731919551
0.0013385084456984
0.0013330058178841
0.0013252100436993
0.0013253475605322
0.0013255291944222
0.0013345272783745
0.0013263815327486
0.0013067073960867
0.0013029710719637
0.001314287160895
0.0013098998563661
0.001312317545385
0.0013117470127957
0.001320919570946
0.0013214904290667
0.0013302684474123
0.00133825942764
0.0013420765154083
0.0013408238947555
0.0013539028364729
0.0013358746499754
0.0013355196767001
0.0013403611106013
0.0013390459414766
0.0013295911871604
0.001327437976628
0.001321314524255
0.0013204517168755
0.0013265349996363
0.0013412167055325
0.0013162395481883
0.001318002618044
0.0013063707124731
0.0012938624255202
0.0012812416066706
0.0012949293891746
0.0012807351984385
0.0012811940158107
0.0012558432640381
0.0012502965188257
0.0012333427965411
0.001234243998375
0.0012382128310665
0.0012386892483869