0.0906163474459425
0.1014111514345887
0.1145568732699167
0.1248585125404978
0.13627013238237
0.1463451317567526
0.1575224310200345
0.1695358002940801
0.1738244531666404
0.190431710956133
0.1986539872746554
0.2098912114628468
0.2167513357811462
0.225205865893056
0.2336672166741537
0.2428914436449952
0.2519108574629735
0.2603823726059301
0.270191923556626
0.2866032428009434
0.2918845604738017
0.306228567432187
0.3225878999001056
0.3354889125873511
0.3529814769681004
0.3709582571349561
0.3891675930211327
0.4055935219231011
0.4281444866488914
0.4433184824366075
0.4533154946728093
0.4431231711004534
0.4703538747804529
0.4748027167032316
0.4822357092421551
0.4841525149156657
0.4872563822500846
0.4880196090515523
0.4878407893052733
0.4850888907983037
0.4843039777971317
0.4849582664567562
0.488858261677156
0.4881835449318199
0.4875254699970787
0.4856726150059939
0.4870683188125652
0.4855569328804722
0.4834257912091861
0.4470624479189277
0.4034027928262691
0.3536318214062352
0.2727271250846885
0.2642951556258853
0.2221097444335787
0.1675638808577429
0.1381581602486313
0.0898223734598361
0.0551264939248587
0.0006979037337596