0.5636902575690249
0.6099710458041898
0.6646548708562181
0.7191687245924694
0.7685708379266696
0.8277412805404418
0.8760487806497561
0.9199248399480946
0.961847109546503
1.009015455426289
1.0434211824675894
1.0756101487428569
1.1063269059540148
1.1318357937111003
1.1646487637139824
1.1830075387053485
1.2125364354492827
1.2321316878352706
1.257112355854866
1.271143859234629
1.2886485121937856
1.3048241766885396
1.3270204863221222
1.342511541924024
1.3626970941155383
1.3675222651375891
1.382161350658356
1.3933578290373327
1.3989121829894675
1.4071096775183372
1.417500072710491
1.4221362677262774
1.431265709605714
1.4298518666606763
1.4354131985997614
1.4277282977842731
1.4332629898498614
1.43507317975792
1.4336146530826146
1.4381002274406984
1.433135160298051
1.4323713672430831
1.427700720577405
1.4204073599608416
1.4270838199974183
1.4284165458560576
1.430161472050364
1.4299828904432688
1.4227908600136054
1.2286565780080057
1.20702093392831
1.0416676724200766
0.9368436904718852
0.7886720756948096
0.6869762612979686
0.5651693370564349
0.4245045565028959
0.3089504058160225
0.1685835495476213
0.0519044271143763