0.0014924205385281
0.0014905351680865
0.0014778305876296
0.0014522194592977
0.0014431894233371
0.0014343466814844
0.0012687810503725
0.0013678693195502
0.0013450201754544
0.0013204876553347
0.0013006229676259
0.0012815491840476
0.0012751300864044
0.0012468767213582
0.0012553631683736
0.0012272176001168
0.0012270588582465
0.0011946195136147
0.0011769572090832
0.0011624621451104
0.0011475501231482
0.0011376440979471
0.001126995846126
0.0011198278145694
0.0011293896241693
0.0011236773278261
0.001117622334273
0.0011187643155477
0.0011095948315729
0.0011165805818246
0.0011173074159241
0.00112015864837
0.0011270336076062
0.0011310806250457
0.0011316290360767
0.0011275325428995
0.0011446453707118
0.0011411175853966
0.0011304065987296
0.0011423357422407
0.0011519806175427
0.0011633678272852
0.001167378899962
0.0011638127396049
0.0011556896309884
0.0011633712122576
0.0011548561112347
0.0011566523639398
0.0011644685403907
0.001193867665147
0.0011805285278192
0.0011834974929856
0.0011845952582863
0.0011942723340332
0.0012085930625599
0.0012285461634944
0.001232400467264
0.0012310107393791
0.0012587966261221
0.0012751446299844