0.0021477440704079
0.0021746040889158
0.0021606342157061
0.0021814001848575
0.0021757048584876
0.0021950629887342
0.0022171101518221
0.0022084940066456
0.0022304575038404
0.0021478139005345
0.0021035027113866
0.0021152660403226
0.0021211996952327
0.002157529602019
0.0021484548372897
0.0021444967333385
0.0021438669983061
0.002148956124216
0.0021706899760139
0.0021857210282114
0.0021722434107673
0.0021632733554737
0.0021534197600451
0.0021699477505978
0.0021842386508676
0.0022157595468659
0.002233724762118
0.0022131192974225
0.0022116128467808
0.0022182470500108
0.0022006933647076
0.0022256239972031
0.0022269149069837
0.0022667288683102
0.002238289895263
0.0022418030843487
0.0022505451141557
0.0022301512367499
0.0022586374805442
0.0022788680782936
0.0022771067547379
0.0023006221039095
0.0022898669590138
0.0022870514924961
0.0022596170595968
0.0022916267250833
0.0022965824417402
0.002295876771078
0.0023151306044339
0.002298551753667
0.0022937961875234
0.0022946671132658
0.0022920976603168
0.0022800193604692
0.0022555163683616
0.0022956022525212
0.0022494572537011
0.0022476451770162
0.0022285303813122
0.0022209762069446