0.0172823562830557
0.0344908253973867
0.0528637729697679
0.0774879101627232
0.1230870005819237
0.1711335532889324
0.2121878668105581
0.2667855368306067
0.3413344611834862
0.4030748076628557
0.4644606621774593
0.5548505895898425
0.6196203917523888
0.6951538082965806
0.7525387245340885
0.8326779232057342
0.9022939519109172
0.9809266685054424
1.0538702135278966
1.1242414326864578
1.1863376998684332
1.2515106022688198
1.33478625101354
1.4166680702698815
1.4907230259252016
1.5475992652561064
1.6165905132495004
1.6906400523067535
1.7502486309629273
1.81236133210664
1.8851955127338105
1.9414353511666045
2.0012806229961613
2.074423617228004
2.1433592134226096
2.207443429517644
2.267236916013644
2.323741227006927
2.3764087329342813
2.427458684058025
2.493483223887572
2.5451363940594414
2.5867218300361
2.6148320327271364
2.645973844090394
2.672578710325052
2.6957334845849195
2.702890198670547
2.706396784042259
2.7135541193089248
2.716000895263095
2.71111215449515
2.718389716969916
2.720176293949814
2.720356195637846
2.7167014630199864
2.72198623069026
2.7199284378724675
2.720263144589315
2.733068236524004