0.0070821266608371
0.0102794528937105
0.0158826353944178
0.0229439309049027
0.0304184226651161
0.0366905842634793
0.0492251282385979
0.0642078581568586
0.0785740578905748
0.0870455623388892
0.1000086474441089
0.1161161361031008
0.1272913592569287
0.1433715404378688
0.1559622704354656
0.1675493674803079
0.1784512846920602
0.1922687199402679
0.2038206170656695
0.2155489099680795
0.2260248714244669
0.2374660032097158
0.2484614508433781
0.2596252534161476
0.2713358085075661
0.2792221443719426
0.2908613176362783
0.3056216889808054
0.3174640081398315
0.3266806146098541
0.3432914228778088
0.356190672652753
0.3710187395312369
0.3865711167333673
0.4039192962050446
0.4209553528923051
0.4392743678355566
0.459102150259643
0.4789519042103182
0.5017617925484813
0.5208960452681537
0.5392789602378206
0.5568108623768426
0.5712672243864471
0.5855378205360882
0.5933313525321335
0.66505486133712
0.7302256996203945
0.7869423740291364
0.8237216653393657
0.8569431048944697
0.8719225910803088
0.8732503649916947
0.8705721543828254
0.8766564393825695
0.8930435871286709
0.90436508228667
0.8435448602018578
0.7854522679606679
0.7383464243311126