0.0165245219891345
0.0451391057742637
0.065961130579837
0.0975005165523911
0.1373056510001069
0.1887736220155802
0.2358750152402661
0.2930567257679319
0.347742385762383
0.4013544997752121
0.4695735151509704
0.5184396708758997
0.5706313174218318
0.6112704223123596
0.6467539130427017
0.6825207053534313
0.7266997377724836
0.7685944956762454
0.8046760794892136
0.8452885406241499
0.8726790099855197
0.902698454203992
0.9336814191844524
0.9699132561022402
1.0010141293456836
1.0387166233673994
1.073785518001026
1.1043650452762652
1.1256212773697012
1.1480005283106438
1.171192059424396
1.1965880394585693
1.2135684574923602
1.2387299812292876
1.2574362116866298
1.2706241415196062
1.2892041217691583
1.3022610349200625
1.3145155381382851
1.3292980397200067
1.342107736406511
1.3520566300673704
1.361005626101082
1.3712603742629024
1.3742735902961496
1.376342321472145
1.381838649504224
1.380675052945988
1.3841141554212486
1.382904299996368
1.3852821218313291
1.3844588911365638
1.3865314532230166
1.3815235544450162
1.381740745733143
1.3860513318242802
1.3841747751035167
1.3872455030979105
1.3842270810091657
1.3800152547469504