0.0079989591520654
0.0118354977369014
0.0141933796551912
0.0205796784954247
0.0257854230344903
0.0308177187026634
0.0387211566280559
0.0413312172797875
0.0506994609355045
0.0561642280401997
0.0623489879509351
0.0641336258574307
0.0675418479629851
0.0712252692044959
0.0720518649700384
0.0726576698101223
0.0732001204893326
0.0733925714000098
0.0753965718732257
0.0741686784628733
0.0733201189424098
0.0729477193463011
0.0753531104443713
0.0734377202858904
0.0733735851293929
0.0715679684109286
0.0729825356621687
0.0727043901851246
0.0718363068635765
0.0718310090396284
0.0719850257190557
0.0728947398671707
0.0741025371410956
0.0717499636263554
0.0732768201640217
0.0738346813188732
0.074921908885433
0.0723445479675097
0.0724468599468117
0.0733678252725045
0.0711100726900652
0.0722156500594394
0.0721358242578377
0.071288816752682
0.0717769175042211
0.0715381856372314
0.0700809345261335
0.0703310872133853
0.0707005678324001
0.0710815510581628
0.0704627011299715
0.0735662695658495
0.0676524181292976
0.0611139804227699
0.0545715507882466
0.0499035560133277
0.0425623982627799
0.0375624355855689
0.0310918685467735
0.0260295669595802