0.0016898185909768
0.0017018472095982
0.0017024990892859
0.0016811626651881
0.0016833872548106
0.0017306864801231
0.0017818660980887
0.0017496681911485
0.0017854854266989
0.001830590577529
0.0018567916066022
0.0017732376416064
0.0018253141428597
0.0018363007319421
0.0018392704239255
0.0018419013642268
0.001811479520887
0.001852537873712
0.0018578770715716
0.0018537299477329
0.0018169686879824
0.0018253359289945
0.0018586639808523
0.0018412925146539
0.0018620971655453
0.0018593171325079
0.0018809701980738
0.0019125694744163
0.0018417757480894
0.0019286928356389
0.0018942495346205
0.0018847813700325
0.0019367809363649
0.0019589311451311
0.0019304944147291
0.0019205049600817
0.0019556402216346
0.0019351614704598
0.0019938728207379
0.0019904825647412
0.0019412349353456
0.0019771697158356
0.0019857467899891
0.0019398385347501
0.0019759300025594
0.0020136686537594
0.001981024340326
0.0019720429597753
0.001947995214437
0.0018569655417008
0.0019327753439342
0.0019306003746263
0.0019396596637142
0.0019003507902416
0.0019267915046092
0.0018532449574098
0.001856758745808
0.0019355323908597
0.0018917500819879
0.00188009239101