0.0051994737007205
0.0088175845153801
0.0121749811056228
0.0168331865412283
0.0212873382006867
0.0274118512251855
0.0354371917013663
0.0424553567301729
0.0515279222706377
0.060572813078891
0.0674398859044581
0.0787462268865503
0.0871111194576502
0.0953640695007072
0.1045971858194238
0.1107993539539644
0.1218067263368768
0.1277029504487838
0.1381760459981446
0.1491572211459485
0.1584976186462335
0.1688882942733657
0.1753231686108327
0.1862714656190022
0.1932210120717796
0.2047178230524302
0.2129981627631909
0.2246084952720367
0.2324843896798462
0.2440828678345688
0.2509625367184368
0.2591348763057612
0.2666426179563105
0.2792463571466402
0.2871752941946318
0.3005263994560392
0.315210545167114
0.3252743809748129
0.3390492969108928
0.3536663385641633
0.3655773004843018
0.3763296653216855
0.3822558849080696
0.3900696615601166
0.3932510002002934
0.3958050920861775
0.398242424454583
0.3994703998160041
0.3991339250680255
0.4083913366334815
0.4066078872918893
0.40923751179112
0.4124412763172205
0.4158978613843577
0.4161958041193366
0.4247910679014574
0.4260117458046637
0.4258014242598661
0.427354347531833
0.4291070387170528