0.00594735811912
0.0061868135055038
0.0061170433100618
0.0061333235454347
0.0060148419024293
0.0061018989079047
0.0058903339100037
0.0060645096331908
0.0059699056102688
0.0061371368781974
0.0059966741614178
0.0060293572662314
0.0058321334502491
0.005896623578523
0.0058749554272308
0.0060734481524526
0.0060053849439108
0.0061627301981121
0.0060446698254831
0.0061573557578083
0.0061535311514052
0.0064390495529737
0.0063050535033216
0.0064292430911503
0.0064760306475711
0.0066168377014279
0.0064098441056474
0.0065622028753994
0.006330339046716
0.0065923915278301
0.0064342193301849
0.0066291555148011
0.0063203622864004
0.0066655341938571
0.0065836010716554
0.0066366009811046
0.0064561608375142
0.0066247349483499
0.0063645757808078
0.0065978582150879
0.0061013928776359
0.0062776558792584
0.0060188364929343
0.0062094254107577
0.0059194344671612
0.0060254113483042
0.0059214679189687
0.0059585102536864
0.0058986568076397
0.0059519380703687
0.0057707673527221
0.0060753659377736
0.0059118590439087
0.0059320457044919
0.0057894251010671
0.0059127064051095
0.0057628775867413
0.0059047999606502
0.0058823341926755
0.0060133461209017