0.0010959790066188
0.0011085805749441
0.0011032942845853
0.0011064242555497
0.0011115969959923
0.0011208585646277
0.0011098489886747
0.0011271243060007
0.0016792751969135
0.0017013913280908
0.0016918019129394
0.0016927975827016
0.0016932998542008
0.0017113814250202
0.001698554625321
0.0016939994023687
0.0016992397850254
0.001702515803199
0.0016763593873447
0.0011330763186183
0.0011280614111341
0.0011415264779794
0.0011416793886209
0.0046006598142033
0.0060414574407858
0.0079902989993897
0.0111819336372119
0.0123123086838288
0.0124429121455558
0.0125001978556428
0.0120948842440299
0.012379569821093
0.0123000435034908
0.0124295698502422
0.0092214535240417
0.0075807400262019
0.0057295428071178
0.0023821551714678
0.0013424883493386
0.0013512640517444
0.0013349683503723
0.0013458666356357
0.0013294652439467
0.0013450243348237
0.001348067707662
0.0011097550505052
0.0011190897454518
0.0011261794252288
0.0011261714190612
0.0011251395451533
0.0011016158262606
0.0011134937490913
0.0011061309377486
0.0011071570216191
0.001089801205689
0.0010856691423867
0.0010989118409678
0.0011009720154752
0.0010906597613884
0.0011019081080109