0.007134843871225
0.0071110657954689
0.007103697653194
0.0070897051897553
0.0070825281671035
0.0070804058687341
0.0070714328883017
0.007101195830504
0.0070718095603832
0.007062625422753
0.0070623186456652
0.0070752559917949
0.0070905289364251
0.0071205748670236
0.0071272909713863
0.0071121591791958
0.0070960869844442
0.0070835701611147
0.0070595627219258
0.0070795360625558
0.0071053284770145
0.0070935999378926
0.007093649056741
0.0070850832659361
0.0070598273793088
0.0070701815028478
0.0070712801927076
0.0070952759085287
0.0070862151760926
0.0070983283718429
0.0070716070416393
0.0070721683288166
0.0070634860772648
0.0070758375584321
0.0070643560371517
0.0070701137036298
0.0070858216904602
0.0070703793072031
0.0070913871111508
0.0070931928811034
0.0070946359500674
0.0071100236625142
0.0071035619376652
0.0071303137683935
0.0070943497988501
0.0070790668012182
0.0070819585023054
0.0070483329994719
0.0070812706355738
0.0070584366558199
0.0071017836480694
0.0070971854949919
0.0070827170308072
0.0070829947586207
0.0070635837645185
0.0070525026758409
0.007041546475847
0.0070409112094708
0.007065506039096
0.0070680122437873