0.0059643160369737
0.0061825361854537
0.0059838691560138
0.0060471393867792
0.0060081979345326
0.0061169352314441
0.0059788877205195
0.0059910131881859
0.0058938802802617
0.0060000889398936
0.0059611796786476
0.0060213636674649
0.0058294592469628
0.0058979261469397
0.0057287365415841
0.0057709985417492
0.0055632745308604
0.0056272946904082
0.0055578247260486
0.0056765143951518
0.0056092158269441
0.0057538097819213
0.0055556013738779
0.0057407126839903
0.0056439837968472
0.0059738264231808
0.0058515171088746
0.0060591272923021
0.0060194522786055
0.0061566336798183
0.0059711623870791
0.0059853326395048
0.0057755381076437
0.0058615731843175
0.0055986184605916
0.0057200588709967
0.0057892953954331
0.0058126193692874
0.0056769075531736
0.0056565781579044
0.0055723494855802
0.0057695924631984
0.0056678607968156
0.0058355496111201
0.0058142956076079
0.006001975246703
0.0060126384126755
0.0057270809824334
0.0056846992500363
0.0057467848950949
0.0057086955870139
0.0057750995520531
0.0056253199600097
0.0058075796353017
0.0056407527913562
0.005684136849659
0.0055087056346286
0.0054777674634055
0.0053859615292403
0.0055008143843145