0.0056923842471321
0.0057023298201881
0.0057528810099871
0.0057072757305767
0.0058656657189642
0.0058748973475966
0.0059336520275084
0.0057745401181281
0.0060120988519239
0.0058123960804349
0.0060147141069808
0.007181837729875
0.0080090031429598
0.008750462028372
0.0098789186848348
0.0097816803912521
0.0098136914264999
0.0098188050139276
0.0100048831468916
0.0098424220503683
0.0099583333750403
0.0098059741906636
0.0088263879514129
0.0079670745160874
0.0071770666928415
0.0061624813876157
0.0063944411369416
0.0062530663303909
0.0063418398940674
0.0061056312301507
0.0059994485711693
0.0060292084221262
0.0061604873244074
0.0059501028109074
0.0061234398887362
0.0060111275679257
0.0058313214312182
0.0055779272001724
0.0057908537061822
0.0056733588155144
0.0059340435387171
0.0060618696510159
0.0060181825458444
0.0059963259172378
0.0060375888422744
0.0058735622907874
0.0061568217311697
0.0064032697846934
0.0064247905389155
0.0063596711266453
0.0064838403915376
0.0062569548110984
0.0063645621275818
0.0063232067097009
0.0062593473346178
0.0062177424275441
0.0062293030460957
0.0059194715834905
0.0058188374398339
0.0058404142041398