30.0
37.0
39.0
42.0
53.0
42.0
54.0
62.0
68.0
67.0
60.0
79.0
79.0
87.0
72.0
94.0
96.0
88.0
92.0
95.0
105.0
113.0
115.0
105.0
117.0
113.0
130.0
134.0
125.0
128.0
149.0
147.0
137.0
169.0
154.0
180.0
144.0
161.0
170.0
170.0
167.0
165.0
190.0
183.0
195.0
201.0
210.0
183.0
195.0
206.0
204.0
177.0
205.0
231.0
217.0
220.0
208.0
228.0
223.0
225.0
241.0
249.0
234.0
274.0
243.0
267.0
282.0
266.0
273.0
272.0
291.0
279.0
268.0
280.0
258.0
298.0
297.0
301.0
320.0
335.0
296.0
302.0
322.0
338.0
284.0
304.0
326.0
322.0
316.0
307.0
358.0
347.0
341.0
344.0
353.0
351.0
356.0
362.0
366.0
385.0
391.0
352.0
396.0
384.0
357.0
363.0
382.0
380.0
402.0
379.0
393.0
451.0
373.0
463.0
413.0
407.0
450.0
405.0
419.0
452.0
401.0
450.0
422.0
438.0
447.0
456.0
459.0
444.0
441.0
481.0
446.0
507.0
479.0
409.0
533.0
484.0
499.0
476.0
517.0
471.0
515.0
525.0
453.0
556.0
500.0
462.0
573.0
544.0
510.0
542.0
507.0
547.0
511.0
554.0
546.0
530.0
568.0
577.0
565.0
518.0
605.0
573.0
582.0
562.0
504.0
669.0
573.0
465.0
615.0
568.0
637.0
566.0
568.0
622.0
555.0
653.0
594.0
601.0
607.0
512.0
681.0
625.0
668.0
618.0
552.0
673.0
572.0
630.0
614.0
680.0
666.0
547.0
697.0
561.0
689.0
552.0
671.0
663.0
588.0
663.0
595.0
686.0
598.0
659.0
590.0
732.0
686.0
499.0
713.0
476.0
738.0
574.0
624.0
657.0
570.0
722.0
522.0
731.0
568.0
651.0
600.0
670.0
683.0
583.0
666.0
593.0
641.0
586.0
640.0
669.0
621.0
654.0
563.0
641.0
589.0
690.0
616.0
645.0
638.0
582.0
713.0
564.0
676.0
594.0
666.0
595.0
644.0
597.0
614.0
651.0
602.0
669.0
620.0
696.0
595.0
571.0
650.0
550.0
697.0
639.0
543.0
700.0
572.0
712.0
586.0
663.0
605.0
675.0
665.0
616.0
654.0
535.0
710.0
543.0
676.0
628.0
625.0
693.0
541.0
661.0
586.0
701.0
577.0
627.0
706.0
615.0
597.0
588.0
611.0
613.0
723.0
550.0