0.0056280982483003
0.0054266448022776
0.0055524957372389
0.0053706335786124
0.0054677982549161
0.0055853322461637
0.0055190770067632
0.0055656168531082
0.0052756574365539
0.0052731971270555
0.005256075611049
0.0051642344286994
0.0051839181137368
0.0051068265465643
0.0053028657813399
0.0052588976139377
0.0053772591622559
0.0054517462934864
0.0055130876211445
0.0057985418921406
0.0057840061153553
0.00596966388955
0.0060144690598789
0.0061279530459383
0.0057573055059711
0.0059571323470929
0.0060196580512478
0.0059437977963568
0.0059687739284473
0.0059508453954615
0.0060050705195038
0.0059739723457228
0.0058767435954227
0.005906126474324
0.0057389801055256
0.0054979646029551
0.0058413197857323
0.0058373686296619
0.0056175104725508
0.0055754342964645
0.0054835076076862
0.0054213656018306
0.0053972835773631
0.0055300863006299
0.0055721740279144
0.0057762023714699
0.0056400059601173
0.0057039747460186
0.0056964117909303
0.0057929043267271
0.005799613065984
0.0058664615760959
0.0056797200368278
0.0056887126256335
0.0055546211239072
0.0056280202784937
0.0054891892605795
0.0056155648158072
0.0055950072323317
0.0056055191205542