0.0058117711259157
0.0055228087445573
0.0056108679091056
0.0053408469489528
0.0053752670139321
0.0050037772821615
0.0050582224195458
0.0049075967673953
0.0051215031825311
0.0050469154888319
0.0051814820584855
0.0050259477015203
0.0051780270067653
0.0050371546026176
0.0052156000222829
0.0050534327393593
0.0053483850589487
0.0053792223045709
0.0056483927293104
0.005467056050838
0.00561698096721
0.0056334946960275
0.0057728580502674
0.0057864089722067
0.0060263793377101
0.005887562803684
0.006106186089134
0.0060350174372188
0.0057052251352366
0.0058938442302397
0.0060038749369915
0.0058095292760825
0.0058489724762318
0.0054551996274654
0.0057623867758502
0.0055989784300116
0.0057592950648413
0.0055061712956204
0.0055219055569716
0.0054482470168182
0.0055267434234108
0.0053882304618855
0.0054646215433428
0.005412587224291
0.0055544719578296
0.0055096061505939
0.0055181281033134
0.0053243312319367
0.005521765378127
0.0054430273651717
0.0055449278077717
0.0053687748651701
0.0051466564124663
0.0054206425594815
0.0055502101717811
0.0053523009782061
0.0055371500145751
0.0054307692861228
0.0056630213038228
0.0056005076932193