0.0010940524846557
0.0010855283940457
0.0010929508601279
0.001087069208127
0.0011024813545027
0.0010973177064153
0.0011012978505442
0.0010960476286106
0.0010972915782419
0.0010880268468928
0.0010726586926683
0.0010670499042407
0.0010732459730082
0.0010640656694172
0.0010774774271532
0.0010640329640783
0.0010761043718493
0.0010685459181815
0.0010780575247903
0.0010721267312522
0.0010891077079033
0.0010867710774348
0.001096768557856
0.0010925951308152
0.0010977488499791
0.0010866855243375
0.0010918429418742
0.0010824944278733
0.0010928424380141
0.0010268573565812
0.0010868002559394
0.0010694711774069
0.001078506700152
0.0010627685158133
0.0010680583556307
0.0010712059902644
0.0010763499317381
0.0010758749931264
0.001087438535149
0.0010830628033216
0.001093800332141
0.0010895743627518
0.001100967546232
0.0010899619219497
0.001106466524622
0.0010955346372828
0.0010372328448375
0.001090034793602
0.001096756357022
0.0010872004809634
0.0010972800390992
0.0010883279050661
0.0011024455531375
0.0010986608004076
0.0011113600239617
0.0011077476316447
0.0011224145520642
0.0011170545928961
0.0011228160476938
0.001065868873978