0.0051907395550241
0.004970080050872
0.0051634915407798
0.0050379267252472
0.005222947670311
0.0051028896040961
0.0053071938246685
0.0050712445859159
0.005313102500408
0.0051126464888363
0.0052762758110763
0.0051502575721699
0.0054472900600694
0.0052288203301982
0.0054682656354591
0.0053120667486482
0.0054853555815986
0.0053425927555359
0.0056164012845423
0.0055032319481285
0.0056908130583826
0.0055563462540473
0.0056854552067873
0.0055100064383113
0.0057039495738253
0.0056578410532069
0.0057139023021896
0.0057114994608355
0.0058997998294566
0.0057276914177233
0.0057860884520883
0.0056848315820683
0.0057206698628431
0.0056225316571387
0.0059029168505066
0.0057851646572193
0.0058622021107311
0.00577964401979
0.0058502770419627
0.0056940890463776
0.0058803219900532
0.0058004303235278
0.0059112671951462
0.0059702025768451
0.006174920525542
0.0059257976936348
0.0060444276576301
0.0058993114832183
0.0058964206892802
0.0057767216056539
0.005877884560544
0.0056295885949633
0.0056584741666994
0.005486150074133
0.0054800952699891
0.0053483946560982
0.0054717644572169
0.005313944995674
0.0053886994470211
0.0054035559957215