0.0010649922994691
0.0010626792516119
0.0010493427463628
0.0010536922082885
0.0010485627624653
0.0010400012082444
0.0010265152031877
0.001028060836783
0.0009542567119397
0.0010056226150597
0.0010066776911809
0.0010000404517415
0.0009998144143821
0.001015798178603
0.0010206814714389
0.0010280185284161
0.0010341363834898
0.0010318095909997
0.001043185988487
0.0010503596401591
0.0010536980967973
0.0010564188385834
0.0010628970145464
0.0010713882422495
0.0010715079991153
0.0010575826370638
0.0010677517550274
0.0010614234872844
0.0010661908562348
0.0010644534506799
0.0010705205780135
0.0010655944114702
0.0010799819416863
0.0010759320479014
0.0010777835235696
0.001076521839955
0.0010786894399583
0.0010748445959457
0.0010733283133076
0.0010726303469241
0.0010658795101323
0.0010560035389466
0.0010630901112394
0.0010560127175127
0.0010565641006945
0.0010405003829041
0.0010937404331275
0.0010893444154911
0.0010862092895475
0.0010882504847265
0.0010956014510012
0.0010846040290322
0.0010948075720673
0.0010899520659001
0.0010902710662866
0.0010820605398968
0.0011002965416553
0.0010371913527784
0.00103985981795
0.001036426253311