0.0010824142144147
0.0010791539013618
0.0010800819125613
0.001073873056612
0.0010738969334984
0.0010612362843452
0.0010840606889921
0.0010703477678408
0.0010806261611618
0.0010715740335385
0.0010809016951648
0.0010707200528479
0.0010814809868232
0.0010779930336916
0.0010850356837911
0.0010903648843273
0.0011062023326292
0.0010916018623177
0.001040566514778
0.0010963183786962
0.001109826475657
0.001103898860709
0.0011219504662865
0.0011148298800435
0.001128493515445
0.0011323496318776
0.0011397699205737
0.0011328879830752
0.0011431061498955
0.0011426072836108
0.0011381812829407
0.0011397289994697
0.0011469216258055
0.0011364247571498
0.0011414559348691
0.0011146529239292
0.0011163916499558
0.0011082484829596
0.0011142571936895
0.0011076364897988
0.0011097174803718
0.0011036734867387
0.0011055688795927
0.0010961924378401
0.0010957047262433
0.0010993025580764
0.0011174295239316
0.0011160903410428
0.0011306851294401
0.0011277908455766
0.001135781661428
0.0011317659369955
0.0011494916776895
0.0010704976177027
0.0011569339362603
0.0011533019531745
0.0011594717347876
0.0011566898296203
0.0011647222232208
0.0011538799030713