0.0012813268843354
0.0012953007535062
0.0012869943045947
0.0012907277408913
0.0012797130925302
0.0012707648683964
0.0012689583037316
0.0012686079262043
0.0012650372089581
0.0012735073591671
0.0012548287898938
0.0012592565204721
0.0012505153678184
0.0012492077647014
0.001269987813503
0.0020898162578163
0.0020732486437452
0.0020842120632744
0.0020757000180766
0.0020596472881327
0.0020725762959714
0.0020670342645133
0.0020744542031701
0.0020845199783629
0.0021063175755126
0.0021046167615512
0.001316769639393
0.0013144801378193
0.0013346995477414
0.0013452150897809
0.001383617200207
0.001400780313013
0.0014156619565216
0.0014394723813308
0.0014603255007843
0.0014895000891328
0.0015026493367328
0.0015482924749133
0.0015761768705003
0.0016215429828212
0.0016820861393335
0.0027708844452435
0.0028545637453549
0.0028217542496358
0.0028680932754488
0.0028632045908721
0.0028851851329056
0.0028864914072456
0.0029113636495476
0.0029740521765754
0.003015828992911
0.0030319026464853
0.0019664883602132
0.0019553236843046
0.0020012249485397
0.0019840593465374
0.0019749088554195
0.0019796851119892
0.0019830456959143
0.0018543991078857