0.0010727351917012
0.0010751548626847
0.0010811540393703
0.0010089506124063
0.001076196729179
0.0010731752511765
0.0010206753948144
0.0010897734568235
0.0010913033865907
0.001071586263198
0.0015608575827844
0.0022539623799225
0.003272179767025
0.0038962273909635
0.0048167624467358
0.004981715294237
0.005223669020884
0.0053201232471516
0.0050148536961682
0.0053912096291475
0.0053469955380818
0.0048531926055457
0.0041507793866964
0.0032306923349629
0.0025124284893641
0.0017327682536829
0.0012349304924068
0.0012135129170647
0.0012083666946386
0.0012002363136872
0.0012116132954566
0.0012020053982835
0.0011293604065665
0.0011258784165033
0.0011299946832314
0.001099080877976
0.0031056303592121
0.0042386585357136
0.0048774237417476
0.0056513396408012
0.006574348508013
0.0071422681098166
0.007046774377687
0.0069892512633451
0.0072308210048201
0.0072400611907591
0.0071050511448165
0.0049787162474331
0.0039286621442452
0.003281938082373
0.0025482775342172
0.0016019283189277
0.001150073575074
0.0011362045679345
0.0011238805684464
0.0011247210288907
0.0011307524369241
0.0011127971584261
0.0011266691325297
0.0011222727254747