0.0010017922279505
0.0009976563074011
0.0009866680076803
0.0009821429542032
0.0009736618605999
0.0009768200824764
0.0009768918909091
0.0009734049179121
0.0009662682890882
0.000967060451826
0.0009658740264939
0.0009755209124094
0.0009669027493912
0.000967629291865
0.0009599867057602
0.0009606680480347
0.0009519468728245
0.0009488381330684
0.0009355667222685
0.0009389392340829
0.0009352721751696
0.000937616395175
0.0009375462368329
0.0009497233485938
0.0009577643687571
0.0009716152999548
0.0009731554101678
0.0009845110083222
0.0009859295641637
0.0010033373763223
0.000999239378761
0.0010030992850032
0.0010049895318513
0.0010027066232512
0.0009988324729007
0.0009928297969654
0.0010014182636469
0.0010057385560676
0.0009995699963807
0.0009980336827854
0.0010034890666182
0.001012564335677
0.0010090576822624
0.0010077132210874
0.0010131038508545
0.0010149650652626
0.0010101369323876
0.0010164963529352
0.0010278646860475
0.0010438983038535
0.0010477714731721
0.0010370881677355
0.0010377382505344
0.0010431272880324
0.0010399695906224
0.0010437279749062
0.0010467361863987
0.0010442616982218
0.0010388224078913
0.0009702191857344