0.0058470753250527
0.0057753457773603
0.0058392761584188
0.0059132651787303
0.0059611241032738
0.0060249500643221
0.0059693567346645
0.0058694703875348
0.0060342912987726
0.0059459417600586
0.00594924226373
0.0059507741034845
0.0059587051020587
0.005721856752444
0.0057129167761476
0.0058722012428975
0.005774405173195
0.005796723628576
0.0059490077491109
0.0057048436908402
0.0058084493469691
0.0057231518192765
0.0057867949682789
0.0058251591954443
0.0061583395284275
0.006167578386167
0.0060870206238065
0.0060780296530317
0.0061136912778608
0.0059002524854177
0.0059704265011849
0.0059507838411589
0.0057918258302452
0.0058015648134627
0.0057095922380051
0.0054657520127629
0.0053556409527971
0.0052516454136184
0.0053173223090471
0.0053315461299084
0.0053517883114308
0.0053808601068502
0.0052942867367885
0.0055909499126066
0.0055285790725984
0.0056300630898607
0.005714540825737
0.005794992840575
0.0058226493743899
0.0057405987976527
0.0057640050666371
0.0058565739304568
0.0057994361201327
0.0056532587412588
0.0055032337256478
0.0055376767014069
0.0054417053143604
0.0053440185857681
0.0053530374162767
0.0050633338272476