0.005230886189922
0.0051413390647483
0.005178002670155
0.0051179176739927
0.0052789318130924
0.0051458952280233
0.0052591377816926
0.0050749622771668
0.0050946216409693
0.0049683083947886
0.0051189538016965
0.005095986787688
0.0052553821565923
0.0052626347341831
0.0053362608093831
0.0052289633815959
0.005334713783706
0.0052114250054382
0.0053752823975576
0.0053848051064293
0.0054902682327079
0.0052909722036832
0.0053822569252331
0.0052736382819487
0.0053495557107303
0.0052425040785961
0.0054614475346967
0.0052857920481064
0.0054555845846936
0.0053201931523964
0.0053547949689129
0.0053226594772766
0.0054595677577244
0.0053430141857966
0.0054315640062025
0.0053551897434029
0.0055748387681158
0.0054011652988809
0.0055699394720598
0.0053953061506815
0.00548817114561
0.0053762756206587
0.0053991628522409
0.0052822411192079
0.0053173438783969
0.0051972890517553
0.0051923146029732
0.0049776160256067
0.0050730702360602
0.0049204509401961
0.0050431829171511
0.0049770008984893
0.0050914670245121
0.0050051347049267
0.0050884068237701
0.0050793263303806
0.0051886417311233
0.0051150322723882
0.0052587656069415
0.0050903320925712