0.001171807248351
0.0011100332111871
0.0011706367019121
0.0011642109094567
0.001161561406073
0.0011475690622638
0.0011357770619263
0.0010744289466983
0.0011341723335917
0.0011338372679306
0.0011414629626261
0.0011612074996168
0.0011607879783215
0.0011615797587251
0.0011753866690621
0.0011091368245592
0.0011712504389629
0.0011156187885076
0.0011736507092197
0.0010947901184648
0.0011620375609845
0.001162964525922
0.00115705669211
0.0010877107853947
0.0011777641592471
0.0011738078018118
0.0011757812568796
0.0011752485580222
0.0011130381240327
0.0011762308222533
0.0011168672717813
0.0011916513969338
0.0011940079658088
0.0011178176269971
0.0011784277458734
0.0011571368531122
0.0011449913204717
0.001150009092897
0.0011471888690702
0.0011438825539145
0.0011484119363592
0.0011336940197307
0.0011298860625034
0.0011319311305866
0.0011353055128608
0.0011288124739295
0.0011346352904966
0.0011309481022889
0.001130561499473
0.0011326519750747
0.0011303649392303
0.0011285151982046
0.0011323414841355
0.0010624777416953
0.0011391748938793
0.0010104079516667
0.0011438993137544
0.0011461972526912
0.0011483752706323
0.0011391270069276