0.0011816296756948
0.0011739781623255
0.0011562910520255
0.0011487669283966
0.0011495162433978
0.001154892234897
0.001154892234897
0.0011593134562928
0.0011430738803296
0.0011467660056848
0.0011401625519385
0.0012276781199702
0.0024186633157456
0.0044284816904013
0.007514494592331
0.0095011058930853
0.0100971272617611
0.0103488464072682
0.0101345080850906
0.0100974382753265
0.0101412310601887
0.0106717103629791
0.0099263702059819
0.0087774762991954
0.0067435052733359
0.0037202751708594
0.0017239499475225
0.0011462571577585
0.0011430216743727
0.0011562121277205
0.0011564112808032
0.0011620364222227
0.0011576169008911
0.0011610121844926
0.0011464904121507
0.0011518970709607
0.0014616215257244
0.0014183841579996
0.003375518840632
0.0057735981507048
0.0080051880718029
0.009395926422439
0.0097130767151125
0.0098408399138549
0.0096558948269645
0.0096597104940717
0.0097250473657456
0.0098209995414864
0.0077325143322919
0.0075154217275675
0.0050810894235462
0.0029219529175642
0.0014595056325676
0.0011434972865211
0.0011436514396156
0.0011525303121194
0.0011546329963236
0.0011572702360878
0.0011447190294888
0.0011423691255795