0.0020346725617289
0.0020386396641898
0.0020498337584166
0.0020481812502297
0.002034093006144
0.0020353587850854
0.0020399577234591
0.0019294684888258
0.0020352532043042
0.002062926628483
0.0020122283434649
0.0020379776522982
0.0020332476460622
0.0020305693619883
0.0020299744216774
0.0020402115193822
0.0020067669408824
0.0019893874291082
0.0019824968472996
0.0019922125656345
0.0019615009071117
0.0019906074498567
0.0019424998119729
0.001969106506269
0.0018555097700462
0.0019505569455256
0.0019446036778227
0.0019708071602375
0.0019630086411952
0.0018821145760746
0.001994713629847
0.001898143094262
0.0019700804455667
0.0020287467460229
0.0019879242947871
0.0018976088843059
0.0020076077697254
0.0020271583131638
0.0020475080613847
0.0019313536751712
0.002036593779058
0.0020434787970743
0.0019541830445843
0.002045365960168
0.0019748996251487
0.0020163191971457
0.00200202105205
0.0020151671687015
0.0020042335560832
0.0019501003273033
0.0018323584266214
0.0019808361404931
0.0019343185354028
0.0019522224705331
0.0019846338260949
0.0020059543785002
0.0019686295869702
0.0019157508858749
0.0020460683918669
0.002046437003797