0.0011472212970526
0.0011330250635932
0.0011574101941747
0.001157855248333
0.0011833972103199
0.0011744161151288
0.0011782052467161
0.0011726363091781
0.0011928865331108
0.0011732212136647
0.0011783103321974
0.0047039569709861
0.0093712672688138
0.0130572536791993
0.0155989176002999
0.016472325207315
0.0163003424242425
0.0161854919138443
0.0163653666684989
0.016249958029994
0.0162121758622563
0.0160092091369833
0.0126595248637911
0.0080701502156767
0.0043342028749858
0.0018058017283994
0.0010786185060428
0.0011300870940341
0.0011349883546893
0.0011304717791519
0.0011257005454393
0.001135265545014
0.001138034582509
0.0011361197990292
0.0011442333699681
0.0011301682749222
0.0035192536801226
0.0061644371909177
0.0109470926232945
0.0191584170175987
0.0196612808916654
0.0229529601511984
0.022485073730925
0.0225434557403905
0.0206610310755555
0.0216370107985682
0.0214543938861882
0.0187544881700453
0.0160226534220736
0.0112877320204698
0.0032766707991196
0.0014617163066956
0.0011079331706983
0.0011887235228917
0.0011796952913752
0.0011645632694066
0.0011644685232728
0.0011507574137007
0.0011656189691313
0.0011536887601135