0.0021356914691091
0.0021272343271259
0.0020379449973961
0.0021543420262225
0.0021400024816612
0.0021477438781488
0.0021613872406329
0.0021858441839958
0.0021801003070072
0.0021724332025003
0.0021683746447051
0.0021556557201225
0.0021739061667653
0.0021845630504403
0.0021839235818946
0.0021806243327844
0.0021906525210007
0.0021785724534284
0.002182530937364
0.0021811790418721
0.002202580129851
0.0022157960783593
0.0022208486347447
0.0022114343613918
0.002217311289257
0.0022150454730605
0.0022289654916579
0.0022002196527601
0.002204503577655
0.0022095500981604
0.0022109027803016
0.0022153425497833
0.0022008327423766
0.0020865311956774
0.0021855825396539
0.0021762561656926
0.002177573390558
0.0021781885780711
0.0021895302271425
0.0021802193679808
0.0021787952623893
0.0021974546484846
0.0021773586893345
0.0021791957695608
0.0020443835727286
0.0021669735338179
0.0021543491050668
0.0021588612577315
0.0021624756448557
0.0021624756448557
0.0021635031187693
0.0021561981812193
0.0021258543573999
0.0021264664396451
0.0021439528011074
0.0021579961236057
0.0020428509938527
0.0021771902284971
0.0021600733647135
0.0021751611370957