0.0003432729153696
0.0003215331711832
0.0003442800036825
0.0003416910828609
0.0003173678639565
0.0003401579227159
0.0003395707545451
0.000317125904971
0.0003376263190793
0.000339529663184
0.0003123707696256
0.000337271045045
0.000335352437649
0.0003107682037737
0.0003317155234656
0.0003353590658798
0.0003103787920097
0.0003379861578478
0.0003389833944052
0.0003162635
0.000339526431438
0.0003413633792603
0.0003188404245651
0.000348551253135
0.0003476942630344
0.0003250384985213
0.0003490981197082
0.0003523944970746
0.000321049135313
0.0003389878791202
0.0003405087734988
0.0003146719408328
0.0003442113537922
0.0003419029629494
0.0003131388823561
0.0003396851986366
0.0003402220303739
0.0003120065501787
0.0003430655971672
0.0003473417150578
0.0003232020521915
0.0003467913653495
0.0003451741274589
0.0003183559551361
0.0003410618234918
0.0003467749493673
0.0003196966204888
0.0003448802816901
0.000347199249605
0.0003185654987603
0.0003408072718072
0.000342406825926
0.000318485954232
0.0003458573029038
0.0003420377525929
0.0003200849410258
0.0003380495262704
0.0003384232479511
0.0003126873534832
0.0003358654304438