0.0011141442221505
0.0010992759523117
0.0011064069464285
0.0010900250423135
0.001102159428104
0.001088095572987
0.0011012899148266
0.0010930427592724
0.001108280092551
0.0010957724135412
0.0011018040600335
0.0011011559691678
0.0011117625691256
0.0011069227170083
0.001115873057371
0.0011077918195092
0.001126643378063
0.0011118877206903
0.0011330771592601
0.0011189373684016
0.0011306564372918
0.0011239507791921
0.0011305814793412
0.0011259300998573
0.0011371479264957
0.0011326134187669
0.001138594307608
0.0011158484139931
0.0011247820035927
0.001104351622703
0.0011074293926383
0.001097860766548
0.0011012326937177
0.0010897812619502
0.0010984085397316
0.0010825060692479
0.0010912035065859
0.0010829085788094
0.0011020720048075
0.0010940507369197
0.0011085606407323
0.0010986018095428
0.001107757359323
0.0010978614111993
0.0011079818092159
0.0011032184925789
0.0011162533485218
0.00110599927377
0.0011104204779791
0.0010992157552344
0.0011108099768064
0.0011061442348316
0.0011217368673101
0.0011099742066766
0.0011231156244887
0.001118130644069
0.0011247402952335
0.00111678854051
0.0011306037159491
0.0011204749497519