0.0020692460593058
0.0020041688792325
0.0020122407060465
0.0019818660571387
0.002059900048836
0.0020247551378537
0.0020493961150636
0.0020267660005475
0.0020498800505512
0.0020138946319184
0.0020591094861516
0.0020443265666533
0.0020559107514618
0.0020451313147904
0.0020608232878962
0.0020133763522105
0.0020270929593257
0.0020468020563254
0.0020315554146129
0.0020219815723695
0.0020489999999999
0.0020003892121345
0.0020583083565758
0.0020072348391088
0.0020158063031225
0.0020056901479337
0.002098189008257
0.0020509263523391
0.0020869206334742
0.0020682457786795
0.0020942808811531
0.0020673309454546
0.0020925431349376
0.0020973714947306
0.0021123266597942
0.0021118286610648
0.0021255186660121
0.0020636978622594
0.0021167372200629
0.0020346162293524
0.0021023122457134
0.0020735116502914
0.0020944703303443
0.0020786895156861
0.0020771651076709
0.0020551547999418
0.002072118539336
0.002109893663327
0.0020936050672494
0.002034356745022
0.0020509316866568
0.003227311627567
0.003246773013038
0.0032294204494015
0.0032144146552034
0.0031274428317481
0.0031716787696704
0.0031067589133509
0.0030653569803705
0.0030724715096564