0.0011505517581275
0.0011541303413307
0.0011435223418672
0.0011436870560523
0.0011464285324207
0.0011573951944751
0.0011480834009704
0.0011576304910974
0.0011546964753597
0.0011678212583068
0.0011640676682144
0.0011763079883445
0.0011679314748009
0.0011722817355771
0.0011607227312045
0.0011701141122694
0.001158185942045
0.0011667496980394
0.0011512403385677
0.0011507523883294
0.0011328893807728
0.0011369439498433
0.0011261559217937
0.0011350179790368
0.0011325377945914
0.0011527581651907
0.001143739982451
0.0011469566842286
0.0011358403650642
0.0011396021569801
0.0011319594539779
0.0011377954117076
0.0011323788689443
0.0011477034376037
0.0011407029613741
0.00114083614586
0.0011326977165031
0.0011402012314633
0.0011423600283616
0.0011533373827715
0.0011496483652398
0.0011558693852662
0.001157025043638
0.0011641530404001
0.0011443378919813
0.0011508878558454
0.0011485160622889
0.0011497724880039
0.001134542502118
0.0011356569788237
0.0011265564116476
0.0011330859128237
0.0011385205481935
0.0011418666131562
0.0011398495202828
0.0011531926527909
0.0011456468512836
0.0011506999871633
0.0011448588363437
0.0011565753399652