0.0052576946558131
0.0051985890249219
0.0053529880190957
0.0052400360722175
0.0055772953898587
0.0055253150550705
0.0055732706921783
0.0054387243803515
0.0055076320949524
0.0053930986816631
0.0053487028339785
0.0052055483079307
0.0052372961908809
0.0050462949558841
0.0051117143262259
0.0048241782757297
0.0049425824618737
0.0046954071183439
0.0048633455155627
0.004728159648066
0.0049592592760921
0.0049703574844225
0.0051365926494227
0.0050645205636631
0.0053433287984327
0.0053397018991802
0.0054629692337597
0.0053381495961108
0.0055070863250652
0.005282538406227
0.0053479805882898
0.0051352108887804
0.0052386202665115
0.0051440094094093
0.0051870933939078
0.0048933345611816
0.0050330979247492
0.0049316271694599
0.0050804978752644
0.0050094784544093
0.0052191234240329
0.0052028989073993
0.0052887961913148
0.0051269997962509
0.0051953048934617
0.0051431069861627
0.0053541661118022
0.0051107142958219
0.0051932110494476
0.0050222326416745
0.0050455001697246
0.0048958293811133
0.0050894711661371
0.0050083259589456
0.005100312361148
0.0049725002826043
0.0051395482381082
0.0049548605281218
0.0050855117613833
0.0050591196663577