0.0079156322360494
0.0110228056795013
0.0167179865987739
0.02283531180814
0.0322944386887749
0.0400404546761494
0.0492406414978157
0.0593149951252108
0.0758415624553973
0.0897839833212459
0.1039204326217755
0.1169530969531642
0.1309181380924951
0.1453317856413361
0.1589834353976322
0.1723335160710058
0.184148604024776
0.1981261562298767
0.207720932241723
0.2226495695727664
0.2343975035491171
0.2468213817677133
0.2553344503033368
0.2695549672077573
0.278920985628769
0.2925789779109866
0.3021499798381168
0.3133389178483454
0.3264151691505285
0.3361528372051553
0.3504016365886743
0.3618405930386261
0.3751463073608972
0.3893606534773308
0.4047091009794687
0.4235163461760433
0.4423614896729609
0.4619573543789615
0.4823545139726519
0.4981807126252318
0.5153440070315596
0.5280827606938568
0.5436543205260475
0.5551929881050248
0.5673644375289929
0.5792612166766588
0.6462730083645811
0.7347923867405388
0.7925656325265786
0.8701758602060508
0.8883755134392631
0.9064412785250744
0.9384378281914656
0.9474488144002032
0.9470435477185136
0.9577074727355226
0.9578962816572308
0.9029616906010468
0.8161852261657316
0.7664824446148749