0.0059075723313716
0.0057358373899627
0.0059189292864975
0.005738542493099
0.0058895837478373
0.0055949081665882
0.005609072736048
0.005400040245968
0.00544933906373
0.0053783473688081
0.0054552672048435
0.0053949623581766
0.0054634066568861
0.0053577892128385
0.0054659371880422
0.0053869130221932
0.005559266864192
0.0054650165611027
0.0056281733378622
0.0056771033606736
0.0059476484283411
0.0058343467220097
0.0059650119930537
0.005713056899236
0.005792772203932
0.0056756128658839
0.0055634429911018
0.0053813729993293
0.0055906367440161
0.0055156706436936
0.0056167365034354
0.0053687234530038
0.0055709972982774
0.0054341106572931
0.0056529618870769
0.0054871916386938
0.0055890040525031
0.00568456567299
0.0056861217178696
0.0055250618388355
0.0055695506134969
0.005499239378295
0.0056055487507617
0.0054541552955983
0.0056037427406467
0.0054921190177988
0.0056582006470139
0.0055501198456671
0.0056296741785059
0.0056696891979241
0.0056533790576303
0.0055306672535211
0.0056928543504171
0.005605564864815
0.0057723968380017
0.0056603492998464
0.0058501727952056
0.0056788768106723
0.0057931045757586
0.0055775515889015