0.0055099479579844
0.0056751727636702
0.0054816370877061
0.0055523464652202
0.0053353993189681
0.0056089661364709
0.0056851511841043
0.00580738033531
0.0056836373622382
0.0058964032214474
0.0059103069643729
0.0060345434790449
0.0057726050045998
0.0058585312228654
0.005793205999493
0.0058642834982221
0.0057117990280896
0.005919221361893
0.005860840489895
0.0060514843588226
0.005967299664788
0.0060396011755585
0.0058665275998389
0.0061436381327771
0.0060318661276474
0.0061210729123201
0.0059916968503232
0.006031098133139
0.0058250826527996
0.0059257946484917
0.005725576970947
0.0058056779195254
0.0056318263844305
0.0057031007879126
0.0054275902430009
0.0055580429865485
0.0055185557863285
0.0056807421333139
0.0056056389683782
0.0056044245628597
0.0054615645187411
0.0056525215180112
0.0054932376273521
0.0055572104629308
0.0054619467360833
0.005622769993937
0.0054786113275234
0.0055358527670001
0.0054110525816707
0.0054840281338198
0.005367253049734
0.0055117352411037
0.0053435987724441
0.0056233956643024
0.0055122881417537
0.0054790078928927
0.005294950147157
0.0053532363142841
0.0052093393354038
0.0052971559206615