0.001156260946271
0.0011634233649797
0.0011605632385904
0.0013357868633434
0.0021796383425173
0.0027112895940959
0.0044229385972777
0.0052108989347466
0.0057445016003491
0.0055964002156733
0.0057418571402662
0.0057441418314671
0.005851645554066
0.0058855918512821
0.0056068659958209
0.0046960506956116
0.0041773236787526
0.0024643224455303
0.001645666579853
0.0011864199505835
0.0012015826344352
0.0011824629247366
0.0011899976909544
0.0011850327413985
0.0011910726918708
0.0016162341052405
0.0016132948249113
0.0016181139061052
0.0016164904961017
0.0017850259740259
0.0022812414981491
0.0031070718887634
0.0036510420278482
0.0044842423588248
0.0062832567795697
0.0064274911361733
0.0061495890348141
0.0061738813665396
0.0062051338626498
0.0061015292975483
0.0059111645154866
0.0054541772264955
0.0045932171007602
0.0041487465674418
0.0032268980374175
0.0013711717556548
0.0011935740547085
0.0011926814354307
0.0011886728297551
0.0011828066053297
0.0011871007917008
0.0011689658927848
0.0011842975128016
0.0011899500651006
0.0011881838747413
0.0013324328593424
0.0018915077668833
0.0024369978313253
0.0032659346713606
0.0038501527198158