0.0055885980967514
0.005468923039994
0.0056750193046643
0.0055578642271362
0.0059703793545629
0.0059754008511575
0.0062592812545935
0.0063067903278039
0.0066372090955749
0.0065547200219719
0.0065208730636833
0.0065785037196411
0.0066499577042529
0.0064117548027045
0.0065608775068816
0.0062445177192524
0.0061938874197341
0.0059759611727274
0.0058734665548219
0.0055960326188428
0.0056308925372075
0.005588202774872
0.0056519800659528
0.0055074797039819
0.0057863214087529
0.005621345385105
0.0056560174860618
0.0055964516776441
0.0056679977853241
0.0056428375164642
0.0059712734961373
0.0060752249023491
0.0061814059326762
0.0061507493012255
0.006333730160449
0.0062041282032733
0.0063314209467564
0.0063401040673313
0.006403680464503
0.0062590824821525
0.0064757972592727
0.0062175988656683
0.0063124493210956
0.0062105006828299
0.0061826477425692
0.0059899955183093
0.0060460813177271
0.0059729862473328
0.0061029745010286
0.0060694936606519
0.0061044353858873
0.0058840743402214
0.0059686768029038
0.0056779384257222
0.0057604649544921
0.0055835209707058
0.005702491085432
0.0057171427256483
0.0059327773421902
0.0059540320673395