0.0011046193805835
0.0011114791382298
0.0011076843640074
0.0011017408812048
0.0010957731262783
0.0010993478748849
0.0011098797737441
0.0010958625792813
0.0011056213346907
0.0011116478071643
0.0067682777615
0.0239234211561361
0.0401155556557333
0.0522731888474749
0.0721159433173797
0.0862140612327135
0.0996247883887024
0.1177605564382412
0.1355890946098824
0.1473149056167727
0.1582040511603093
0.1677580610506727
0.1665371171448463
0.1631786317925673
0.1603944969331814
0.1542596061289199
0.156818718344112
0.1513478117502308
0.142713788915284
0.138878267686001
0.135048773443578
0.1219923455585402
0.1101938382176647
0.0984774039213544
0.0851733202259557
0.0802972231176939
0.07413264493303
0.0609688123314423
0.054440065217391
0.0468311971555948
0.0373641103785237
0.0313086077940454
0.0339604245514533
0.0337579602232826
0.0321114706370541
0.0312865653608319
0.0266310028448464
0.0210438196736223
0.0192027749685065
0.0159289218896422
0.0142376249519026
0.0156355478564123
0.0130006416280607
0.0085815594818727
0.0080564398116768
0.0078856538611944
0.0077673447311671
0.0077974668224642
0.0066604764652405
0.0058660309596957