0.0049745799582284
0.0075490122699397
0.0098865459273035
0.0157641003548722
0.0208154036592862
0.0242453237026539
0.030278782322094
0.0363088193944378
0.0380831937175656
0.0434884359658226
0.0495738487558569
0.0545920542006934
0.0579044822238457
0.0625302692580027
0.0596086128252111
0.0597194601475256
0.0607804426702249
0.0619632673044248
0.060353734226785
0.0617911376189566
0.0591444398205014
0.0598130517005512
0.0588893882063449
0.0585595893825277
0.0575110211881062
0.0583988904349724
0.0588721518304655
0.0596077615978186
0.0578625527069238
0.0577841162110978
0.0586530568354961
0.0598810436869303
0.0597341952472363
0.0601215426387192
0.060287391102149
0.0595648775517648
0.0619204813107201
0.0601073380645145
0.0606213963233691
0.0610545536387322
0.0605497947588631
0.0600438371683031
0.0618288156748615
0.0609522349766202
0.0614757457213123
0.0612553487682943
0.0612705711366085
0.0599994012858633
0.0612873436091737
0.0608222058597743
0.0623280248390206
0.0620615454914067
0.0618126348945238
0.0593587067986858
0.0548539054776301
0.048770460754388
0.044092659218183
0.0394655947531158
0.033584624344117
0.0288984133841699