40.0
47.0
47.0
64.0
47.0
66.0
74.0
54.0
83.0
75.0
75.0
87.0
92.0
80.0
86.0
104.0
95.0
112.0
115.0
107.0
121.0
137.0
104.0
129.0
138.0
140.0
142.0
141.0
160.0
147.0
157.0
168.0
163.0
156.0
160.0
184.0
169.0
198.0
196.0
177.0
203.0
175.0
187.0
234.0
193.0
193.0
229.0
237.0
201.0
226.0
227.0
211.0
244.0
261.0
244.0
255.0
244.0
273.0
254.0
264.0
279.0
266.0
267.0
309.0
276.0
288.0
271.0
330.0
291.0
311.0
326.0
299.0
294.0
323.0
338.0
323.0
360.0
349.0
341.0
355.0
311.0
384.0
339.0
376.0
334.0
399.0
381.0
341.0
390.0
369.0
381.0
397.0
363.0
407.0
395.0
413.0
413.0
436.0
395.0
460.0
412.0
419.0
460.0
428.0
430.0
445.0
456.0
430.0
452.0
480.0
463.0
453.0
466.0
498.0
449.0
493.0
465.0
496.0
457.0
526.0
499.0
465.0
548.0
524.0
505.0
524.0
530.0
557.0
511.0
515.0
564.0
533.0
565.0
515.0
578.0
526.0
588.0
583.0
550.0
587.0
527.0
575.0
576.0
582.0
609.0
578.0
595.0
593.0
604.0
634.0
556.0
642.0
642.0
588.0
629.0
612.0
645.0
632.0
636.0
675.0
674.0
647.0
643.0
653.0
678.0
589.0
744.0
613.0
756.0
660.0
690.0
691.0
690.0
653.0
720.0
660.0
765.0
741.0
691.0
698.0
742.0
778.0
728.0
751.0
737.0
743.0
743.0
754.0
726.0
766.0
618.0
855.0
568.0
866.0
757.0
741.0
783.0
718.0
799.0
756.0
777.0
792.0
752.0
731.0
684.0
762.0
820.0
760.0
712.0
782.0
769.0
747.0
799.0
659.0
794.0
743.0
756.0
775.0
779.0
732.0
798.0
753.0
660.0
814.0
624.0
812.0
746.0
794.0
791.0
740.0
796.0
808.0
737.0
681.0
769.0
760.0
680.0
687.0
836.0
695.0
789.0
713.0
823.0
750.0
736.0
776.0
756.0
755.0
704.0
765.0
653.0
800.0
752.0
708.0
740.0
843.0
709.0
800.0
781.0
756.0
770.0
640.0
746.0
816.0
674.0
801.0
754.0
784.0
774.0
735.0
776.0
782.0
654.0
812.0
766.0
709.0
787.0
751.0
787.0
764.0
749.0
754.0
717.0
837.0
701.0
753.0
764.0
731.0
742.0
792.0
725.0
791.0