0.1546575605230724
0.1736244209918212
0.1788360041062139
0.193782235922721
0.2122305318648355
0.2329189688783945
0.2465373641471172
0.266183365376114
0.2953986904426955
0.3209858610873473
0.3417317579035263
0.3609928197332425
0.3851803495746504
0.4028108330988883
0.424896872051509
0.4409007342703311
0.4552597005356378
0.4721741404027381
0.4888383814539264
0.4988315167116558
0.5185134689913309
0.5410566839848947
0.5582045879357729
0.5788703384584222
0.5955384431684714
0.6131081285643247
0.6312109214082707
0.6502892569431971
0.6665554111704197
0.6865783053604698
0.7083554629416157
0.7246064928529758
0.7322198917091557
0.7485236009140926
0.7650250286454543
0.7841308507633464
0.8019781370085958
0.8161916707206152
0.8300068401757578
0.8441280111059652
0.8487524993974028
0.8567767679878441
0.8646496104626694
0.8811760325636777
0.8807247095505483
0.8794093484164507
0.8806494296887699
0.8801951573019329
0.8747204269916038
0.8750443997014905
0.8662610645928659
0.806947543613132
0.722474255119836
0.6463971445549188
0.5513618205040008
0.4724140956563034
0.4113036538769326
0.3330227114573746
0.2591165989199752
0.1825178025476494