0.0052040301266944
0.0051336916820162
0.0052217657300714
0.0051165257920167
0.0052302746215626
0.0051420913252791
0.0052964620776977
0.0051874508222097
0.0053503995137314
0.0052793361650488
0.005333256873384
0.0052459069301471
0.0053849513992232
0.005282269384463
0.0054760565267957
0.0054095185616754
0.0055900336022245
0.0054268261859855
0.0055567216661464
0.005420310194476
0.005494066385306
0.005364441250404
0.0054346907184536
0.0053115432098768
0.0054036737489569
0.0052432459995357
0.0053742347627338
0.0052509842214126
0.0052921058469251
0.005193873272987
0.0053429539507158
0.005217984286048
0.0053846732242048
0.005314638755518
0.0054837981043163
0.0053867059474618
0.0055605631939905
0.0054072166257313
0.0055684191362796
0.0055614483637752
0.0056442952090143
0.0054814708291603
0.0055968592599277
0.0054381566691075
0.0055444333759757
0.0053852694867185
0.0054575579613767
0.0053005003286593
0.0054238170506744
0.0052268678340706
0.0052584547356374
0.0051486670953987
0.0052840603986418
0.0051696541640983
0.0052743025504279
0.0051641503492084
0.0052018869956303
0.0051614508658802
0.0053013253056006
0.0051712438113878