0.119435789714513
0.1793817996787819
0.2299607733655264
0.2959629004357436
0.3569922147665626
0.4142501836147373
0.4833924195134327
0.5338663646184261
0.6014726768812555
0.6446247618703136
0.6465430116721659
0.7137029513874956
0.7684176402522328
0.868209354018236
0.9754784613549335
1.1114293847928804
1.236860019835918
1.4054418753040767
1.474648759230073
1.5916838836223963
1.7344631674771305
1.8508359722217247
1.8309120672016093
1.8472366715169448
1.840689609948871
1.846652156706459
1.8965392818356992
1.980047534525976
2.101795946863605
2.118152555705848
2.381506909345552
2.5813622422165965
2.7930340446606823
3.1377721479440703
3.4172994328065385
3.631638666593947
3.777590021045377
3.930234300679241
4.127662150884913
4.262124097281653
4.3612537281470125
4.489245220841813
4.518322274935685
4.5570429955608365
4.440552599306669
4.49491906769344
4.569834724503883
4.600353279472657
4.574170326326378
4.511373398033241
4.428383261194699
4.46172562047764
4.426747175074728
4.500459855608811
4.432707298868085
4.49007013705299
4.461629662003039
4.501284510059663
4.5282730940978055
4.42105111975804