0.0003386790644998
0.0003371088865408
0.0003133884990218
0.0003282837646475
0.0003340092113564
0.0003072146679662
0.0003331958963282
0.0003299091778375
0.0003104194709375
0.0003329404333794
0.0003355890418451
0.0003077454818725
0.0003348962651812
0.0003366843155166
0.0003182137857263
0.0003370588246121
0.0003396617599307
0.0003127166756012
0.0003266674073271
0.0003270392217418
0.0002996904694268
0.0003227808519505
0.0003221655217179
0.0002980021030686
0.0003177306450749
0.0003141499937798
0.0002969250131476
0.0003103511933218
0.0003073586254612
0.0002919148583375
0.0003056348448687
0.0003040943527304
0.0002739129519766
0.0002924537068918
0.000287953639888
0.0002648757910388
0.000282663680648
0.0002777611497433
0.0002602988133569
0.0002800656659378
0.0002813159106271
0.000265573390745
0.000286604478429
0.0002863296684835
0.000268940792811
0.0002846524003993
0.0002838978605431
0.0002678150909963
0.000286114690394
0.0002857056505076
0.0002637958184077
0.0002892215518996
0.0002811957589815
0.0002629907687235
0.0002820686788134
0.0002789015851565
0.0002687441762431
0.0002860364462646
0.0002834412458875
0.0002732025471422