0.0011500289717958
0.0011527840706336
0.0011449263861637
0.00114779996358
0.0011326697047156
0.0011445564371175
0.0011237241649594
0.0011234913417171
0.0011023498736626
0.0010972539097265
0.0010858204034414
0.0010884910439225
0.0010847144710758
0.0010836624791081
0.0010784996696884
0.0010807818711509
0.0010687681111111
0.0010745457662107
0.0010710099442825
0.001072053978671
0.0010686778979176
0.001073377370349
0.0010702052376577
0.0010687236507384
0.001067484845169
0.0010603806067076
0.0010479542031602
0.0010444934990508
0.0010327451330364
0.0010190487360428
0.0010044268195051
0.0009856684407079
0.0009758664985994
0.000961015036907
0.0009553150432338
0.0009506274959792
0.0009474810864125
0.0009545047331794
0.0009522999222998
0.0009551732914487
0.0009556848658291
0.0009596170908368
0.0009587740414263
0.0009616884108756
0.0009663176722509
0.0009783864106627
0.000973767456556
0.0009744898641892
0.0009660000368459
0.000971796404796
0.0009760993260213
0.0009835258512667
0.0009814925005514
0.0009935124430872
0.0009924760623408
0.0010007444383461
0.0009953653498029
0.0010013846459036
0.000998831090547
0.0009998380589168