0.0011460552899681
0.0011064932913119
0.0011101910337162
0.0011389002825566
0.0011051974704052
0.0011014815069768
0.0011160293676628
0.0011291984277972
0.0011264690972473
0.0011149879174634
0.001140593513148
0.0011403179343401
0.0011618489929271
0.0011491345992637
0.0011366279714591
0.0011659874419188
0.0011726761663537
0.0011682391265178
0.0011597090342452
0.0011481729704797
0.0011704190278949
0.0011757251585623
0.0011629619373976
0.0011637664493618
0.0011795895642034
0.0011740310803619
0.001130803634363
0.0011265651339192
0.0011328872236317
0.0011028154717955
0.0010970691827295
0.0010765201710287
0.0010468696180051
0.0010381301199119
0.0010356370980947
0.0010197097567983
0.0010080907784166
0.00102954697445
0.0009561889227183
0.0010181021456413
0.0010270167876587
0.0010174867542379
0.0010239932282375
0.0010191155068816
0.0010325449018365
0.0010186114912587
0.0010268955968724
0.0010186574798869
0.0010253636297548
0.0010178369403054
0.0010262155643593
0.0010379470621731
0.0010422248110606
0.0010370142415984
0.0010365295626546
0.0010330460758941
0.0010441983105679
0.00103789889989
0.0010437782526643
0.0010216223314811