0.0011493064794419
0.0011577709021509
0.0011404345899654
0.0011483167893393
0.0011313346525868
0.0011382410657909
0.0011214197342626
0.0011197633384351
0.0011130611178794
0.0011188442568478
0.0011055721808509
0.0011136370338326
0.0011011150039444
0.0011100907874549
0.0010999181508904
0.0011157611644122
0.0011080899798808
0.0011297199373501
0.0011230371549108
0.0011267152217109
0.0011259318686114
0.0011461255242604
0.0011371307841203
0.0011415021558445
0.0011303291844388
0.0011353305882787
0.0011126475265508
0.001108398565798
0.0010793617059923
0.0010710774455071
0.0010541009650532
0.0010499628987646
0.0010224011583081
0.0010155815070493
0.0010061649282211
0.0010236335395767
0.0010008738191271
0.0010027762312443
0.000994209824574
0.001008161681634
0.0010104088673594
0.0010129506053357
0.0010012580164992
0.0010064557953233
0.0010007797802118
0.0009970721469566
0.0009731295209449
0.0009881959688316
0.0009779259769102
0.0009903937393998
0.0009695936605647
0.0009779114115481
0.0009718651289301
0.0009785060218845
0.0009718093102944
0.0009890521655508
0.0009880270164883
0.0009906174800353
0.0009850407258205
0.0010031340340702