0.0010211214361904
0.0010252204119441
0.0010184380789639
0.0010256109606471
0.0010239822013716
0.0010166119341193
0.0010199899173734
0.001023037544993
0.0010183869979326
0.0010179434169766
0.0010178496985742
0.0010347351936954
0.0010331722127942
0.0010364703133945
0.0010234283231504
0.0010168297502104
0.0010236304920431
0.0010264942511872
0.0010182402927786
0.001022578432952
0.0010187769998563
0.0010323232029646
0.0010263838636444
0.0010270536032822
0.0010286817421653
0.0010246409082551
0.0010169445874905
0.0010003175410045
0.0009783441598659
0.0009699439167304
0.0009504298663247
0.0009373542362921
0.000910201456535
0.0008914343475673
0.0008805754608933
0.0008830897697148
0.0008844567487685
0.0008783929166895
0.0008739368553642
0.0008779516446544
0.000875655467865
0.0008820525469362
0.0008904522997378
0.0008909106367583
0.0008903991955938
0.0008900384797149
0.0008733279898218
0.0008683934767393
0.000874375456671
0.0008786717764072
0.0008830421303656
0.0008920273641269
0.0008901836271856
0.0008863717255718
0.0008855434661189
0.0008901360313363
0.0008948091140797
0.000896267739056
0.0008937550968073
0.0008920007164606