0.025475048229428
0.0606899522836425
0.0995916638618826
0.1451639016229213
0.1878887599077227
0.2461905647418784
0.2917154699680943
0.3324688137008334
0.3832958437276277
0.4365209319184444
0.4787159508583448
0.5022800544229077
0.5217413029535336
0.5356049411021578
0.5396066160877748
0.540282367164108
0.5422022719759971
0.5386327497766177
0.547206174864763
0.5363014484000815
0.5446880623881524
0.5406986569946834
0.5427810028651411
0.5492039939646883
0.5384579629358212
0.5396251184077085
0.5382439687691439
0.5293904430945564
0.5374339556833365
0.5302033613098767
0.5305339826340301
0.53175555526877
0.5240779795482775
0.5365644754774608
0.5245788164563725
0.5317019413166787
0.5288233872459891
0.5364601031706395
0.5358161195628479
0.5265133012361419
0.5387319248021637
0.5404640480097337
0.5250210611965909
0.53988026434077
0.5305475508696791
0.5349831849873016
0.5465606489954888
0.5004363903811762
0.5315467877060119
0.5358907119628737
0.5447469790812296
0.5318769302471205
0.5389083409709657
0.5446443849305855
0.5436797316527792
0.5427957760997231
0.5451460440155484
0.5451460440155484
0.5371396491182827
0.5459354497582531