0.0030072354904012
0.0058105105422795
0.0094397023535343
0.0131797428318193
0.017594198750136
0.0211332548299723
0.0249534655937429
0.0286399168743039
0.0332102429298275
0.036120637981211
0.040046739319947
0.0416538280668991
0.0428365372307691
0.0433097101763788
0.0430831851180014
0.0428562966675128
0.0431095368076251
0.043443345794396
0.0437591537153151
0.0436386450853842
0.041582222652173
0.0437129452200235
0.04420084548137
0.0442569601002031
0.0445330600820204
0.044602450233055
0.0446180255403459
0.0444853188086854
0.0444841506233946
0.0441747769317595
0.0441485492293113
0.0440970849639752
0.0442876065499046
0.044377474548859
0.0442409029753701
0.0439382438411561
0.0441252302369237
0.044111824989957
0.0444254563553923
0.0443108379781837
0.0445614362247704
0.0446128430921989
0.0446627482199242
0.0450447481196025
0.0450178057142842
0.0451286605939533
0.0454717643188409
0.0453342804757013
0.0454753086894114
0.0454152330728695
0.0455180790526731
0.0454703329833852
0.0456542239367028
0.0460099901799775
0.0458857840339624
0.0457388349123153
0.0461379973192284
0.046085002047647
0.0462361213012286
0.0461193157506184