0.002154112790823
0.0027902926198058
0.0060925015207649
0.010856870027197
0.0155289894609157
0.0210348615137457
0.0260644081468218
0.0332723585398861
0.0371642400846501
0.0435108604980523
0.0495237891515585
0.0551230076034556
0.0587339370881864
0.059405460052135
0.0599529535920359
0.0617814240861432
0.0612660194336961
0.0601436949851752
0.0598466697547365
0.059659688246848
0.0597457542141988
0.0595971368440229
0.0604350105412191
0.0609383452969885
0.0623520862003655
0.0617413583788451
0.0590657856320267
0.0606985671183839
0.0622477954994738
0.060717539227602
0.0621017014174829
0.0598080999558631
0.0596417550745778
0.0583392220341702
0.0589844380486182
0.0582893026453834
0.0592991120159243
0.059198808283004
0.0576730768088526
0.0579576614623443
0.0597508584613704
0.0598597665867613
0.0610605497202841
0.059657400449703
0.0594831166246463
0.060708049290932
0.0599921279565034
0.0607014221077252
0.061265398836284
0.0624444215289772
0.0612144281809717
0.0609526012695885
0.06049134888341
0.0592420937159279
0.0622780985719285
0.0656449682755132
0.0638815622102867
0.0635252101905069
0.0639794950129709
0.0644573925949247