0.0051923284790241
0.0053184538348353
0.0051381718064868
0.0052949628099928
0.0050573824239587
0.0051881004691653
0.0050184504275355
0.0051975533601249
0.0050430728782459
0.0051910466785378
0.0050337942450781
0.0051164635403616
0.005052217338417
0.0051270113547237
0.0050284427602057
0.0051596291653531
0.0050518367335675
0.0051990265129576
0.0050985425241888
0.0052289284641145
0.0051690730402931
0.0053011258511383
0.0052039279783493
0.0053278161184387
0.0052259412438832
0.0054051031157134
0.0053498389235925
0.0054260700797012
0.0052970675230804
0.0054427907798779
0.0053130697418396
0.0053481832347136
0.0052502596311818
0.0054563110144448
0.0052991200159999
0.0054211062019159
0.0052996407227367
0.0054125508053077
0.0053986248142643
0.0054376468118168
0.0053298789863475
0.0054670736067295
0.0053968709262046
0.0054831511364245
0.0053410190330344
0.0054311027089252
0.0053725534662313
0.0054455773731644
0.005310988723377
0.0053701379704568
0.0053121937244202
0.0054679136630809
0.0053262767792554
0.0053248245173416
0.005275176598578
0.0053131236632556
0.005237962253759
0.0052851318679293
0.0051929075367378
0.005374795807966