0.0071221911539691
0.0041262744186904
0.0011354069849693
0.0010818000803847
0.0010825241551095
0.0010776750416873
0.0010710971565715
0.0010743085002488
0.0010760137039286
0.0010612470133898
0.0016086365176525
0.0040730931273543
0.0082080373574863
0.0108388508000521
0.0151510876459562
0.01732984163787
0.0230198290487044
0.025412818136796
0.02478836935941
0.0247004204957039
0.0257461592635125
0.0249166365585088
0.0224647693634512
0.0183135286956206
0.0159580962716142
0.0115447414399651
0.0096068917548937
0.0035270538766204
0.0014967066690894
0.0014769264961426
0.0019296017265601
0.0019082829325837
0.0019184361650538
0.0019280766762796
0.0015603176531023
0.0015657937097297
0.0016660051356763
0.0032465288414576
0.005694528778765
0.0110929161112728
0.0152646349069324
0.0168607811529167
0.0210222282954108
0.0255290109033399
0.0256006133249735
0.0254574674626544
0.0251108909779185
0.0264158809792234
0.0251758707494108
0.0224643982269251
0.0175245984636871
0.0128633359121762
0.0110511827665872
0.0070184316262129
0.0027101456851617
0.0027291086964364
0.0026687032223121
0.0027117211796238
0.0010923930977813
0.0010871980285579