0.0012150406220648
0.0011890186433308
0.0013027573092947
0.0012767929126143
0.0012845056351171
0.0012729217266344
0.0013818783597835
0.0013715264388489
0.0013817678646934
0.001365648864767
0.0013637961070734
0.001365745535958
0.0013761245349735
0.0012542980400473
0.0012617246991075
0.0012396748800462
0.0069160919097215
0.0067897388412016
0.0069437349103968
0.0068137573333811
0.0069802399650959
0.0069482616156856
0.0073399311302415
0.0071509546637939
0.0073296281368119
0.0073300115569122
0.0073960017795879
0.001591207464305
0.0017777304871236
0.0017612653947797
0.0020972649488842
0.0019843925379075
0.0023051027237925
0.0083293220667805
0.0143390267370018
0.0144277685479098
0.0144711855948645
0.0144024236134923
0.0167125387508444
0.0215525456732507
0.0339916776718855
0.0342485730437478
0.0340985024375215
0.0340020148630411
0.0280662949147495
0.0218228285571845
0.0216201432000738
0.0213163158105137
0.0214461640423548
0.0191141470417738
0.0141773166934456
0.0011484183171533
0.0011545003470446
0.0010972581479471
0.001109711030082
0.0011012634724013
0.0011153207148863
0.0011502503986097
0.001124200740632
0.0011401177708638