0.0062527623987856
0.0061595959944751
0.0062528898297301
0.0062134678587555
0.0063117036818959
0.0063085332965517
0.0064518811380863
0.0063091913459607
0.0065987922793096
0.0064198422255958
0.0064839501611249
0.006287650087823
0.0062398035838744
0.006026128669294
0.0060067905922305
0.0057956979270934
0.0058360355079789
0.0056653937352584
0.0056846608796084
0.005451674489759
0.0055572530418456
0.0054090310373383
0.0055422049343929
0.0055105403297803
0.0055910348681985
0.005505132043003
0.0055406417972868
0.0053550760448632
0.0051989467436167
0.0051931302339956
0.0053392412930397
0.0051691412480206
0.0053232887264194
0.0051297605919645
0.0052857606447523
0.0054238748504296
0.0055233997247958
0.0055061400146305
0.0056772159405193
0.0056617996294143
0.0057051231667865
0.0056152546086321
0.0057092032569693
0.0054620241052669
0.005527565976571
0.0053432165648586
0.0052667283334568
0.0052178522252627
0.0052547652885916
0.0050125517634721
0.0052773292006525
0.0051902668648275
0.0052784583699794
0.0052388398133184
0.0054493045602012
0.0053814234838942
0.0055121098267978
0.0053870631705715
0.005565727553673
0.0055767864054798