9.71551786620281e-07
9.787342788821362e-07
9.889700457429555e-07
9.814035216165769e-07
9.526500008883688e-07
9.63572648036662e-07
9.68725722235272e-07
9.383290749361252e-07
9.848465367448536e-07
0.0
1.0909657663e-06
1.1015496269e-06
1.0710132666e-06
1.0713025315e-06
1.0843052923e-06
1.092267587e-06
1.1283947807e-06
1.0802498275e-06
1.1002866389e-06
1.0903859546e-06
1.0755825514e-06
0.0
1.1950810712e-06
1.2138336849e-06
1.2089568743e-06
1.1905911392e-06
1.1863493326e-06
1.1456565021e-06
1.1977213387e-06
1.1748124003e-06
1.1937761601e-06
1.2137213906e-06
1.1752122971e-06
0.0
1.3138476968e-06
1.3315666237e-06
1.3196380709e-06
1.3468705821e-06
1.3206120612e-06
1.3244507032e-06
1.3233994191e-06
1.3212780519e-06
1.3033204825e-06
1.3415503904e-06
1.3993323795e-06
0.0
1.2564761751e-06
1.2816221728e-06
1.2617472525e-06
1.2963051646e-06
1.2850387087e-06
1.2732749574e-06
1.2644675614e-06
1.296950152e-06
1.2692793247e-06
1.2375200014e-06
1.2999685993e-06
0.0
1.0637427544e-06
1.0703000996e-06