0.0061206653594771
0.0062262158039738
0.0059520152167568
0.006099193069485
0.0059235089324306
0.0060820017802503
0.0059574309802487
0.0060901585709065
0.0059694900542824
0.0060203266798999
0.0059097579185937
0.005929207262275
0.005724449524048
0.0058655495056755
0.0057704448786543
0.0057807436534513
0.0055552651819644
0.0056476235571175
0.0053549847194389
0.0054666993127456
0.005322847728623
0.005313767072774
0.005326724428466
0.0055242536335346
0.0054316017350012
0.0053669375630493
0.0053586962973821
0.0055003134911306
0.0052396974315868
0.0053738120582347
0.0052614263109884
0.0054127660077313
0.005379731675922
0.005364027414262
0.0052343696251379
0.0052577342290885
0.0051871344485862
0.0053085076973468
0.0052289786110808
0.005374132005312
0.0053375835051177
0.0054238570102303
0.0052575282968021
0.005422116826411
0.0053682424531529
0.0054522909297302
0.0054138515416757
0.0055861425302681
0.0054511205510064
0.0056342688258958
0.0055864002707747
0.0057300844449304
0.0055388193835025
0.0055897302153039
0.0054163656254631
0.0055817887125602
0.005467331513763
0.0056096198530078
0.0054707124804294
0.0056941483824459