0.0008662376036816
0.0008627315246374
0.0008607541502395
0.0008526865491153
0.0008568055784752
0.0008579500912288
0.0008552602427782
0.0008542933902898
0.000853699281302
0.0008546819141564
0.0008519389631938
0.0008523999323817
0.0008509177398556
0.0008530223495899
0.0008574158204265
0.000857661573763
0.0008587951118341
0.0008576552124029
0.000857958745485
0.0008612459460446
0.0008609593020107
0.0008715886104288
0.0008711040756484
0.0008760521784444
0.0008792341181285
0.0008838624119571
0.0008841651559253
0.0008800652306912
0.00087825
0.0008824445454381
0.0008854098529034
0.0008933589445564
0.000890252862512
0.0008889387031174
0.0008901575216422
0.0008951752516518
0.0008886106226918
0.0008872739120392
0.0008927693291412
0.0008968015112169
0.0008921803700072
0.0008907571096494
0.0008823131583664
0.000879472184357
0.0008762558631499
0.0008727489988298
0.000870557234478
0.0008724127778572
0.0008780581962216
0.000874054360737
0.0008727844159563
0.000881833743998
0.0008805738418011
0.0008853082716225
0.0008842604230148
0.0008891223872278
0.0008918161780999
0.0008848167902331
0.0008868092793707
0.0008858376603302