0.0010593396172624
0.0010662517228141
0.0010722571805816
0.0010727735814327
0.0010777135261192
0.001073419870204
0.0010720614992003
0.0010691064664919
0.0010819376663629
0.0010871021188231
0.0015429196149652
0.0042998470556064
0.0059407205365357
0.0096592857605353
0.0113722528108108
0.013728881929926
0.0164528779483337
0.0188209075003218
0.0219762796496956
0.0235280494304748
0.0268354258548941
0.0273164723750946
0.026871362727454
0.0270012812177966
0.0271989222203727
0.027623147967509
0.027398410623029
0.0287011011486978
0.0299372594473866
0.0293379929146128
0.0298474857236689
0.0289726869397052
0.031110293368652
0.0302687831126133
0.0298028896341352
0.0290960196858862
0.0306484823764704
0.0323925369416594
0.0337757771309917
0.0335972012841675
0.0336176753429671
0.0334859246669063
0.0344660499462941
0.0327891999927583
0.0335161288501119
0.0339322907144771
0.0325612343048098
0.0330922155238194
0.0323599650606511
0.0293790290000365
0.0293387032315716
0.0308675219903398
0.0328635785716927
0.0335839460038573
0.0359604886764331
0.035554163881597
0.0361035273019759
0.0375148590258091
0.0351696433839718
0.0353748763084851