10.0
10.0
10.0
10.0
10.0
10.0
10.0
10.0
10.0
10.0
10.0
10.0
10.0
10.0
10.0
10.0
10.0
10.0
10.0
10.0
10.0
10.0
10.0
10.0
10.0
10.0
10.0
10.0
10.0
10.0
10.0
10.0
10.0
10.0
10.0
10.0
10.0
10.0
10.0
10.0
10.0
10.0
10.0
10.0
10.0
10.0
10.0
10.0
10.0
10.0
10.0
10.0
40.0
40.0
40.0
40.0
40.0
40.0
40.0
40.0
40.0
40.0
40.0
40.0
40.0
40.0
40.0
40.0
40.0
40.0
40.0
40.0
40.0
40.0
40.0
40.0
40.0
40.0
40.0
40.0
40.0
40.0
40.0
40.0
40.0
40.0
40.0
40.0
40.0
40.0
40.0
40.0
40.0
40.0
35.0
19.0
14.0
15.0
10.0
28.0
30.0
7.0
30.0
30.0
30.0
33.0
20.0
14.0
21.0
15.0
21.0
19.0
23.0
45.0
26.0
24.0
24.0
24.0
19.0
29.0
26.0
34.0
29.0
21.0
37.0
33.0
50.0
30.0
30.0
27.0
53.0
59.0
56.0
56.0
25.0
48.0
39.0
44.0
43.0
49.0
30.0
38.0
38.0
39.0
30.0
29.0
47.0
49.0
36.0
57.0
40.0
22.0
52.0
27.0
20.0
14.0
10.0
13.0
7.0
11.0
16.0
12.0
11.0
27.0
45.0
22.0
17.0
7.0
16.0
11.0
38.0
19.0
38.0
38.0
33.0
13.0
26.0
32.0
14.0
17.0
44.0
26.0
23.0
62.0
21.0
26.0
57.0
15.0
16.0
98.0
34.0
20.0
39.0
40.0
27.0
39.0
34.0
28.0
18.0
41.0
19.0
67.0
33.0
29.0
48.0
41.0
12.0
43.0
34.0
27.0
24.0
58.0
32.0
38.0
3.0
7.0
12.0
17.0
10.0
15.0
8.0
6.0
16.0
28.0
19.0
25.0
21.0
10.0
42.0
28.0
52.0
42.0
22.0
21.0
41.0
31.0
25.0
32.0
46.0
34.0
35.0
36.0
34.0
22.0
40.0
49.0
25.0
24.0
38.0
23.0
58.0
29.0
12.0
25.0
31.0
27.0
39.0
13.0
65.0
26.0
30.0
12.0
16.0
43.0
24.0
52.0
45.0
31.0
18.0
37.0
18.0
8.0
56.0
9.0
5.0
7.0
12.0
2.0
12.0
12.0
7.0
18.0
28.0
27.0
23.0
2.0
17.0
12.0
21.0
30.0
27.0
46.0