0.0011010542392337
0.0011071654248209
0.0011129149108299
0.0011073713406932
0.0011121904292776
0.0011036024137621
0.001116097693011
0.0011117781551566
0.0011349264636148
0.0011227022208603
0.0011355109548522
0.0017631710471798
0.0025882936412609
0.0074245808364487
0.0088916759195256
0.0108198164687135
0.0126112622488862
0.013551997718062
0.0159852216923608
0.017125441882172
0.0183668424743847
0.0194704582108279
0.0191258639505945
0.0184047185118224
0.0148440615704404
0.0152930163169745
0.0142500341942978
0.0137218359495458
0.0142052905779747
0.0128835168239338
0.0128052419939796
0.0139438159002563
0.0142443928230341
0.0145747853335983
0.0151549886561475
0.0151886214146681
0.0141198572360434
0.0168091946362969
0.0186385831142065
0.020575120782378
0.0221361926112297
0.0244757076131392
0.0251622802382378
0.0259707450668661
0.0320889558772961
0.0323362836016609
0.0341609196753832
0.0343470345614606
0.0329653495775661
0.0342085345013625
0.0326539828910935
0.0331315003707924
0.0343680871994487
0.0331953768156166
0.0345746467794336
0.0306261000858713
0.0324286451163131
0.0311852901234567
0.0312568935306799
0.0306068694895276