0.0061938981751293
0.0065014498370089
0.0064550225565291
0.0064904694135819
0.0063925425545654
0.0066080427866763
0.0064165056554175
0.0064546566246761
0.0064622207368824
0.0064467604185689
0.0063274057516243
0.0062511763069977
0.0059858206211589
0.0060735165110286
0.0059856037370668
0.0058015421198859
0.0056293371532631
0.0055710216212254
0.0056919373357663
0.0056686845971478
0.0054303579711715
0.0054797250789639
0.0054542859173668
0.0055239311922489
0.005413329522649
0.0054874629707304
0.0056198419788577
0.0055544065131341
0.0054565250771327
0.0054235755066823
0.0052885510401548
0.0054833982459346
0.005403873314209
0.0054858642502806
0.0054326841748497
0.0054394027931182
0.0053814861936702
0.0053810582460029
0.0053099903259839
0.0054925550885674
0.0053063424629854
0.0053197224197956
0.0052972643869891
0.005330067745396
0.0050991217590238
0.0051264971795928
0.0050805105375495
0.0051938409806608
0.0050616420379156
0.0053165131419773
0.0052920713719416
0.0054241978404426
0.0054435786340629
0.005300362212152
0.005310263133784
0.0054310551864533
0.0055561767996466
0.0055420233628128
0.0053974295430161
0.0053507201736559