0.0011190009742369
0.0011238911392857
0.001114323712651
0.0011251376833713
0.0011194862973972
0.0011366692819344
0.0011342922830056
0.0011403233333938
0.0011310852118786
0.0011436219073529
0.0011273959852009
0.001130652303282
0.0011329293391391
0.0011498928774094
0.0011403800312409
0.0011537141916365
0.0011478610942899
0.0011572128203295
0.0011513426777711
0.0011703957355921
0.0011728971048657
0.0011904165908482
0.0011916469453022
0.0012003322013986
0.0011948963262591
0.0012090141941897
0.0012010417883211
0.0012074875674491
0.0011989832231635
0.0012070025874408
0.0011876687760289
0.0011898852831004
0.0011838174145474
0.0011955060340939
0.0011878959060329
0.0013539415575041
0.0013476741593837
0.001346437330166
0.0013388601989775
0.0013415818178547
0.0013294230448194
0.0013403624114383
0.0013395543361388
0.0013418591716625
0.0013217225313811
0.0013315895130534
0.0011541427428246
0.0011648918593534
0.0011653662226026
0.001173992468228
0.0011638604336288
0.0011680009914663
0.0011583271183679
0.0011586338535413
0.0011427272825092
0.001150199067599
0.0011466013041114
0.0011584514823303
0.0011483386949536
0.0011503294653586