0.0010157114310581
0.0010223214048797
0.0010195682127986
0.0010209902956983
0.0010298855619946
0.0010308482184675
0.001019990682393
0.0010336603052746
0.001031139849569
0.0010355983575009
0.0015294622651875
0.0056943194078769
0.010368604571681
0.0134570217465724
0.0176454242152305
0.0218468396810222
0.02543631506724
0.0294838437990585
0.0332833541832593
0.0357641173504557
0.0403679921801858
0.0424932909992581
0.0412803444620342
0.0428055180670512
0.0445175522720625
0.0456406959514172
0.0462050080314018
0.0464994439232095
0.0475631072272851
0.0479004319810791
0.0486343150090082
0.0508226560432185
0.0509220513866671
0.0496083234314365
0.0460027486812221
0.0444585130640481
0.0414577965668304
0.0401119889776649
0.0415076188417388
0.0411190492105988
0.0407513761733116
0.0434104475377432
0.0429896988344991
0.0428567578195477
0.0455657680968292
0.0455954685585182
0.0450521732353763
0.0461178089989647
0.0459878309872129
0.0454932892189801
0.045473514864741
0.04931794786089
0.0473501107232461
0.0461593249518568
0.0488781412496615
0.0494013624834205
0.049922024806004
0.0493943626088666
0.0487670967274311
0.0474312785048743