0.001090992303138
0.0011017094170569
0.0010862195226987
0.0010939286937511
0.0010776858931736
0.0010773951933274
0.0010745226720199
0.0010745362992995
0.0010691551097858
0.0010754756692316
0.0010745240639781
0.0010768911150145
0.0010708783578759
0.0010908620664463
0.0010924894244958
0.0011172617703139
0.0011162106864879
0.0011330592226685
0.001131147776921
0.0011427741237245
0.0011396944805074
0.0011447991157526
0.001138492010015
0.001148410538878
0.0011379470420017
0.0011461373920945
0.0011256358511239
0.0011397299170466
0.0011277981310414
0.0011394018881387
0.0011325005582849
0.0011418588998048
0.0011292675797592
0.0011460506095908
0.0011436253137389
0.001145978667015
0.0011339498451124
0.0011535355356105
0.0011354833291234
0.0011424744421115
0.001125984608533
0.0011392812117722
0.0011288868844203
0.0011388585061644
0.0011257739075364
0.0011304588970966
0.001130499883385
0.0011377120895912
0.0011254636905726
0.0011348385201941
0.001119776224532
0.001131938699874
0.0011098805491403
0.001113725844376
0.0011099355699581
0.0011168406978224
0.0011053602728659
0.001112029154043
0.0011043226042038
0.0011127637559595