0.0021560677452705
0.0021276404848131
0.0021500446511627
0.0021533978006346
0.0021448350924429
0.0021368521532159
0.002141549527191
0.0021341051600864
0.0021541883390247
0.0021291038834249
0.0021368539048758
0.0021303834192206
0.0021511440123218
0.002146134348174
0.0021551707436666
0.0021598142722801
0.00216245173654
0.0021651368250912
0.002175732151728
0.002173785953055
0.0022005303327521
0.0021987203932533
0.0022140309327036
0.0022026019688801
0.0022218544945723
0.0022064091435078
0.0022107929026688
0.0022277194737883
0.0022103967278281
0.0021990209223046
0.0021993632865219
0.0021723336828972
0.0021852375132741
0.0021599816992502
0.002192830839157
0.0021514310782474
0.0021711967521089
0.0021594973222496
0.0021322766848748
0.0021189812766416
0.0021189927850951
0.0020979778978389
0.002106883143398
0.0020685938738607
0.0020816200935865
0.0020449907383491
0.0020726365325635
0.0020455734809662
0.0020574556328438
0.0020591555663238
0.0020769948240725
0.002086691787299
0.0020863317935474
0.0020618824719382
0.0020736615207456
0.0020616841831331
0.0020740159936314
0.0020828016399351
0.0020985317253172
0.0020850714220709