0.0010256376202248
0.0010201206771023
0.0010347631436118
0.0010253761235852
0.0010317640329441
0.0010286297149438
0.001024976952766
0.0010215176766316
0.0010250182115855
0.0010253100160973
0.0010304872172153
0.0010215951967278
0.0010238643901374
0.0010129510726853
0.001014799828586
0.0010085393965783
0.0010195968463512
0.0010154642430919
0.0010257548548111
0.0010092088652676
0.0010155905664559
0.0010148540343363
0.001019229665244
0.0010153050166477
0.0010344216401575
0.0010327506754701
0.0010290235106224
0.0010259253395684
0.0010229658043147
0.0010077812946776
0.0010251888520334
0.0010052551187475
0.001019196790939
0.0010101727498424
0.0010245903068093
0.0010056223532663
0.0010039903337421
0.0010115211685927
0.0010009926658517
0.0009951037975142
0.000995991149956
0.0009833212092411
0.0009948175340489
0.0009713662169961
0.0009746834559619
0.0009602762158123
0.0009715889562868
0.0009666572265803
0.0009634957268085
0.0009764092640045
0.0009779509087226
0.0009705689424363
0.0009761957029167
0.0009837138584425
0.0009946486516296
0.0010007961138528
0.0010119458680625
0.0010024275645317
0.0010150005433207
0.0010146862558023