0.0058344439677114
0.0058704813469255
0.0058205247362379
0.005859471351941
0.0057236731296871
0.0059016433649069
0.00577819361065
0.0059656744583914
0.005891042654639
0.0059001655070317
0.0057996676385364
0.0058667335429464
0.0056829955581614
0.0057511117600747
0.0057057819718
0.0057650562628636
0.0055547923929126
0.0056682426996785
0.0055368520825083
0.0055628530118753
0.005625769819423
0.0058253773326516
0.0057434270997255
0.0057847666455412
0.0057151889809777
0.0055689627795644
0.0054804281026687
0.0055422157847956
0.005288875519926
0.0052668318954626
0.0051033803439714
0.0050969094250318
0.004938002537565
0.0051082361996134
0.005098551323226
0.005054279159046
0.0050245214556238
0.0052037604695204
0.0052244116439835
0.0053758564734088
0.0053525832158492
0.0054249336819585
0.0054111932466967
0.0055362857456903
0.0053286499271281
0.0054622333206253
0.0054019696279835
0.0055725310655512
0.0053652024597576
0.0055018003482404
0.0054272213667165
0.0053900049977283
0.0053240548966576
0.0053062689418562
0.0052124945025428
0.0053342192328531
0.0051727138796603
0.0052777120914318
0.0051430535922047
0.0052857097369045