0.0144241614921432
0.0146978161342588
0.0136983645016984
0.0137021319414116
0.0141571434591684
0.014309341013992
0.014458408170296
0.0151801278700801
0.0147423811505733
0.0137620817460182
0.0146546416770687
0.0139600651030584
0.0150184051849266
0.0143085621996524
0.0149923382514261
0.0150354041066617
0.0149392154193362
0.0148357457232866
0.0150848800479883
0.0142069700326947
0.0150334267445958
0.0149401469378721
0.0148432332168994
0.0051372758109359
0.0151349465745494
0.0150161725982829
0.0150514977943551
0.0151391819841197
0.0152276416865233
0.0152912059062268
0.0150547282263134
0.0151373708990824
0.0143482019465942
0.0152479051770411
0.0143901886544203
0.0049956104031256
0.0144043061845651
0.0142780930360583
0.0141881231350022
0.0140709782463246
0.0145909665603016
0.0135093256281744
0.0143526766191841
0.014458118472096
0.0148537249926862
0.0140874191789206
0.0142995181299433
0.0050222502890382
0.0050750274457811
0.0140720760380732
0.0144327780410306
0.0141448125600884
0.0145040607014637
0.0141910690646432
0.0146282262009223
0.0136703986913739
0.0135382503802247
0.0142414333790077
0.0146079111919655
0.0047395671766665