0.1177388007786416
0.2143673836845954
0.24080212620289
0.2390218308634561
0.251073917916695
0.240404920524333
0.2444003020611075
0.2393048530785732
0.2377400164427784
0.1989730402174327
0.167683378872206
0.1756861095857286
0.1650604273442311
0.2196214052603618
0.3430973156205316
0.4282177609711083
0.4276315898588943
0.4836004151676391
0.446548842393695
0.4851909905885806
0.4774373541402809
0.4469733595394545
0.3745805964393859
0.2841012967272083
0.278322130859276
0.2186481478274274
0.2307250893654477
0.2605360189248442
0.3135985527054605
0.3814376376628524
0.4186734781282155
0.4664999368981
0.4705023243204007
0.4954901144478648
0.4775390210051535
0.4480432754205216
0.3955265460805623
0.3343305938850454
0.2543631283954702
0.2274815834206069
0.1589908263836646
0.2250864473909455
0.2958566973348547
0.345742839089419
0.419558405277055
0.4100629347815162
0.4642667732100597
0.4715619500770835
0.4827848578720423
0.4882914852781593
0.406735715032979
0.3545707998938723
0.3399414079450184
0.2352759095086095
0.2289497598901652
0.2080908127879535
0.2677158758671377
0.3159168261974922
0.3762396649241082
0.414242422001568