0.0011126555776599
0.001097941556561
0.0011061254745361
0.0011051848739495
0.0011187111896262
0.0011180274657369
0.0010616831164163
0.0011176707242608
0.0011389821294003
0.001141848708932
0.001148995003102
0.0011491819265574
0.001169038295956
0.0011831457662261
0.0011909857059189
0.0011924379379104
0.0011355851485438
0.0012138776211567
0.0012127725288352
0.0012059857334451
0.0012053661806636
0.0012070824024637
0.0012002593961315
0.0011969952791498
0.0011894592937279
0.0011910953425458
0.0011190774927545
0.0011815390603113
0.0011719700146933
0.001176023640232
0.0011108975553688
0.0011768808639757
0.0011805578933033
0.0011854578492344
0.0011034920165775
0.0011747715880223
0.0011747947763227
0.0011709590746675
0.0011089159855143
0.0011798037503987
0.0011780029929994
0.0011611656986864
0.001165481177786
0.0011625774922642
0.0011622492935074
0.0011735709689801
0.0011735709689801
0.0011772013855545
0.0011713622494414
0.0011709918465672
0.0011658742224245
0.0011656841361184
0.0011644158438018
0.0011556708339355
0.0011579726024652
0.0011535943277655
0.0011520271477345
0.0011450032408873
0.00107245600903
0.0011489029847795