0.005470886161801
0.0054821097768585
0.0056379218089757
0.0054710481388593
0.0055914663366156
0.0055000733511811
0.0055274877914628
0.0054408304182234
0.0055332879624171
0.0053583427188302
0.0055041904659187
0.0054730903738646
0.0055436172986852
0.0054451561759126
0.0055150600094224
0.0053779583862599
0.0056692517394171
0.005580861988023
0.0052765443484973
0.0057134549060998
0.0057478251635501
0.0054134628523126
0.0055786354029828
0.0055076241138649
0.0056531013097
0.0056064438933243
0.0056360502781924
0.0052552471773636
0.0054575534440404
0.0053369739124032
0.0054115196017319
0.0056647303876873
0.0058968602479293
0.0057420549398567
0.0057270732175318
0.005670800683412
0.0057272336250172
0.005694953439325
0.0057831679249091
0.0058863903912543
0.0058043625050247
0.0059394223261637
0.0058596990366435
0.0057442251568943
0.0058503404602874
0.0058856714422158
0.0056050071390049
0.0058695139299553
0.0058624571472612
0.0057037847970949
0.0057170548918415
0.0057203711194386
0.0056308894721754
0.0056228593066709
0.0056639776809613
0.0056263748656574
0.0056362107817583
0.0053024169700023
0.0057395163601259
0.0054611618865836