0.001049119065982
0.0011224637277592
0.0011327333991098
0.0011274646714133
0.0011434101169728
0.0011578976875275
0.0011942675171079
0.0011868184972277
0.0011829589364844
0.0011131304022129
0.0011940949505711
0.0011653802756405
0.0010905045929306
0.0011662514473005
0.0011647977264947
0.0011555185946586
0.0011558060341745
0.0011390516160241
0.0011447260867181
0.0010681497185531
0.0011391805498639
0.0011320406152286
0.0011360762053679
0.0011383794587144
0.0011489320022761
0.0011630111340947
0.0011569526544914
0.0010790547734706
0.0011445571142284
0.0011323255994092
0.0011475470888362
0.0011511790503315
0.001179383480454
0.0011595337485904
0.0011043342570069
0.0011628756082504
0.0011529728778127
0.0011602528377106
0.0011593830167265
0.0011596477144351
0.001180490901221
0.0011573898190706
0.0011633890582441
0.0011457214140607
0.0011712501088219
0.0011518834368151
0.0011518834368151
0.0011670531340806
0.0011462233387068
0.0011527153925804
0.0011516694811114
0.0011224550074848
0.0011458551040241
0.0011239349630743
0.0011351426891775
0.0011290114238409
0.0011439299530795
0.0010726064502747
0.001144103091478
0.0011575308449504