0.0018887064437984
0.0019706679927667
0.0020143639378276
0.0019802777938831
0.0020068983243555
0.0020448198113381
0.0020804862487657
0.0020686358953377
0.0019460025212032
0.0020391711017613
0.0020408030447364
0.0020684935979871
0.0020704119497925
0.0019301737851354
0.0020599934010245
0.0020424472632587
0.0018919911332101
0.0019725075461369
0.0019850144543577
0.0019977784327323
0.0020219578777039
0.0019088469488803
0.0019961667985326
0.0019887386320762
0.0020187205270585
0.0020156124876956
0.0020023819352531
0.0020150016985138
0.0020280194990812
0.0019053144364715
0.0020195609977783
0.002009473448045
0.0020456755498768
0.0020389886384582
0.0020345516010366
0.0020368728518231
0.0020468180403519
0.0020444158588018
0.0020360710747063
0.0020620278809389
0.0019444544323453
0.0020473564253927
0.0020414792274382
0.0019334927486214
0.0020336995002271
0.0020287991156285
0.0020626613574427
0.0020687648910288
0.0020860077093124
0.0019581654626001
0.0020384631383405
0.0020501262982195
0.0019313183729857
0.002065671583034
0.002080503090358
0.0020956517425548
0.0020786642598621
0.0020789819909365
0.002063940792481
0.0019199748080715