0.0056975495611256
0.0055249129334207
0.005672200879397
0.0056665268326055
0.0057525455053894
0.0058715775211894
0.006111563553742
0.0057490135658058
0.0061312244081093
0.0062055520508167
0.0062516595915391
0.0061535016871686
0.0063049892088953
0.0062451277549871
0.0061254599878499
0.0060325646979526
0.0061343861087223
0.0056242105767282
0.0060514282808108
0.0060033982398426
0.0060196218097448
0.0060046853970907
0.0060781823560955
0.0059731876958391
0.0062358809005351
0.006152184204813
0.0063150563034382
0.0062122466041364
0.0061698190095287
0.0058496287734607
0.0060054498543637
0.0058437305142157
0.0059743928802472
0.0055224400337927
0.0058400039679389
0.0056359739706492
0.0057936629945467
0.0057237198320708
0.005871919057753
0.0058253555989844
0.0058768026128309
0.0057944181133723
0.0057494823767103
0.0053452149367507
0.0055680021740865
0.0054999374801491
0.0055268787494933
0.0054520797501452
0.0054972443228847
0.0054153557594696
0.0055482603243084
0.0055850068895496
0.0057310496112004
0.0056410429522952
0.0057897190222697
0.0057060694295581
0.0056570248472096
0.0057004146442851
0.0056574882731958
0.0052744872974039