0.0011354013485833
0.001128828835449
0.0011385045509538
0.0011191582897636
0.0011318042962063
0.0011195799803554
0.0010768764461652
0.0011298843742024
0.0011370442302031
0.0011317801690879
0.001139524983967
0.0011361760292105
0.0011644959821509
0.0011658656652284
0.0011915930647909
0.0011899655116783
0.0012046525199426
0.0012111557940074
0.0012091767690527
0.0011976808240676
0.0012072773554438
0.0011935896646007
0.0011291874248641
0.0011861189467252
0.0011760827824763
0.001164767903723
0.0011611878403802
0.0011491045166842
0.0011474505412939
0.0011388631470203
0.0011625384458683
0.0010873209441068
0.0011601648228286
0.001136212777347
0.0011401046418532
0.0011370193960803
0.0011371908298233
0.0011369372650414
0.0011491089752199
0.0011708258002745
0.001194129494321
0.0011826744329634
0.0012047710180653
0.0012029842063612
0.0012242730829707
0.0011570435603536
0.0012353257375565
0.0012309545312414
0.001236643084218
0.001225776817163
0.0011983852129284
0.0011749484002423
0.0011046568317923
0.001167304526972
0.0011656654606178
0.0011573736840206
0.0011654057909734
0.0011541837585291
0.0011540122242795
0.0010875470628981