0.0010779195250667
0.0010717646653791
0.0010770621092281
0.0010749664143099
0.001072473940329
0.0010775741339319
0.0010673923386754
0.0010513557348163
0.0009946012965696
0.0010537187150601
0.0010613301582641
0.0010657909055826
0.0010688714868837
0.001069710595573
0.0010765967818872
0.0010098596845754
0.0011064916815261
0.0011034594872312
0.0011115543617058
0.0011013040202379
0.0011012209963672
0.0010919048456069
0.0011000602950132
0.001099924843579
0.0011038976396731
0.0010419411930041
0.0011028963556236
0.001143195103572
0.001156708232088
0.0011472248769819
0.001167043491906
0.0011613756922855
0.0011868188079329
0.0011778871769297
0.0011924968972972
0.0012013603484113
0.0012067119931961
0.0011987239592969
0.0011754516726234
0.0011634391489989
0.0011722919623015
0.0011647520827347
0.0011132194407602
0.0011598755476046
0.0011592068473607
0.0010819063428081
0.0011422159645795
0.0011334006507518
0.0011385874329892
0.0011136805156054
0.0011062257304852
0.0010915850496217
0.0010896288802108
0.0010844556565979
0.0010875328856584
0.0010856958886835
0.001085422271813
0.0010781992949829
0.0010823939520441
0.0010711579704924