0.0010603109853564
0.001057952046349
0.0010825691130611
0.0010734604004108
0.0010704891335635
0.0010699417965418
0.0010203078195405
0.0010557395348836
0.0010593823798041
0.0010404664835667
0.0010402190055845
0.0010411646391961
0.0010479802113702
0.0010500962567815
0.0010525853981018
0.0010704755032143
0.0010148115904184
0.0010688650437596
0.0010651166429587
0.0010197419471449
0.0010884288533614
0.0010826474854665
0.0010820371802824
0.0010857577032323
0.0010720414929442
0.0010701655075238
0.0010611113216741
0.0010474164183312
0.0010523134413281
0.0010752407297351
0.0010811175146824
0.0010811175146824
0.0010969484030376
0.001095063894983
0.0010883518800812
0.0010712824171134
0.0010681513189043
0.0010097607638102
0.0010553335529084
0.0010605926700157
0.0010665053243881
0.0010607962514785
0.0010504009533412
0.0010447581402418
0.0010587491750358
0.0010591107004284
0.0010801645863881
0.0010847368047196
0.0010581465943472
0.0010623246816763
0.0010796274838314
0.0010624117933021
0.0010569947940704
0.0010003151295621
0.0010730268969317
0.0010744399465133
0.0010150991274504
0.0010729971135991
0.0010210505140324
0.0010887292286481