0.0010765529066205
0.0010736124991037
0.0010745615179005
0.0010812745512143
0.0010905116978276
0.0010847940535291
0.0010846993605223
0.0010839094518869
0.0010791482114254
0.0010775349394481
0.001076142854519
0.0010726083962074
0.001078461362806
0.0010770645728412
0.0010862159785867
0.0010921715544666
0.0011033950649171
0.0010349170355547
0.0011024556190749
0.0011051633244126
0.0011106329641909
0.0011164289133904
0.0011236760348503
0.0011143043509961
0.0011183881648467
0.001041108693604
0.001103523103558
0.0010946517198188
0.0011165603501565
0.0011346335430972
0.0010827176952357
0.0011594023784654
0.0011658146792348
0.00110200767836
0.0011727099440442
0.0011697984126412
0.0011829758408425
0.0011804636044891
0.0011888233234764
0.0011877671773247
0.0011907499745857
0.0011165451894371
0.0011893208500319
0.0011861738415737
0.0011997283128883
0.0012029848122579
0.0012107018767916
0.0011982653552426
0.0011967899645658
0.0011826276168782
0.0011777395376169
0.0011553210852267
0.0011433321374692
0.0011354258336979
0.0011283537327021
0.001113501202597
0.0010975663354655
0.001089205395497
0.0010890643796228
0.0010847706940671