0.0010789670355761
0.0010742152744721
0.0010101584279405
0.0010265622670492
0.0010731062806822
0.0010675582779851
0.0010012031055346
0.0010628314493342
0.0010597797177363
0.0010586987811435
0.005025007283713
0.0177797475811184
0.039288193185891
0.0648597971417085
0.0648597971417085
0.0964361419581815
0.0998254127759293
0.1025969421141246
0.0938270477105936
0.1011055411289739
0.1020291888676672
0.1014867815208121
0.0841393715541934
0.0636076576744354
0.0428292799345314
0.0337732858083387
0.0459167318988319
0.0530812004017808
0.0708903250455372
0.0887245306769384
0.0910793945706335
0.1038286886555157
0.1057427067080103
0.0980121843437779
0.1064232144889271
0.1019826518314509
0.0941938068796361
0.0737415718940639
0.0567238162353585
0.0424657708777315
0.042713533637714
0.0463075973694906
0.06075716166884
0.0807268902875729
0.0951578104540171
0.1018079188669408
0.1060563051346431
0.1087842163920524
0.0998888161565506
0.1043291269228662
0.1023928623018914
0.086130837629605
0.0687178871892235
0.0561733129039891
0.0486308639670934
0.0480902401135678
0.0627148313544774
0.0769740955908613
0.095792205845929
0.105183918278176