0.001306950905051
0.0011760203130991
0.0011641574416863
0.0011641574416863
0.0011585374667779
0.0011604925362166
0.0011663241376795
0.0011578838678685
0.0011589494413546
0.0011603161217878
0.0043853861427898
0.0193031705481661
0.0214989069493293
0.0569606648161382
0.0750727406636713
0.079656438523192
0.0842383002214176
0.0903637794056923
0.0996963602126022
0.0980952969819937
0.0984051176436075
0.095465595265714
0.0727883875525284
0.0529031114551651
0.050561340948647
0.0218816134064421
0.0343276168780283
0.0429442132150116
0.0582309599285016
0.0758356750350215
0.0720021816620012
0.0812836402410044
0.0819659311717573
0.081813751145528
0.0870887001560168
0.0929451070050075
0.0751910272188274
0.0696124736930213
0.0499435086435677
0.0415849314927296
0.0367443917795375
0.0370857781607917
0.0477161497590287
0.0657632668374615
0.0767373836384686
0.0828176971248239
0.0863477331656778
0.0783571795856492
0.0863351201757769
0.0826565924305954
0.0751124300364593
0.0638912065358043
0.0546960871126674
0.044672261420582
0.0403634307879579
0.0415420274971135
0.0494531287952715
0.0483514847273656
0.0756782454269119
0.080958421408406