0.0012901179702049
0.0017144047976287
0.0018574232673713
0.001876731934944
0.0019465279274812
0.0018646193565878
0.0019582789829484
0.0020178591306055
0.0018798326591596
0.0015320843177924
0.0012226227868044
0.006213559455626
0.011726457968269
0.0185104544270354
0.0238300097170567
0.0282230049797294
0.0272767717402181
0.0301711941267954
0.0280203765629247
0.0277496371467025
0.030004682496361
0.0281111667945906
0.0257246644875438
0.0200415701830347
0.0132988578972115
0.0114159820705925
0.0077507034499108
0.0167237519395485
0.0219621825184316
0.0271102704713301
0.030067193401774
0.0315658063450942
0.0319136663867233
0.0351761792363584
0.0321723596729737
0.02908034146793
0.027774282670766
0.0212052045391945
0.020683899257942
0.015329264497649
0.0107488513004485
0.0122079066615957
0.0190288614257161
0.025717955289045
0.0297663289366581
0.0281083895153846
0.0327572901393905
0.0334568410860635
0.0303300546987386
0.0340170402003168
0.0281087585919559
0.0235802845777906
0.0224140979276441
0.0198506264113726
0.0141059746573426
0.0147894078123853
0.0128764774717594
0.0199968878547231
0.0271156697092262
0.0282377725089113