0.00215907424548
0.0021500095031005
0.002148353580445
0.0021621457124082
0.0020355031791857
0.0021705561310998
0.0021604740965591
0.0020339811849347
0.0021458371743486
0.0021377974438062
0.0020218224213061
0.0021225117118343
0.0021116567437897
0.0021516062927034
0.002144311783428
0.0021578697084499
0.0021499167146583
0.0021447630271832
0.0021600565500629
0.0021481472564106
0.0021657830186961
0.0021758387526752
0.0021925656477587
0.0022050341909703
0.0020567242850797
0.0021865301626221
0.0021472667409084
0.0021652753720752
0.0021745375990161
0.002143661991279
0.0021558162367306
0.0020197334423975
0.0021521955902502
0.0021320369244135
0.0021354937747286
0.0021392746738773
0.0021392746738773
0.0021463328006972
0.0021408042017414
0.0021248896368047
0.0021401779948322
0.0021356115721737
0.0021351472534545
0.0021337341633901
0.0021334883642828
0.0021364800180586
0.0021332618316822
0.0021383427777164
0.0021555733007105
0.0021573791451292
0.0021479214624484
0.002169298707708
0.0020585802072698
0.0021572220493176
0.0021438511055421
0.0021692403393551
0.0021665770422583
0.0021722148986738
0.0021746327259474
0.0020490533395405