0.510365697239026
0.579236011477197
0.6513600193561306
0.735004291726877
0.7757309717398579
0.8442986965847803
0.9466662061106808
1.023310013054198
1.0907034339379904
1.1616728552609954
1.248697864955586
1.2837903106825692
1.385479990028212
1.4650946152206914
1.532604912685904
1.602678072988327
1.6619092135392697
1.7018342583353006
1.8015478103271771
1.870763171863224
1.93689484421568
1.960959478985991
2.019322446144184
2.122879982489811
2.1756978882341014
2.221912701443103
2.1289517952622563
2.351602805689439
2.398812740986476
2.467908439200886
2.3533877849481963
2.550541530845819
2.582418781701099
2.5952894769871726
2.617673779203453
2.6650086030606035
2.686100801781744
2.687981924999536
2.6889538052081354
2.7100660164423136
2.5352351203059458
2.688053889821211
2.688053889821211
2.7210645926743844
2.719249781374577
2.7075033787045943
2.7068682395022576
2.701245045733108
2.717738361028565
2.722687409536793
2.5162630585281605
2.2673729134230185
2.088938359599825
1.7884180752040035
1.6137679703732164
1.2945200238228285
1.1623770921292345
0.7855335531595653
0.5638750392337268
0.3181344707717506