0.0786306784084438
0.0901110548886317
0.0947924440565641
0.1118310822863862
0.1214414743278893
0.1326119847908743
0.1431868599376022
0.1534212529258775
0.1630968408526582
0.1736052400655379
0.1818184786631562
0.191100578960575
0.2000167062606436
0.2084295545212517
0.2124493562629041
0.2244425521309107
0.2324113727434395
0.2418707378591879
0.251782274943486
0.260849081603099
0.2709723480256941
0.2808909589175081
0.29425665452957
0.3058040546614818
0.322525635897715
0.3351422961360128
0.3521056103858069
0.3672501075710236
0.3863936674502516
0.4035008998874708
0.420935381009203
0.4354384278063454
0.4463847521097878
0.4536785974159558
0.4598011684827119
0.4643033242366587
0.4685543108784678
0.4713506741670267
0.4710884862400309
0.4447859804484496
0.4684063815710784
0.4634190478215836
0.4603328493428817
0.4619004455764575
0.46209567490958
0.464150039390561
0.4633470234630925
0.4608180381087326
0.4587780831670248
0.4599154227377836
0.4200636397431703
0.4200636397431703
0.3403584279993571
0.300215737372083
0.2573330921232887
0.2123688059447608
0.1766636007756114
0.13045676825958
0.0932469807723496
0.0629492011601237