0.0011622198444632
0.0011684100769386
0.0011630441803053
0.0011661524084318
0.0011624456628084
0.0011664407516837
0.0011605828161506
0.0011563557181571
0.0011465302826379
0.0011497312102374
0.0011435883487097
0.0011564618639328
0.0011493650148733
0.0011622792651486
0.0011688020273766
0.0011737086850765
0.0011713940431359
0.0011745269815882
0.0011785012961489
0.001184464831974
0.0011817496426568
0.0011951530038847
0.0011973281445249
0.0012019967084924
0.0011954980935179
0.0011907452890305
0.0011946599906673
0.0011945159761173
0.0011957631044364
0.0011996916674255
0.0011307596432274
0.0012031336724497
0.0011956477448596
0.0011924435780491
0.0011924956916265
0.0011950921248142
0.0011908505490516
0.0011934154243829
0.0012028870307609
0.0012089755624515
0.0012138804003336
0.0012246841501332
0.0012169512732129
0.0012248115695214
0.0012125655377151
0.0012161240330897
0.0012086117917859
0.0012112298010704
0.0012026671544328
0.0011964576713388
0.0011835962860571
0.0011778249230381
0.0011637515553563
0.0011664120923128
0.0011644836147861
0.0011744655425087
0.0014234639834009
0.0014312097510679
0.0014223100128134
0.0014203038835661