0.005776502265036
0.0058846679647506
0.0056431689699987
0.0058144804301704
0.0057301080684141
0.0058436470684512
0.005613758763643
0.0056950439422129
0.0056776308630394
0.0057646805400164
0.0056518503885181
0.0056701436887199
0.0056153050484703
0.0057316823697487
0.0055362304645821
0.0057023037418382
0.0056421624875692
0.0060146386050846
0.0059482079078387
0.006053228136951
0.0059381452034071
0.0061764129370501
0.0061148610209719
0.0062337280100736
0.0061564725809674
0.0063754480075114
0.0062666619754633
0.0064411200763205
0.0062633649005296
0.0062049942028465
0.0061811906274969
0.0062435082504644
0.0061065840492137
0.0061123591833079
0.0059636865315638
0.0060038978333819
0.0058480506070639
0.0059119092615433
0.00572840529682
0.0056674066098427
0.0056127583962367
0.0055566245386279
0.0053685142815239
0.0054368615560029
0.0054256407821022
0.0055122007913867
0.005396129432395
0.0055433974463314
0.0055111617590752
0.0055365054268439
0.0055826733437758
0.0058386462721436
0.0058242125714285
0.0060688837234136
0.0059668996336182
0.0059982394507641
0.0059560529507731
0.0061188370876983
0.0058768533280335
0.0060083053052509