1.1788665609e-06
1.158168057e-06
1.1361164803e-06
1.1239344496e-06
0.0
0.0
6.544184689448934e-07
6.564655093566516e-07
6.5645350113412e-07
6.659800319192383e-07
6.53834241259316e-07
6.649065273377443e-07
6.434821588667754e-07
6.487751966012848e-07
6.578373325023385e-07
6.479435236341326e-07
0.0
0.0
1.1886281753e-06
1.172481599e-06
1.1667564268e-06
1.1721009918e-06
1.1821422725e-06
1.2053597922e-06
1.1812184217e-06
1.1731588447e-06
1.199885537e-06
1.1952515815e-06
1.1068101701e-06
0.0
9.949920162578013e-07
1.0096293705e-06
9.442598109276246e-07
1.0060359219e-06
9.944506909433817e-07
1.0053719084e-06
1.0077923987e-06
1.0011319239e-06
9.993257157436252e-07
1.0010222709e-06
0.0
0.0
1.0299752003e-06
1.0508424854e-06
1.0861517716e-06
1.0397286118e-06
1.0462768579e-06
1.0216945647e-06
1.0275377388e-06
1.037639178e-06
1.0455706363e-06
1.0220042796e-06
1.073959563e-06
0.0
1.2952260626e-06
1.2798872817e-06
1.3006252831e-06
1.3085465254e-06
1.2426750709e-06
1.2822069213e-06