0.0011541366516332
0.001138878779169
0.001160899357274
0.0011588836695271
0.0011660822977129
0.0011651108920204
0.0011772464006202
0.0011832900294381
0.0011804837739053
0.0011743430860706
0.0011821196878338
0.0011803353084505
0.0012007135793716
0.0011948806152166
0.0011292231452635
0.0011981341891793
0.0011972027466438
0.0011919135775861
0.0011857867942824
0.0011828526503806
0.0011939817677731
0.0011794691935454
0.0011816517502771
0.0011803624446219
0.0011790708834139
0.0011734020277636
0.0011696618137645
0.001164366056117
0.001159846103123
0.0011534195989405
0.0011622512208454
0.0011530539094498
0.001157436429712
0.001145670170161
0.0011387070959618
0.0011247053217844
0.0011314069432623
0.001131926083122
0.0011460438383653
0.0011535801521239
0.001168618902495
0.0011624114325019
0.0011734881252345
0.0011712655880748
0.0011725354150112
0.0011747441982359
0.0011844807820115
0.0011732280972247
0.0011785939089997
0.0011643357777337
0.0011919283921882
0.0011876835189473
0.001198595691355
0.0011817917164259
0.0011833974201917
0.0011874678260228
0.0011969793080616
0.0011932822229843
0.0012038307334578
0.0012078569735708