0.0011735272965975
0.0011596486530821
0.0011704288838667
0.0011526599664064
0.0011811271133263
0.0011615026938178
0.001169204311853
0.001156311257053
0.0011779933066556
0.0011684912816436
0.0011808023685215
0.0011618326952384
0.0011814993210334
0.0011682197296147
0.0012007335683662
0.0011902847097928
0.0011834326854379
0.0011792889752039
0.001208032176259
0.0011811336885666
0.0011880276562901
0.0011736679346112
0.0011937893347794
0.0011845310349822
0.0011914057344571
0.0011700136873237
0.0011695833348909
0.0011750829318959
0.0011781899634332
0.0011715015385735
0.0011898478831159
0.0011766785636005
0.0011879951274563
0.0011917598550957
0.0011940679152165
0.0011913211532814
0.0012141134054588
0.0011320219834122
0.0012251036993938
0.001235971940172
0.0012262405273654
0.0012239867912136
0.0012415905262204
0.0012265544148219
0.0012349701267843
0.0012227802594844
0.0012421951024328
0.0012222483166958
0.0012239848454344
0.0012107501459633
0.0013831740778213
0.001400037871577
0.0013995441592871
0.0013832224736454
0.0014049320864906
0.0013827195017729
0.0013943698469212
0.0013757056719183
0.0013769333538416
0.0013702412283823