0.0063411105111984
0.0062829532488113
0.0064923399893258
0.006364550652546
0.0065217123932617
0.0063498374026635
0.0063759588519626
0.0061587119189056
0.0061848149433519
0.0059837713283225
0.0059599460157024
0.0058205628218331
0.0059096811115645
0.0057606650404721
0.0057971586564463
0.0056394963779868
0.0056469009631339
0.0055476493814979
0.005802612776253
0.005763077677962
0.0059638171770086
0.005946735706144
0.0060865741550271
0.0058990311054913
0.0059421699740844
0.0058790077976931
0.0060258949274702
0.0059123280151981
0.0060293227838663
0.0058629263563036
0.0060427331600644
0.0059680148548401
0.0060021062363967
0.0059373847267597
0.0061173222910104
0.0059660898802309
0.0060082724428873
0.0058869707051722
0.0059338403491226
0.0058293932714825
0.0059534208048021
0.0058193722914704
0.0058623014518288
0.0058804302862588
0.0058180867917718
0.0057071927843165
0.0058206824523301
0.0056465887855629
0.0056628850152569
0.0055195380840661
0.005639923467911
0.0054781355236905
0.0055176429529958
0.005446269963686
0.0054255806497654
0.0054496619174068
0.0054455120420533
0.0053685302700348
0.0056586280843676
0.0056367959000968