0.0061927146294942
0.0060979455203116
0.0060607913496343
0.0061320490239535
0.0060402087092266
0.0059432403121831
0.0060202637009817
0.006272839731132
0.0064317237566031
0.0062512617055465
0.006191604162457
0.0063111758239745
0.0066134150003557
0.006843296790186
0.0071879443980939
0.0074761261940022
0.0077583101470587
0.0075095086808662
0.0074739453981041
0.0074058028411972
0.0075665358090185
0.0075713278783176
0.0074071150506775
0.0073451401506128
0.0069453353352439
0.0064912747180183
0.0062076020666726
0.0059812416366955
0.0059004637228531
0.0058303809918845
0.0055876576184052
0.0053224429229879
0.0056643264463555
0.0058193682747666
0.0056270435642485
0.0056620125975453
0.0056290678096918
0.0059296663335937
0.0063045506326845
0.0068597728339367
0.0071058449031323
0.0072469835280352
0.0071588823149702
0.0071207186416537
0.0071700561362474
0.0070659036878833
0.0072432872090267
0.0072333882963232
0.0070154085116481
0.0067659243668345
0.0062773040148398
0.0059931010607771
0.0060131850435289
0.0059672367259838
0.0061279291423439
0.0060602692974221
0.0061257592702009
0.0061032207185172
0.0061283820226753
0.0059951769258853