0.0010673223491558
0.0010648814449978
0.0010633807730101
0.0010669006374748
0.0010625646273637
0.001062752529542
0.0010578227746445
0.0010613051829835
0.0010512462427117
0.0010532164431949
0.0010585111482618
0.0010678160032049
0.0010748755601329
0.0010898104097331
0.0010920855569443
0.0011061537655769
0.0011123764012989
0.0011169342245204
0.0011227885340209
0.0011279849579362
0.001129354840475
0.0011183324775586
0.0011124066463817
0.0011074334254143
0.0010957644801621
0.0010925713977101
0.0010813721477126
0.0010802098805122
0.0010806057590475
0.0010669793523496
0.0010629554829298
0.0010556765805298
0.0010642389700457
0.0010619414646401
0.0010539190818663
0.0010506479359654
0.0010556719562955
0.0010617307160026
0.0010665607981178
0.0010724945451233
0.0010838118479188
0.0010894184125058
0.0011012179432846
0.0010926538683602
0.0011018836895928
0.0011164374780243
0.0011179577020899
0.0011140876052511
0.001105170913162
0.0010999691210087
0.0010926537947026
0.0010915618697291
0.0010965789706125
0.0010947458595293
0.001094119142627
0.0010863974825022
0.0010762010072929
0.0010767293718478
0.0010676286525901
0.0010686140449133