0.0013007053820234
0.001302121097202
0.0012969707397865
0.0013072519311174
0.0013099348578718
0.0013001474310302
0.0012991746800761
0.0012008337227413
0.0011901142255466
0.0011793095475748
0.0011716365082849
0.0057946842066759
0.009596267207769
0.0133822157687783
0.0168197524634885
0.0171487964063151
0.0172516409143145
0.0170817636721218
0.0176518876285668
0.0171214661236309
0.0170200249919147
0.016037475010542
0.0127228209740306
0.0085638048713637
0.0050562133152909
0.001776475023991
0.0011706244020026
0.0011324191689303
0.0011275994150955
0.0011314842033723
0.0011209825493857
0.0010988552993165
0.0011075381331764
0.001046406532488
0.0011256447361275
0.0011155670761493
0.0031094223771592
0.0072469902181203
0.0104512084283482
0.0131552767457924
0.016785004485427
0.0171621345900441
0.0167855327211129
0.0169238669944527
0.0174106368578266
0.0172536678308823
0.0174280412614148
0.0155034031555938
0.0110245771242607
0.0080524763704751
0.0051928907007727
0.0013961677258705
0.0013884783009822
0.001356931324174
0.0013669262555163
0.0013617450461638
0.0013604034267913
0.0013632753167354
0.001135301094435
0.0011308437969891