0.0009968051574396
0.0010009856996375
0.0010061831837266
0.0010032900517265
0.0010101316856502
0.0010092160837886
0.0010121841794132
0.0010185943884355
0.0010322550007273
0.0010256019555103
0.0010236932947315
0.0033018120830173
0.005422483209334
0.0107846158158396
0.0117417292757743
0.0120469400655905
0.0120220047249595
0.0117945896572828
0.0118968884788772
0.011967312260852
0.0119740546846381
0.0121280815342384
0.0096636628268258
0.0075215193231931
0.0030540197109068
0.0010624036836403
0.0010645712075129
0.0010799193656788
0.0010759100137614
0.0010835676153274
0.0010779399595811
0.001084805157645
0.0010871664213926
0.0010884718172897
0.0010865076111153
0.0010755483731254
0.0026468965879455
0.0045505051441846
0.0088592924182432
0.011629226777412
0.0132123370349501
0.0134401014185287
0.013394125252887
0.0136518813503529
0.0136759396100805
0.0137366992666382
0.0136539064668078
0.0120714233363184
0.0100135331818831
0.005771404735545
0.0031319636997689
0.0014272584764024
0.001069037406664
0.0010561769922784
0.0010535387710379
0.0010370223809699
0.0010608178666717
0.0010558560060628
0.0010572473427331
0.0010600443486982