0.0011464332197707
0.0011382423871321
0.0010964702019553
0.0010830268323164
0.0010599357142857
0.0010532352488596
0.0010483840765945
0.0010499172022548
0.0010453383953428
0.0010505811700543
0.0010546723350022
0.0010648780762627
0.0010631129545865
0.0010779448980326
0.0010780898912808
0.0010995281316925
0.0011037920166933
0.0011097160406201
0.0011095984751526
0.0011103248113021
0.0011052329101831
0.0011032129171035
0.0010965875621526
0.0010946259794117
0.0010855954378892
0.0010930893059879
0.0010758457544677
0.001073080760051
0.0010574334516577
0.0010603367914793
0.0010539510265934
0.0010585366170032
0.0010508373565706
0.0010511338309542
0.0010534144688509
0.0010547300511485
0.0010437209072801
0.0010521088430467
0.0010598634008001
0.0010697251121821
0.0010704938282943
0.0010813903933005
0.0010810428540431
0.0010856528022749
0.001083563194356
0.0010828698558559
0.0010765653233639
0.0010826174449534
0.0010715225514523
0.0010716534804317
0.0010638349287512
0.001057759804878
0.0010473838411218
0.0010380590421288
0.0010333908324379
0.001043949832715
0.0010470773837869
0.0010509332982622
0.0010477177396021
0.0010510537202057