0.001167921466815
0.0011769439354548
0.0011854734342915
0.0011855691426919
0.0011914092436213
0.0012026185581907
0.001216210918519
0.0012366194135087
0.0012468508633094
0.0012704048057787
0.0012734104249353
0.0013018617536211
0.0013060329672368
0.0013185659071453
0.001333626510849
0.0013314935220903
0.0013359736101274
0.0013490943201124
0.0013362697283312
0.0013473829160529
0.0013441180886623
0.0013537855074048
0.0013405049879352
0.001351020927653
0.0013474273419635
0.0013528871841967
0.0013643831216656
0.0013770060726121
0.0013690604207974
0.0013845359311366
0.0013724829887417
0.0013855866621709
0.0013896738373874
0.0014059988840115
0.0013870574513344
0.0014063260231491
0.0013978737890898
0.0013982968721148
0.0014052348854879
0.0014019402784887
0.0013897465997033
0.0014046865641477
0.0014010649173561
0.0014055252299051
0.0014127175958663
0.0014180428836432
0.0014047370896231
0.0014243596021143
0.001411627893804
0.0014046918341186
0.0014072835939227
0.0014156640837238
0.0014035809464508
0.001415604791511
0.0014456770854071
0.0014563299775295
0.0014807623724766
0.0014894330508318
0.0014745906223753
0.0015043382555443