0.0056302310889443
0.0055902847287735
0.0056515590872626
0.0058150382063104
0.0058466647432712
0.0056870355705808
0.0059136515351897
0.0057159327179155
0.0060052996947419
0.0058285985875757
0.00586573496651
0.0055818526005205
0.005611715127025
0.0055939979478645
0.0056460324143335
0.0054758025781062
0.0054576280179269
0.0052820918435504
0.0056099779464728
0.0054731157334204
0.0055407120661276
0.0055054924777015
0.0057856606098272
0.0058332044671628
0.005954986541784
0.0058104628132801
0.0060520121147943
0.0060984201632979
0.0061610052452611
0.0060161466331138
0.0061058307007104
0.0061043500944629
0.0062276042553192
0.0061396466687204
0.0062384072597378
0.0059993259450048
0.0059706195991337
0.005723520947449
0.0056996574156863
0.0054968241157847
0.0055487674009291
0.0053039528412897
0.0053670906358548
0.0051541588796944
0.0052491774480709
0.0052886463313539
0.0053352324848975
0.0054624347367101
0.0057355281080498
0.0057809860972451
0.0060636240937584
0.0059931845303866
0.0062501399337504
0.0061743846963845
0.0064127831142567
0.006128571698841
0.0062007981276659
0.0056781090294448
0.0061250816273979
0.0058480358379818