0.0060874970279336
0.0061991767764612
0.0060490446145819
0.0060754059023262
0.005866448912725
0.0059980910773787
0.0058261355175653
0.0059185644500815
0.0058565970034231
0.005713861667779
0.0055372243879509
0.0056505929521229
0.0055282761645437
0.0055806018911105
0.0055308101852694
0.0056572369320339
0.0055315822762
0.0056684578829327
0.0054973680340279
0.005708259771811
0.0057528356238796
0.0059225676908923
0.0057013063081238
0.0057582470131044
0.0056889746715499
0.0058771054198279
0.0056319425513682
0.0057757643957162
0.0057042458280899
0.0057996461352434
0.0056747388943372
0.0057323068808826
0.0055828103549924
0.0058280773611943
0.0058536190749306
0.005916597036628
0.0057405692223037
0.0059048277017645
0.0057792920617079
0.0057435382933341
0.0057162067983496
0.0057439865410005
0.0056505497433436
0.0056967137288229
0.0056090498618907
0.0057157903092707
0.005705237127165
0.0057197324847773
0.0057795418450551
0.0058603892703704
0.0058058389886285
0.0058766015736768
0.0059912366943961
0.0060821996982804
0.0059990227925893
0.0060088765117758
0.0060345416767155
0.006163513981719
0.0055624713287361
0.0059792913527492