0.0064460550709735
0.0059731531890869
0.0056525190497454
0.0058092789499056
0.0056884113233288
0.0057126298540759
0.005447842223824
0.0050842797690724
0.0053034372305352
0.0054617049970671
0.0054866462437918
0.0061734065902784
0.0065412018956304
0.0072999146098729
0.0076334570721115
0.0083825995827846
0.0086624857853653
0.0090364955168486
0.0089154757976201
0.0091523952657516
0.009029704540039
0.0090336981774699
0.0083070263485094
0.0081798013183533
0.0075095941992066
0.0070790635060157
0.0063525982215631
0.0061024011630039
0.0059110046270896
0.006129975503538
0.0059990603966132
0.0061987952290287
0.0061638149852824
0.0065061211899314
0.0063502128039465
0.0064024371454713
0.0063261785228901
0.0066516489897635
0.0070586326830669
0.007515721328132
0.0077873054942648
0.0085123983158121
0.0086910552693885
0.0089857199518352
0.0087581154935273
0.0087452668479034
0.0086950190241386
0.0088328429840595
0.0082700691088638
0.0077696033475215
0.007235086802148
0.0070410649527615
0.0064707752274151
0.00611122591111
0.0058050332346707
0.0060635809109056
0.0060394195585873
0.0061298916791873
0.0060820969913549
0.0063402486964158