0.0051364997418502
0.0056867310873734
0.0059002267222919
0.0060701902317289
0.0057957470852017
0.0056916657877988
0.0059465218968073
0.0057561814034128
0.0058742842487287
0.0058941126198226
0.0058589554625668
0.0058583857227055
0.0058401504660208
0.005752022602924
0.0055468751366718
0.0056694203352944
0.0055648258842385
0.0054007889059813
0.0054931302873065
0.0054980020125467
0.0053179597113648
0.0053312703126974
0.0053383620341938
0.0052732529614457
0.005283249906346
0.0053960897963644
0.0053200205699052
0.0053925134140705
0.0053825414258539
0.0054561424190493
0.0055693567173831
0.0056988165101648
0.0056588134559374
0.0057211855626867
0.0055060040524432
0.0052330576825899
0.0055621030062791
0.0057361017290341
0.0056351879105256
0.0058868723747116
0.0057539104244298
0.0057828594684146
0.0054509216013049
0.0057009495163023
0.0055853061699652
0.0058614401801342
0.0057234278108193
0.0057980479863969
0.0056226158953796
0.0057112973653482
0.0054628578850684
0.005581146701389
0.0053773172708971
0.0053483398117724
0.0054592703949514
0.0055010779568912
0.0052802809422841
0.0055649888460619
0.0055137535970553
0.0057152801083037