0.0058609799832281
0.0056592919611308
0.0057081450338098
0.0056204376601349
0.0057740333602912
0.0056251746765083
0.0058740062821348
0.0059130853244211
0.0058564017884675
0.0060843804328384
0.0062152427357329
0.0061936762665697
0.006352514584729
0.0065171044016606
0.0066355589264286
0.0065913382084095
0.0067767426531323
0.0066611268883808
0.006693040025344
0.0064604595874661
0.006405185383144
0.0063409291344356
0.0062858972469739
0.0061031905547797
0.0058659809036375
0.0057220575034293
0.0055294536927563
0.0055432370407831
0.0055632751097361
0.0054680639945383
0.0057225684415843
0.0058245379471814
0.0058174536043084
0.005955780928158
0.0060271746954998
0.0059476983516284
0.0059622573690753
0.0059124938183676
0.0061580696500181
0.0061730636435106
0.0064629347698836
0.0063286253411096
0.006638668387445
0.0065906750403605
0.0065901652165965
0.0067016403786061
0.0069726421164771
0.0069284092069772
0.0068713072668223
0.0067253137925329
0.0067904180854743
0.0065562939091026
0.0066871787619583
0.006244803308315
0.006484268649395
0.0063045207417808
0.006316578513896
0.0063865560595889
0.0063163417958798
0.0061280109799565