0.006341603703084
0.0062478548115115
0.006104728889051
0.0061349998181254
0.0063478773583229
0.0061955925198639
0.0063944153699701
0.0061782157376453
0.0062595384169742
0.0061553228798904
0.0063818123273892
0.0072597251590977
0.0076228747871148
0.008558362146186
0.0096447228079712
0.009426441220694
0.0091832890520576
0.0090785833470135
0.0091633890936026
0.0091094662406934
0.0092031064626857
0.008992030306376
0.0082356526623883
0.007569494477697
0.0067555273177163
0.0054456976050097
0.0054975937183198
0.0054639624986253
0.0057091491982506
0.0056161592355515
0.0056943029279073
0.0055799894853046
0.0056337547459493
0.005316421302909
0.0055477784802006
0.0055367838775024
0.0058073705022828
0.0057903544642202
0.0059783433999379
0.0057827084209178
0.0058857081678341
0.0057379374435491
0.0057482444300636
0.0057468131968922
0.0058458786513565
0.0057630587538283
0.0058021744146469
0.0056043913981977
0.0055299383621635
0.0054767395560534
0.0055927387445194
0.005324983014009
0.0054182998454124
0.00531723774693
0.0053831034287593
0.0054469119654916
0.0054964539327864
0.00550776841348
0.0054973944027912
0.0056974527875215