0.0021561730666476
0.0021291746388325
0.0021042897155834
0.0021064477733526
0.0021294011633174
0.0021514453706405
0.002133113258097
0.0021565214141015
0.0021452953516921
0.0021475390017287
0.0020198206226708
0.0021678908525855
0.0021680179684966
0.0021784367722468
0.0021416792486679
0.0021366089085307
0.0021396455528781
0.0021429263922605
0.0021434540904227
0.0021320141752813
0.0021531531897008
0.0021313394029685
0.0020176251732174
0.0021756081393641
0.0021785033385985
0.0022041079595222
0.0022189192010402
0.0022035301756928
0.0022208637467835
0.0022013306087885
0.0022038366326734
0.0021883597923392
0.002206357442216
0.0021925882070772
0.0021729381993803
0.0021938523018492
0.0021818551114116
0.0021699190535265
0.0021897966352207
0.0021669140001086
0.0021691462928703
0.0021660489978525
0.0021758926847785
0.0021477505125952
0.002169305132942
0.0021488212018388
0.0021299885896437
0.0021415443824614
0.0021398682228503
0.0021359048764925
0.0021413982979809
0.0021309000923531
0.0021332476925348
0.0022352260805518
0.0022452915642619
0.0022504309722576
0.0022783944245149
0.0022838514323058
0.0023064630047141
0.0023043980347967