0.0011166347182303
0.0011020543195066
0.0011121403329064
0.0011026046974161
0.0011081818598338
0.0010916674488523
0.0011051700897093
0.0010929459709115
0.0010971235642122
0.0010826401617004
0.0010980766955147
0.001103691586018
0.001120690976781
0.0011309977866072
0.001148612494547
0.0011472930979614
0.0011692844741839
0.0011447227891781
0.0011523224004064
0.0011459964804144
0.0011510713647715
0.0011439670796714
0.0011376796737651
0.0011203406365736
0.0011120565546615
0.001107416674253
0.0010952720239048
0.0010751954207784
0.0010904718349135
0.0010908823413585
0.0010817160127942
0.0010844838390916
0.0010731309316815
0.0010645332623255
0.0010649833405296
0.0010651926331238
0.0010607328216104
0.0010862595057719
0.0010974006419973
0.0010965238209329
0.0011150551228172
0.0011257558182219
0.0011290753969701
0.0011289274543715
0.0011425299204052
0.0011401820484781
0.0011422012753079
0.0011290166459717
0.0011589603131057
0.0011424789406567
0.0011622785517315
0.0011370970167042
0.0011269710315804
0.0011155254958033
0.0011238864657654
0.0011340410133998
0.001143095104037
0.0011441228782151
0.0011513237606524
0.0011118374929562