0.0011486524736414
0.0011611428779864
0.0011573682301915
0.0011308553013798
0.0011172329113926
0.0011330828545118
0.0011202544357766
0.0011449359734323
0.0011137215091548
0.0011399473608175
0.0011105202962907
0.0019863690249253
0.0034191304315573
0.0063471445870538
0.0085661550390412
0.009656046548809
0.0094140717090935
0.0093783941592857
0.0096152948917971
0.0093696895516021
0.0096245928616085
0.0094311335340286
0.0086617011219255
0.0072855748216365
0.0044374420556994
0.0020921006955334
0.0010958146575193
0.0010954911991298
0.0010890444135255
0.0011086644418578
0.0010923482246183
0.001118659055342
0.0010933100526007
0.0011102559525986
0.0011077124915325
0.0011107862743687
0.0012764826423936
0.0032819643206865
0.0050584273725576
0.0072372989015327
0.0084414692803225
0.0103297978971962
0.0105285618457122
0.0104479007381756
0.0104561724812579
0.0104075092723644
0.0103154931138369
0.0101882050451034
0.0082385014189557
0.0065717751581264
0.0042655410289272
0.0030090010002593
0.0011177925664108
0.0011429452193946
0.0011361288768605
0.0011340953365825
0.0011110215169444
0.0011084806551975
0.001106350577755
0.0010949670655921