0.0010986419813104
0.0010862407851768
0.0011028365660127
0.0010922870420995
0.0011004871317004
0.0010888997373592
0.0010883349771823
0.0010972408377905
0.0011022429330888
0.0011094649287287
0.0011066235755818
0.0011080055505189
0.0011177858520546
0.0011109710968067
0.0011289197685101
0.0011267602035111
0.001147729717148
0.0011304938934322
0.0011325219748485
0.0011160009749931
0.0011110063958418
0.0011101831441272
0.0011095745434919
0.001098804321988
0.0011068023553975
0.0011057641397011
0.0011087796386152
0.0010937685238678
0.0011060911510805
0.0010931243351423
0.0011146985279103
0.0011115362802635
0.0011141871095209
0.0011125567390788
0.0011102259413475
0.0011051726634098
0.0011053146023022
0.0010973546848937
0.0011036691164462
0.0011147494367237
0.001135967620689
0.0011286952239022
0.0011388985391233
0.0011451912360875
0.0011504486902186
0.0011429850852402
0.001147685421479
0.0011352789080097
0.0011432322262911
0.001130852461942
0.0011231384468261
0.0011132150786475
0.0011108716742955
0.001104329641585
0.0011009213552772
0.0011004158154979
0.0011127576325017
0.0011008314639369
0.0011081539821396
0.0010982506242369