0.0059045571751973
0.0059766810277994
0.0060183640417988
0.006224034491431
0.0061912175235498
0.0061049480700862
0.005977745868853
0.0059979678641317
0.0057753275280795
0.0058825935780306
0.005651271824302
0.0070908870449014
0.007999023668534
0.0092431648300948
0.0102952399692064
0.0106217207591582
0.0106253010971075
0.0108475090159338
0.0108670687140601
0.0109761643454542
0.0109840483029932
0.0110512898923725
0.0097015447437811
0.0087113632197024
0.0073704901322444
0.0064098890788668
0.0061301909481513
0.006105857756729
0.0059315840046341
0.0060690493582704
0.0059555426104547
0.0061542072636975
0.0058948865346172
0.0060015564816166
0.0058248908222076
0.0058948614002411
0.0065599775845623
0.0078887691367565
0.0090210283854503
0.0111152721146212
0.0120453219511285
0.0123646954816187
0.0123180203156944
0.0125496588345348
0.0123513747186798
0.0126048667304809
0.0124917186307661
0.0118664382971047
0.010622965633926
0.0095787865252653
0.0075732595761799
0.0065744055904368
0.0059797023155273
0.0060708167093228
0.0059071393019563
0.0058245928828005
0.0056469560190638
0.0057407667907076
0.0056327222582738
0.005774468513219