0.0011316284504135
0.001126344680851
0.0011531729297829
0.0011409156419838
0.0011482341702048
0.0011483402151946
0.001152317661687
0.0011461257255143
0.0011560450461581
0.0011310949747492
0.0011556629788007
0.0011496282761366
0.0011586565054807
0.0011404378683786
0.001167547938777
0.0011582522687001
0.0011583207904179
0.0011586510570998
0.0011740279630029
0.0011439902862514
0.0011664571644905
0.0011513278342498
0.0011518767384784
0.0011357403426509
0.0011408335541153
0.0011131995661604
0.0011160229467013
0.0011131624391814
0.0011230562355039
0.0010994208334101
0.0011154105332383
0.0011113019485163
0.0011286000996459
0.0011152517483804
0.0011249357033973
0.0011158750205318
0.0011369394000698
0.0011304029689414
0.0011432014865445
0.0011358572938297
0.001153253394983
0.001159120687145
0.0011707604004737
0.0011637685551984
0.0011876833542825
0.0011666120990617
0.0011750863103329
0.0011638418322458
0.0011729228072671
0.0011512475005355
0.0011588396963122
0.0011423407994422
0.00113876543232
0.0011234954478278
0.0011204821659549
0.0011086167346117
0.0011365271172954
0.0011284425556332
0.0011408416153021
0.0011405525749507