0.0064567099595377
0.0061618542447509
0.006243702063729
0.0061765730759264
0.0061319392465271
0.0062150202537602
0.0063975214719555
0.0062045710034963
0.0063540899673439
0.0061578474025381
0.0063250913418033
0.0069973563086003
0.0079509567254834
0.0086192240218919
0.0095974107940065
0.0097922002941668
0.0097561196683777
0.0095596781502847
0.0096500494628983
0.0095928165658986
0.0096495673522594
0.0094729563422678
0.0087411095229325
0.0076448985185857
0.0070293281318042
0.0058772432645431
0.0058430894590596
0.0056872703915915
0.0056662507025803
0.0054654405990016
0.0054981324924635
0.0053373082171998
0.0053222487399833
0.0052475658475905
0.0054152584319774
0.0051970810791077
0.0059651956444062
0.0067075543390613
0.0076137144583166
0.0086940264223547
0.0093783509551557
0.0092646460155979
0.0094971681443602
0.0092792563642028
0.0092935671111111
0.009231005570036
0.0094959702246685
0.0086688042780945
0.0079819645934601
0.0070468135758478
0.0060920073108081
0.0054179259992863
0.0056656325071669
0.0055266031815288
0.0057878687206361
0.005740917414457
0.0057312034835499
0.00570549127965
0.005922379858851
0.0057120237087672