0.001067032335925
0.0010601548255151
0.0010703190429258
0.001071182679709
0.0010793336993697
0.0010796332098167
0.001089645644433
0.0010763046810938
0.0010882292455257
0.0010818556721336
0.0065065880389727
0.0195278426320497
0.0303853914052384
0.0421291018188397
0.0521189063840662
0.0522044524057718
0.0517921576428791
0.0512958579968764
0.0531319567110034
0.0517259171569779
0.0526443654508926
0.0473909921142966
0.0341311816907466
0.0227312620083291
0.0108562996316756
0.0011368061140332
0.001141332987098
0.0011139678760668
0.0011276048451438
0.0011279330687547
0.0011449922441101
0.0011482630025361
0.0011601319540649
0.0011554230755444
0.0011690825521297
0.0011790593690699
0.006328401286748
0.01564799475253
0.023126240863072
0.0317893073223364
0.0365132817604274
0.0359526817217942
0.0359902265868693
0.0354178558785216
0.0362832014079359
0.0368179935014301
0.0359127955096866
0.0314967377637329
0.0214684853629977
0.0137983578722478
0.0056188892640469
0.001195689125209
0.00120004546209
0.0011664524868219
0.0011673306242939
0.0011485032691414
0.001148962635411
0.0011510067720925
0.0011436191265302
0.001131137858055