0.001874026185037
0.001852698752098
0.0018556085725975
0.0018710175701887
0.0018773558401347
0.0018853149114931
0.0019109096875161
0.0019211929993586
0.0019152946804723
0.0019150031422248
0.0019357070590342
0.0019175354883017
0.0019577985816111
0.0019410779770285
0.001946584252485
0.001932623244097
0.0019561808510658
0.0019341172585698
0.0019316545500441
0.0019471486155783
0.0019463056018787
0.0019383013498733
0.0019777893210053
0.0019333436114484
0.0019438320793386
0.0019333958959597
0.0019565394454307
0.0019338527528363
0.0019503220983986
0.0019559459095101
0.0019497620598052
0.0019505460022701
0.0019371404370096
0.0019362502295292
0.0019580427088048
0.0019688960576792
0.0019379536310637
0.0019352119447024
0.0019441523076367
0.0018983435749205
0.0018955635306755
0.0019143743627503
0.0019170214687446
0.0019345531567333
0.0019071077285069
0.0019058952890051
0.001926297645189
0.00195872356697
0.0019648454406069
0.0019579249209725
0.0019997911521113
0.0019931797038585
0.0019825100857853
0.0019922372111602
0.0019973532204621
0.0020196858102597
0.0020341900444162
0.0020183730544929
0.0020298940012522
0.0020000188021519