0.0030105271880042
0.0026610980206
0.0027206295324426
0.0030643557332183
0.0025565779872414
0.0030167440580987
0.0026401872966243
0.002629935439411
0.0030486202126894
0.0027050504961896
0.0033752138613131
0.0028749471730082
0.0029105164145334
0.0032502861992779
0.0029507057109445
0.0034479028602557
0.0029852478910256
0.0034473996168302
0.0034834638837282
0.0030813128915994
0.0034962528078674
0.0028328959098437
0.0034553412241025
0.0034974415279751
0.0036422395742227
0.0034814645251945
0.003098580367868
0.003471502351661
0.0030222514095524
0.0034044939077303
0.0033985928593352
0.0029891476056962
0.0033592136979759
0.0027336862876617
0.003099091463634
0.0026111485955359
0.0032140147099536
0.0031013681583138
0.0026934728995102
0.003115682461142
0.0026578095049003
0.0031500970412711
0.0031676401926253
0.0033580807994318
0.0033216327249096
0.0029503646122831
0.0033689644726869
0.0028102914041244
0.003267402669348
0.0032386508635529
0.002875436632781
0.0032464044275474
0.0027646053843886
0.0029918602638237
0.0024696176879338
0.0028588305421048
0.0028731790090761
0.0024450969432792
0.0029239995022855
0.0024713847191738