0.0067027818390514
0.0074337276938741
0.0073693653150234
0.0079544006663509
0.0080237299543969
0.0085310809975116
0.0085954400982518
0.0088738521324405
0.0092316469129932
0.0094039700350654
0.0093120636539797
0.010955079683163
0.011707016442578
0.0115355681817174
0.0129524774821895
0.0140911239528219
0.0158755610415338
0.0175339276185637
0.0175533120171877
0.0189174529801098
0.0196238465775541
0.0213279802721765
0.0206704687343493
0.0203756007087538
0.0194142362547862
0.0205957786277924
0.0212778574213766
0.0230131471432916
0.0239721487517714
0.0248858373826666
0.0255777737624343
0.0237630461749998
0.0272641437983858
0.0298726769543589
0.0322628777391187
0.0337669488083533
0.0348544973327697
0.035534142537246
0.035899526344452
0.0367099290041728
0.0369473169835654
0.0375059063152507
0.0380521813457222
0.0384911958486715
0.0386546642560579
0.038660283339504
0.0394322764085885
0.037298999220137
0.0393128743886416
0.039260436706677
0.0375289064316144
0.039931577339664
0.0401733312382939
0.0408993707786202
0.0403850966171423
0.0409324858737672
0.0388268847258972
0.0419755924687569
0.0422380015716375
0.0425354163114826