0.001040023626194
0.0010320503536686
0.0010327579600148
0.0010403337544861
0.0010524564048516
0.0010353867491821
0.0010493057499957
0.001043253959971
0.0009831465407833
0.0010390564770788
0.0010217949204198
0.0010160708219982
0.0010325127086562
0.0009804152467586
0.0009863499647008
0.0010471296482045
0.0010470007265329
0.0010357718734887
0.0010435744722363
0.0009793916100094
0.0010441525172483
0.0010517115810491
0.0010009030558439
0.0010569461952205
0.0010416233783898
0.0009824610041956
0.0010391364926168
0.0010345935644373
0.0010142415258576
0.0010053558503325
0.0009930798667057
0.0009753263429996
0.0009496757524134
0.0009272881349802
0.0008987476477807
0.0008841159062656
0.0008167209171014
0.0008706799902874
0.0008751415937288
0.00087305550903
0.0008038632999245
0.0008472238383838
0.0008442350767789
0.000855826659432
0.0008439403581089
0.0008570800388153
0.0008421746752477
0.0008445530325067
0.0008472972295153
0.0008487928709217
0.0008478858788986
0.0008715832138904
0.0008757851834438
0.0008776663259531
0.0008702000506115
0.0008833471937655
0.0008853682067983
0.0008847973305495
0.0008911982225446
0.0008966544893233