0.0
1.044971111e-06
1.0847924397e-06
1.0258865184e-06
1.0326205542e-06
9.595012418267548e-07
1.0029744823e-06
1.0337483617e-06
1.1163311841e-06
1.0192214504e-06
1.0801261177e-06
1.0376014032e-06
7.323693514065941e-07
7.322957328821015e-07
8.099994440635206e-07
7.804660298187619e-07
8.007547722859295e-07
7.653617717623699e-07
8.089500860585154e-07
8.097893547251563e-07
8.069190865624205e-07
7.919626032758327e-07
7.418281796272999e-07
7.369876409988326e-07
0.0
1.0410067795e-06
1.0024959918e-06
9.890001258155582e-07
1.0053900968e-06
1.1023298675e-06
9.251942025086628e-07
1.0108386148e-06
9.918167234449108e-07
9.87863772643224e-07
9.95981682263294e-07
0.0
0.0
8.631246187122166e-07
7.926959710691173e-07
8.106151362050095e-07
8.141543432659474e-07
8.418499819689855e-07
8.16319920498815e-07
8.703002963819026e-07
8.60166915381638e-07
8.440872850866873e-07
9.388875482625468e-07
8.490298412467483e-07
8.706135919714361e-07
9.105208755959472e-07
9.16542579592988e-07
9.4790666666666e-07
9.387073347857596e-07
9.40876749222056e-07
9.4377920560747e-07
9.4377920560747e-07
9.444342965696056e-07
9.288755546772478e-07
9.396626926432036e-07
9.431078197106988e-07