0.0056687532794414
0.0057037968022508
0.0054542321915823
0.0057442923343676
0.0059772211442015
0.0059419802732434
0.005728286865547
0.0059150671596434
0.0059198126626999
0.0057354217748771
0.0057724647163184
0.0056493109908178
0.0055211811104213
0.0055120427454227
0.0055829929943627
0.0052852362329978
0.0053669437613086
0.0053214192283439
0.0053490865854983
0.0049483528372506
0.0053339188367819
0.0052393843871719
0.0053988595667212
0.0053787806293979
0.005321222584191
0.0052477479408119
0.0052402231777857
0.0051997330931568
0.0052830359071669
0.0051015531528587
0.0050832101865007
0.0049155812404455
0.0048575489420003
0.0046625189092468
0.0046942864749149
0.0045811457358103
0.0045887374683085
0.0044717471620227
0.004142327190511
0.0043623476039102
0.0043415453005927
0.0043184825550989
0.0043772766299483
0.0041850920860685
0.003943350415398
0.0041514774615229
0.0042266813704265
0.0042539984856952
0.0042678204038064
0.0041792997540759
0.0042814991649077
0.0043037236235845
0.0040388408139226
0.0042481956313539
0.0043153267806112
0.0042437744414168
0.0042822295129181
0.0039820091875974
0.0042448264788732
0.0042254848357203