0.001116749090119
0.0011237396697967
0.0011132628893031
0.0010566833989573
0.0010565906508503
0.0011285775139919
0.0011281978319782
0.001134278909789
0.0011273486800036
0.0011389226085211
0.0011380496993696
0.0011456074393647
0.001149859631767
0.0011705093747733
0.0011585304312307
0.0010853112635386
0.0011466565186048
0.0011514335536441
0.0011281327649934
0.0011262769416015
0.0011107301837841
0.0011085135135135
0.0011059064221526
0.0011029600446951
0.0010962521250318
0.0010462664897221
0.0010879914763855
0.0010145645070679
0.0010597955478083
0.0010721062273057
0.0010588309465844
0.0010432593637546
0.0010367088917736
0.00102320989407
0.0009963573261065
0.0009892143690311
0.0009689126484008
0.0009798764144461
0.0009893590289684
0.0010044813761935
0.0009901690158637
0.0010016241074186
0.0010076702160075
0.0010148818948342
0.0010042275949957
0.0010092107200029
0.0010070350126714
0.001017444446457
0.0010132950410577
0.0010059658815186
0.0009936184508395
0.0009990522506848
0.000989849766692
0.000992333235671
0.0009405115024538
0.0009938933565841
0.0009977863901085
0.000999705299338
0.0009942413325192
0.0009957604383845