0.0061365649818526
0.0060557362900548
0.0064365820215947
0.0063855968827294
0.0059491404523373
0.006390191891708
0.0064613450419645
0.0062870086959678
0.0063166560859
0.0059260150047891
0.0063232485747697
0.0064896444678764
0.0070732328222191
0.0074228387899519
0.008667446047212
0.0092430936416396
0.0102500377035596
0.0107395553870757
0.0117382435493564
0.0126729444615175
0.0124714725399731
0.0140759809855778
0.0142738570532353
0.0144829866942208
0.0145528065357111
0.0146180827695043
0.0157395013370324
0.0163947444043567
0.0158325879903989
0.0172925771285292
0.0180591056538391
0.0192594818257
0.0207249000536624
0.0216322133704735
0.0233175428785032
0.0244690637536986
0.0258560114423109
0.0260317535483158
0.027274359200576
0.0268292894623006
0.028358363847515
0.0291420993517372
0.029641011524447
0.029749622026743
0.0282011315669605
0.0296657297262912
0.0301096687670299
0.0303901722093063
0.0289682173647602
0.0307597946138397
0.02998951942145
0.0282519395557101
0.0300019652070789
0.0301677302076018
0.0285344052743853
0.0306304043539097
0.0310489277042447
0.0311531937795119
0.0311980792094829
0.029671636155165