0.0069718460807299
0.0078166673780435
0.0086971179109496
0.0094841935100877
0.0106124165733643
0.0114188179081428
0.0126782675682898
0.0140697004592614
0.0161690363554051
0.017425312439099
0.01846683437093
0.0195418728830371
0.0210121907486147
0.0225900586122935
0.0245772148236182
0.0256568771122439
0.027237851148496
0.0285063580108225
0.0292988885750462
0.0300598948574221
0.0316553054763514
0.0329142149085515
0.0343406033697862
0.0360953603497234
0.0372396426253398
0.0380235997603492
0.0389539422254102
0.0396712682345086
0.0411594429216254
0.0428640774055525
0.0450172665411823
0.0459459724163847
0.0472914626908444
0.0481360594825217
0.0481103852159207
0.0489209597381057
0.0504217369972299
0.0520399910231764
0.0531209060058346
0.0535571600305787
0.0541564351853545
0.0538193591302509
0.0540437658587546
0.0537750715195841
0.0543416528296403
0.0545021216886083
0.0547950463658454
0.0551371083225911
0.0542155969142654
0.0535949542205681
0.0541954382550528
0.0540484874052645
0.0546440086864036
0.0543691407250676
0.0542524615219337
0.0539493190039511
0.0545586123187703
0.0542777880433791
0.0536000813690532
0.0535331793013744