0.0018678356364297
0.0018817726995163
0.0018902466937757
0.0018870303797004
0.0019168001674062
0.0019520540254432
0.0019538312162022
0.0019489082068958
0.0019881292530741
0.0019845085089593
0.00201811471399
0.0020124524686009
0.0020273678710972
0.0020410879336689
0.0020699020445259
0.0020635316595472
0.002067477945911
0.0020625071805514
0.0020440078954863
0.0020510262801153
0.0020665399593563
0.0020667845857851
0.0020812817250377
0.0020491940004383
0.0020589604300603
0.0020558766605535
0.0020525289747942
0.0020407606005168
0.0020571654038367
0.0020748335291738
0.0020884532531238
0.0020596054853088
0.0020689397577317
0.0020687817757098
0.0020971751757984
0.0020855808457273
0.0020870645557658
0.0020953410799973
0.0021008204460959
0.0020680425845146
0.0020701121256133
0.0020486171013761
0.0020778456466273
0.0021441304845737
0.002242917951737
0.0022512685481828
0.0022712728537931
0.0022770418796549
0.0022499819606426
0.002277494248465
0.0023127710902984
0.002325631778781
0.0023332428084764
0.0023265223886017
0.0022769623828523
0.0021664336903097
0.0021696769239104
0.0021813323597367
0.0021497826394047
0.002162140810797