0.00687078328207
0.0074460674947681
0.0082480375597918
0.0082935790411095
0.0089855424134982
0.0094099939540564
0.0103838113792139
0.0107698918869729
0.0115932591137132
0.0119774368035805
0.0121245991003319
0.0118772375823815
0.0117806916455324
0.0115764848283662
0.0119904937841956
0.012111042063011
0.0121813723301722
0.0117333267141517
0.0122020582133887
0.0119400879923051
0.0118661384098677
0.011668262744229
0.0117314407558284
0.0117762187253258
0.0121710775277159
0.0120666448067249
0.0121042198946907
0.0122902511516426
0.0126157676990661
0.0119763009084653
0.0124033545901307
0.0124599276932939
0.0124612506233079
0.0124004589703325
0.012659929195065
0.0120957390689639
0.0121546230686347
0.0119066121215543
0.0116691334763063
0.0113472150163238
0.0117683442243563
0.0112676658179803
0.0114986771302186
0.0114107794321581
0.0115773128135707
0.0111250918241059
0.0113631282435969
0.0113844089211447
0.0115741423821282
0.0116206133134986
0.0119556549391157
0.0114609740554112
0.011841793491447
0.0117387434982353
0.012129098142228
0.0120341295411188
0.0120861589158497
0.0119882486928579
0.0119832208480756
0.0118844919420433