0.0025919301396474
0.0044194398175397
0.0067470324867342
0.0089599344136226
0.0111861184545473
0.0136601032886612
0.0159605651571714
0.0183501615773091
0.0207291542109553
0.0228130362348597
0.0248520759512078
0.0258103512895158
0.0261790386572485
0.0263721631140444
0.0261214063133537
0.0260706619792122
0.0261469591555356
0.0262334195766498
0.0259614493870532
0.0262071807761244
0.0263210203301385
0.0262438856747065
0.0262482151531946
0.0265851245369841
0.0264247033974911
0.0264909295830232
0.0265672594609482
0.0264505413297552
0.0265789298330052
0.0265323084423885
0.0262461384408857
0.02594812599042
0.0260964816607827
0.0257077149405049
0.0258062561928303
0.0257002235709767
0.0258199191716677
0.0257435374034951
0.0260647103257607
0.0256611464493852
0.0256516056563133
0.025607118379601
0.0258355937733548
0.0259575877270799
0.0260216406873859
0.0256339051143162
0.0257654499024924
0.0258220064491293
0.0258341491776865
0.0254837415446223
0.0259203593148991
0.0258191924206237
0.0259850006749064
0.0259143633364037
0.0257122775524578
0.0262047169380774
0.0262223471642442
0.0264945546551435
0.0264582353164138
0.0263669151391686