0.001760989282754
0.0017224508007838
0.0017373382380465
0.0017292020932295
0.001782692748364
0.0017488017003465
0.0017916215160941
0.001808832732832
0.0018369095219861
0.001882689110366
0.0018966884282564
0.0018959018051357
0.0018563762204
0.0018462040281002
0.0018554368365381
0.001865487742009
0.0019087532483795
0.0019121843779191
0.0018707215446026
0.0018565246089265
0.0018193867901823
0.0018017626694022
0.0018094802141783
0.0018452888984427
0.0018454286739768
0.0018469807778922
0.0018957612794906
0.0017966575782602
0.0018095731806582
0.0018525837127877
0.0018670060510839
0.0018666109427472
0.00192636239898
0.0018956360895921
0.0019011479241117
0.0019071539978982
0.0019034062873698
0.0018948764450623
0.0019101099961767
0.0018975756688286
0.0019114249253359
0.0019082273517704
0.0019161727069472
0.0018652668788736
0.0019630656359569
0.0019231831864499
0.00192873044296
0.0019659451980643
0.0019207154282761
0.0019616371851487
0.0019734219002477
0.001846440845715
0.001857231561299
0.0019111537767855
0.001915119085814
0.0018707070110874
0.0019715209033254
0.0019273161963186
0.0019552977853985
0.001906315055334