0.0052375483293445
0.005090431788151
0.0052585702274242
0.0051579817352428
0.0053089090262061
0.0052016396997799
0.0053655346240838
0.0052534524755525
0.0054627101798594
0.0053489021086541
0.0054644843927919
0.0054022410247982
0.0055533543799875
0.0053830108425612
0.0056004942988706
0.0054322525800694
0.0057011617827851
0.0055121265444472
0.0056370498837996
0.0055238391555256
0.0056661909408047
0.0055084941722023
0.0056004094759514
0.0054613214200926
0.0056206902760883
0.0053900054484117
0.0055828243010448
0.005353318188398
0.0054902871503738
0.0053507524908048
0.0054615188256882
0.0052906632206029
0.0054193693275859
0.0053209956168739
0.0053792295690524
0.005268715948205
0.0053591086347854
0.0051789603269348
0.0052628055119833
0.005151175687501
0.0052222247950707
0.0051139733234059
0.0052389602089527
0.0051066032066356
0.0052142944113413
0.0051194455597331
0.0052016822387519
0.0051384573523117
0.0052575013210526
0.0051763671119636
0.0053007502695194
0.0052043154008438
0.0053388914613348
0.0052145553974457
0.0053679930452058
0.0052909669938203
0.0054312814632224
0.0053251598459743
0.0053906312811306
0.0052137038910779