0.0146179114349977
0.0145519969464283
0.0148560986193288
0.0146840790051337
0.0150022254610241
0.0147750521312314
0.0149605074011649
0.0146298816715829
0.0148414467225789
0.0050359462115148
0.0140357857485221
0.0142580546636225
0.0143707721825184
0.0141978295591737
0.014253668422572
0.0140844875433273
0.0142424766599959
0.0138846372084714
0.01412200816679
0.0140378330228774
0.0141529678390682
0.0049448945205219
0.0148957888430348
0.0147008939558054
0.014901382271317
0.0148623034636626
0.0151210429285017
0.0150466358400769
0.0149957267525292
0.0150024087410713
0.0148874927034288
0.0150532932037037
0.0148030035917231
0.0050405266614083
0.0141278982091171
0.0140680621792771
0.0143268087141724
0.0140353927860424
0.0141776434058087
0.0142842429503093
0.0140671409062364
0.0139963181120564
0.014187708075324
0.0139546490554472
0.0140375616702047
0.004978506112469
0.0153489372760833
0.0150277080349615
0.015311483608793
0.0149478397641446
0.0151881430804332
0.0152619324975363
0.0153582963670084
0.0152315414181334
0.0157125599431874
0.0153104314696688
0.0157284412416857
0.0051243460583205
0.0141035535016448
0.0139894458492282