0.001111303961634
0.0011093074017172
0.00110065666536
0.0011070875566949
0.001102465826871
0.0011093889012003
0.001102396425953
0.0011067802027777
0.001095193993403
0.0011118278749568
0.0011167980067926
0.0011261459945993
0.0011334526595548
0.0011647576028134
0.0011599978062157
0.0011719713658367
0.0011685609804272
0.0011724766616673
0.0011701683745227
0.001175253134198
0.0011596477873181
0.0011568144753417
0.0011381623875354
0.0011337766674993
0.0011009141354178
0.0011098552038674
0.0011008643324064
0.0011093688896262
0.0011056923260949
0.0010982496863012
0.0010948359025179
0.0011030381561456
0.0010933695246301
0.0011027770717738
0.0010991492698854
0.0011133243452031
0.0010996080614888
0.001099802280531
0.0010891907790142
0.0010915030126924
0.0010922203636362
0.0010930337813936
0.0010870762321216
0.0010973378835247
0.0010925699260264
0.0010919354551726
0.0010780015336869
0.0010902762044178
0.001086462399941
0.0010912528254648
0.0010834882516632
0.001084175719415
0.001081032444461
0.0010782950203402
0.0010735102563172
0.0010772105866137
0.0010784420012804
0.0010893707473736
0.0010825428707527
0.001086923668618