0.001996433232351
0.0019745696246355
0.0019756664330008
0.0020015859107169
0.0020092266549049
0.0020213291522886
0.0020352466888022
0.0020192413089052
0.0020344007255755
0.0020162552065206
0.0020335931323976
0.0020272634928624
0.0020486687365699
0.0020395972758394
0.0020463944679383
0.0020357985251224
0.0020530421046867
0.0020283758096207
0.0020560149764343
0.0020582278320133
0.002082812182091
0.0020500118412397
0.0020559015151514
0.0020309204330516
0.0020361799726932
0.0020440826990444
0.00204423679908
0.0020241201185271
0.00202277810253
0.002001727913061
0.0020086116511884
0.0019755075711033
0.0020044584924808
0.001966762922348
0.0019883267366209
0.0019898938873058
0.0019735637996049
0.0019698621172483
0.0019994268731855
0.0019794143615946
0.001996554101541
0.0019514917587328
0.0019765190445677
0.0019731781239357
0.0020101753704817
0.0019926867310587
0.0020034771462457
0.0019979090296373
0.0019820774056712
0.0019483528766038
0.001967512235389
0.0019436711139425
0.0019676195622359
0.0019472076991118
0.0019725806001652
0.0019534398724429
0.0019653851613254
0.0019358712374582
0.0019285389305899
0.0019533084603643