0.0059104750766311
0.005761184760106
0.0058180834105652
0.0056162593504917
0.0057711709850204
0.005743860480385
0.0058865894447756
0.0057108760309373
0.0058117186332573
0.0056146117914404
0.0057682814317755
0.0060455804930254
0.0064768248618283
0.0066577226114765
0.0071085529333799
0.0074282779565493
0.0080019522453293
0.0077750534792076
0.0080562736498201
0.0079912246248655
0.0081314798889674
0.0078844145802253
0.0078100525046685
0.0075330301549552
0.0072892882511376
0.006935096564763
0.0066240855034168
0.0059563303872585
0.0060311515151514
0.0059085382916187
0.0060575977481535
0.0059892542617579
0.0061171570335276
0.0059134666841062
0.0058921186194895
0.0058769260185267
0.0059123538978418
0.005785348252205
0.0059202716555323
0.0058471854879732
0.0059420743929956
0.0056969936584494
0.0058141564640565
0.0057226246989513
0.0058146912194231
0.0057057812393507
0.0056854208403846
0.005573060010842
0.0057648318715014
0.0056321867470958
0.0057575034875996
0.0054900889774237
0.0056663444581032
0.0056546976423676
0.0057333543994978
0.0055465920955185
0.005774307579668
0.0057405922521461
0.005915276338261
0.0057116735365496