0.0010416638093363
0.001051140323516
0.001055735430001
0.0010689850207541
0.0010745590888858
0.0010923897721205
0.0010868643999924
0.00109866046737
0.0010854588682238
0.0010971755159573
0.0011131464550888
0.0011227934654706
0.0011616478811304
0.0011636328997959
0.0011465379668204
0.0011348878162938
0.0011188154843602
0.0011323465416822
0.001132046516297
0.001150400130845
0.0011466640130565
0.0011441279675417
0.0011325325594511
0.0010937522279744
0.0010911048636586
0.0011071526887199
0.0011106069418208
0.0011186239893655
0.0011021193698604
0.0011041652608448
0.0010983704400897
0.0010973381035635
0.0010838116647273
0.0010810509791285
0.0010613790322575
0.0010632708622638
0.0010502589785832
0.0010581608577168
0.0010552638904036
0.0010648308982339
0.0010862150377592
0.0011008902385558
0.0011094768951096
0.0011250579923197
0.001129307166362
0.0011405135090703
0.0011284516340108
0.001126725991426
0.0011196887326765
0.0011634226057096
0.0011638922108431
0.0011523531379385
0.0011273342656089
0.0011185607420161
0.0011054369405721
0.0011064916840873
0.0011036949089278
0.0011046441320113
0.0011056800941811
0.0011061496124596