0.0059283923175828
0.0059421901836107
0.0057767881338835
0.0057445498312955
0.0055755220735724
0.005451773266201
0.0052901355916777
0.0052544046630184
0.0050973693856667
0.0052971433300411
0.0054368554832284
0.0058191502189968
0.0061059563889544
0.0064497914327755
0.0066926128481151
0.0070868470668509
0.0075213232463937
0.007641410383323
0.0077397934379667
0.0077480479483129
0.0076558526557197
0.007638088430744
0.0074064356790759
0.0070651915377282
0.0067098611009644
0.0066707422168719
0.0061089487779228
0.0058874111897414
0.0057095015004574
0.0058223698667244
0.0057336650328859
0.0058254432661528
0.0056937104904259
0.0058173788036458
0.0059183326378809
0.0059935040245031
0.0057635703635818
0.0061033559053972
0.0062117947759211
0.006538270707689
0.006546229718315
0.0067842102695381
0.006821161538321
0.0070018400086794
0.006903345330506
0.0070731586756322
0.0068683007258391
0.0070589553506836
0.0067974311311848
0.0067658824710737
0.0064446948141348
0.0064663544585117
0.0062316861093971
0.0061150792172837
0.0059143528467426
0.0059331482742299
0.0057592985312556
0.0059685073116266
0.0059031779590508
0.0060276001316936