0.0012157586419752
0.0012147480106592
0.0012176301813929
0.0012212578767737
0.0011828424230115
0.0011675848013628
0.0011852755589852
0.0011770387176369
0.0011801818149534
0.0011624163215188
0.0016902571158873
0.0033491032243945
0.0050764406646579
0.0069346294394363
0.010719941822848
0.0123855423824737
0.0145540682784074
0.0142467135465915
0.0147475612195844
0.0144771946722799
0.0145414926352633
0.0138626755138838
0.0123559954969737
0.0104173730792542
0.0086865517832829
0.0048818829971391
0.0033236516915642
0.0014181515879611
0.0011438105116039
0.0011161546439849
0.0011316989515359
0.001129457164994
0.0011416103657416
0.0011280732767992
0.0011378446696407
0.0011231972258029
0.0011695890631577
0.0015187175244653
0.0032531049390407
0.0042509221877744
0.004960943519717
0.0060181144154411
0.0061873133893802
0.0067077272875224
0.0068672117945115
0.0068490786077
0.0068530403708353
0.0066564601787415
0.0062768311177112
0.004656234209159
0.0036212997007978
0.0029156895851464
0.0018402442313012
0.0016811463870132
0.0011318927901172
0.0011033533120145
0.0011031282606765
0.0011032630008754
0.0011164882414883
0.0011018265244953