0.0057102761299949
0.0059708394011004
0.0057698660614374
0.0058598671399595
0.0056727774445003
0.0058493938406869
0.005780449443388
0.0058186027097427
0.0057652935806404
0.0059189868439715
0.0057715072596277
0.0058112454565084
0.0055534308218319
0.0056105551265242
0.005472691429496
0.0056822820755593
0.005550220291099
0.0056487049008632
0.0055714636092648
0.0057558305338768
0.0055400878518136
0.0056669806341543
0.0056657323530469
0.0058166699052046
0.0057528739008904
0.0058471887703946
0.005739621314904
0.0057786339140746
0.0056758497658501
0.0057532642825052
0.0055779539174711
0.0056605500784305
0.0055570962286087
0.0055447326875629
0.0053910174982265
0.0055807184342072
0.0053768373475361
0.0054731144467305
0.005299587708399
0.0052611657695087
0.005266843114393
0.0053549970772442
0.0052677103468345
0.0054519464647756
0.0053431886144401
0.0055417415753258
0.0052979659889761
0.005523273332848
0.0054244225272726
0.0055630760613628
0.0056534408948009
0.0057120339714208
0.0055855339258888
0.0057904717669843
0.0055634861129075
0.0055544200430756
0.0054291632260898
0.005578344303017
0.0054542603289941
0.00555066780847