0.0060404464590141
0.0060420655618018
0.0058849223497513
0.0060874868153788
0.0059045533630193
0.0060510383389473
0.0059746454151625
0.0060600532353865
0.0060187152422647
0.0060719735144802
0.0060424502763454
0.0061383122080032
0.00591183065853
0.0059719826169695
0.0057646242379555
0.005841153483055
0.0055671164552272
0.0055436199918836
0.0055480159971241
0.0054606677416434
0.0053787949293081
0.0053908186091894
0.0053521691074735
0.0056907395734076
0.0056287609681751
0.0057710566214233
0.005686613150952
0.0059172387669145
0.0058280255987379
0.0057976277385712
0.0059711462668632
0.0061561705124959
0.0061008640478945
0.006123943951246
0.0058595410749044
0.0058026947689462
0.0057745543145738
0.0060000854232974
0.0057470178441634
0.0058183974993204
0.0057384687590031
0.0054848418507907
0.0054110660544168
0.005653319165547
0.0055358686742854
0.0056311563054097
0.0057086073631913
0.0057426764123256
0.0054856014350945
0.0056638141422578
0.0056674686833638
0.0057984598722425
0.005838008086155
0.005818986541197
0.0055775982367291
0.0057462955128674
0.0056786394161647
0.0057470836058329
0.005650080598044
0.0058049046815764