0.0010433546512691
0.0010514865516294
0.0010453095315374
0.0010414347090103
0.0010369672323319
0.001050515216568
0.0010472944526814
0.0010468021433146
0.0010422422137176
0.0010363827180804
0.0070361087470018
0.0219274426367196
0.0358686262451511
0.0531607458060335
0.0642949342060244
0.0837623832039252
0.0994293649325765
0.0987235594709658
0.1001226388715425
0.1015706195028326
0.1008431937733552
0.0931954535017012
0.07892935139889
0.0654947285077079
0.0465297437708171
0.0354237050279533
0.0172663734959808
0.0020291802898655
0.0011089415869882
0.0010582399905495
0.0010574303227649
0.0010629452613193
0.0010616367308148
0.0010605011519894
0.0010552642156874
0.0010574398534495
0.0012286768894141
0.0034311023979724
0.0107010141070969
0.0170816333272987
0.0211505880583487
0.0263078515403073
0.0329159110571291
0.0338289081538229
0.0333953783069256
0.0333208116975221
0.0326650440366967
0.0332030830752419
0.0305299534666783
0.0234655466227524
0.0174032512362363
0.0130959984987702
0.0082995822625166
0.0011200385830619
0.0011844922315246
0.0011470320617413
0.0011481945715328
0.0011507591663175
0.0011558514356602
0.0011544606870233