0.0010504712482213
0.0010510533701815
0.0010661256605349
0.0010655195937721
0.0010726458936407
0.0010734303132379
0.0010844224377466
0.0010852886191198
0.0010820705412682
0.0010830376779441
0.001093156201069
0.0010906732700134
0.0010976534382735
0.0010915037141062
0.0010948942071083
0.0010845578189336
0.0010803687647244
0.0010824027271085
0.0010836686225099
0.0010795231084437
0.0010711626801284
0.0010829903588257
0.0010889978209947
0.0010838346625206
0.0010684394175575
0.0010611880269511
0.0010643503486598
0.0010666673341721
0.0010518898785274
0.0010407570270029
0.0010376898023117
0.0010459747739342
0.0010212505317977
0.0010121191167924
0.0010130697933512
0.0010220355692329
0.0010227430321255
0.0010148140870069
0.001014726906318
0.0010228278635314
0.0010272724411198
0.0010227879858657
0.0010347606239914
0.0010372782066021
0.0010418410962952
0.0010345185273508
0.0010270539418325
0.001029543334
0.0010402225240709
0.001041385776777
0.0010367307010328
0.0010330473677482
0.0010380325916583
0.0010271106818264
0.0010345223861448
0.0010212357833796
0.0010316311967501
0.0010326377559332
0.0010245954056991
0.0010199476530704