0.0010259297230093
0.0010694648027084
0.0010611147251923
0.0010499058919941
0.0010327217052695
0.0010306295732824
0.0010385505725542
0.0009736483878632
0.0010423924903901
0.0010422079429735
0.0010581485856783
0.0010549727807387
0.0010639065694667
0.0010599489473861
0.0010703070225285
0.0010604452788131
0.0009953018057281
0.0010629386314101
0.0010786788078259
0.0010735370257142
0.0010778883623339
0.001061741086161
0.0010729294961926
0.0010598498074453
0.0010757954333558
0.0010686854878381
0.001083984139
0.0010787323117976
0.0010734721205129
0.0010660814453397
0.0010579012212572
0.0010441618531455
0.0010586567538844
0.0010575517033409
0.0010629034156963
0.0010472660772744
0.0010558636974326
0.0009776667536249
0.0010378966911543
0.0010400207566063
0.0010502276118018
0.0010528701195623
0.0010554319013871
0.0010570039686497
0.0010555326703768
0.0010487283472405
0.0010582177260201
0.001047091964493
0.001068479929745
0.0010700321159223
0.0010754897762116
0.0010697753848923
0.0010687323985738
0.0010614214371606
0.0010141758617182
0.0010710932392336
0.0010778898561281
0.0010706156851902
0.0010800815024805
0.0010736461207848