0.0069699771326925
0.0067561114072535
0.0066854912862625
0.006787921985946
0.0065247503388698
0.0065587651903
0.0059454484223891
0.0061844964635519
0.0061473078252577
0.0062024813334813
0.0056001532019407
0.0060511159554365
0.0058207511787908
0.0057700665806319
0.0054082546249314
0.0055517459453105
0.0053772215507102
0.0057109921833033
0.0057687504372483
0.0053885256679835
0.0058815441106745
0.0055421035229602
0.00571871325826
0.005825623667359
0.0055658602950499
0.0062698345815098
0.0060985679646195
0.0058075799547253
0.0058080550339915
0.0059772586695748
0.0057336570787778
0.0057181878293388
0.0053786348743679
0.0057682661004119
0.0058588742824747
0.0058063726810651
0.005811229671945
0.0057996327692838
0.0056651151982377
0.0057326884746158
0.0055095311011689
0.005731879879128
0.0055664681227755
0.0055561087441487
0.0055561087441487
0.0054082699438984
0.0053988335895183
0.0054774554833989
0.005561552010315
0.0058910918928735
0.0058869833017355
0.0060221864825061
0.0060979024430474
0.0064768467620344
0.0063071694100137
0.006512342885505
0.0064781506439858
0.0065881055102629
0.0064526516467038
0.006075545156353