0.0384492889958789
0.0396088959246388
0.0306007911292789
0.0292571930609954
0.0178365072694059
0.0118253696137182
0.0109538646848476
0.0018282589792401
0.0017719122072855
0.0010270873501289
0.0011274178303092
0.0011354142887927
0.0011442187790185
0.0011518024824915
0.001155225247978
0.001155225247978
0.0031923950400026
0.0062524998179153
0.0104423993318899
0.011259832259966
0.0180588617772297
0.041612528792124
0.0453474550584442
0.0518925133817289
0.0568922378274214
0.0551985949671451
0.0566408691442566
0.0528802013095236
0.0507511185722499
0.0473008103904627
0.0461260958774504
0.043669658531708
0.0127786908738222
0.005765157834122
0.005765157834122
0.0046177428393518
0.0036153939889964
0.0016307575955794
0.0011458333392733
0.0011668481583941
0.0011603203287302
0.0011098399039975
0.0011601395137048
0.0011564189798901
0.0011491734502322
0.0011543861715341
0.001152260613015
0.0026080393573428
0.0062201686051821
0.0140135521263139
0.014502279768887
0.0263645705461682
0.027480595717939
0.0251219882459462
0.0252688162841713
0.0274312779860348
0.025363813266275
0.0251699624813081
0.0249988363084311
0.023831481011163