0.0055387895112836
0.005615821062887
0.0053234877956945
0.0054776352745424
0.0055595071604486
0.0053749485594821
0.0054740029872913
0.0054920774039074
0.0054668662277476
0.0053841133444621
0.0056496762788
0.0055917890536954
0.0056569798313502
0.005639238346493
0.0057315999629611
0.0057782792938263
0.0057896732444378
0.0055705289671632
0.0055889324855952
0.0056747969903
0.0057880961731432
0.00591327719896
0.0060068332488319
0.0059746235583208
0.0060621513426133
0.0058798144333687
0.0054561352759503
0.0059593828134898
0.0057720525946369
0.0060158033719314
0.0060946671858514
0.0060204392485769
0.0059532658881501
0.0061090504018725
0.0058922321066785
0.0059518593533607
0.0060892208652228
0.0058631145551562
0.0055172263304296
0.0057640977759126
0.0057801479632152
0.0057960204706611
0.0056278531367499
0.0055612991411167
0.0055393424569519
0.005505986732518
0.0055135200600337
0.0054612767933722
0.0055681339962888
0.0055175375117139
0.0055446112758145
0.0051334712038416
0.0054963893944378
0.0056859744607791
0.0057463065247314
0.0053481008310261
0.005806272501723
0.0056869504814304
0.0053890310733592
0.00572056959018