0.0010677204176547
0.0010514309109152
0.001053520193834
0.001037735951673
0.0010459850968209
0.0010398702690678
0.0009783138880415
0.0010405175491587
0.0010456130243987
0.0010374998097312
0.0010415568153099
0.000982102429255
0.0010514578324343
0.0009930773842493
0.0010615060005121
0.0010527836495605
0.0010593032543839
0.0009864223104396
0.0010561246981062
0.0010669554263566
0.001085379430617
0.0010822097433923
0.00108906756041
0.00108906756041
0.001048477673035
0.0010369929210363
0.0011132750959805
0.0011068189017378
0.0010535521109493
0.0011703672817086
0.0011560521381659
0.0011521968046606
0.0011509702891611
0.0011453376807327
0.001085321998094
0.0011417284854637
0.0011316684868487
0.0011158418656603
0.001115799292517
0.0010480392498349
0.001055357615894
0.0010563367833993
0.0010551289424009
0.0010559917142958
0.001061498714856
0.0010593939910343
0.0010592647853342
0.0010640070192649
0.0010018828890964
0.0010841510609449
0.0010952622295302
0.0010155564284465
0.0011123863000654
0.0011029150058515
0.0011101668863744
0.0011047707932156
0.0011070834716059
0.0011128588015794
0.0011241607389717
0.0011181804086245