0.0010151051637068
0.0010093142174192
0.0010189440518897
0.0010321056324021
0.0010245552689685
0.0010267509700367
0.0010155244087173
0.001032122186904
0.0010254469632858
0.001023737523832
0.0010187993514314
0.0010163135743519
0.0010233292178027
0.000968466367738
0.0010133879147327
0.0010044835266742
0.0009911267650672
0.0009954450944342
0.0009970056611744
0.0009951871794434
0.0009963780836146
0.0009924352530071
0.0009953505372114
0.0009916170061017
0.0010051876811192
0.0009543350840302
0.0010358205680416
0.0009793751562204
0.0010326465386806
0.0010450522152754
0.0010537692516612
0.0010602267491897
0.0010062539060147
0.0010724218010359
0.0009858336786166
0.001042648234958
0.0010278985948564
0.0010303866116492
0.0010309778390297
0.0009777731341853
0.0010144639838961
0.001007829641911
0.0010012890445401
0.0009941626762387
0.0009973337814674
0.0010031493013224
0.0010093058921218
0.0009687149727651
0.0010211096949811
0.0009680021455756
0.0010333392055011
0.0010387514469291
0.0010359670814272
0.0010748291777712
0.0010619960268727
0.0010639906000655
0.0010593049119373
0.0010466621717918
0.0009255530349999
0.0010471231926284