0.0906791232891775
0.0891415845820842
0.0917261082308598
0.0905200509637567
0.0928733359781742
0.0935722236632645
0.0936926762138821
0.0947699951277827
0.0939020648827375
0.0947481634568537
0.0951637265155018
0.0951655379912192
0.0949921320236468
0.0938556684057442
0.0916833612810348
0.091585313024752
0.0906877833771081
0.0895436181558596
0.0892283280967203
0.0897061305731315
0.0885229177956486
0.087375508206588
0.0880319498934093
0.0883651676764343
0.0881854272464386
0.0891122738850017
0.0887894750782557
0.090833697094911
0.0917482126840162
0.0896933249586169
0.0922315512786293
0.0930833416266903
0.0938426653440115
0.0943978431613505
0.093700409593628
0.0924813897000172
0.0928011133411613
0.0913262609675607
0.0902024975753117
0.0896213940210411
0.0927509861399741
0.090419712169946
0.0895321955769533
0.0892684792294897
0.0900002304326593
0.0903860295560373
0.0913023426844445
0.0918142690849647
0.0939611198359
0.0949427557599563
0.0951501247759053
0.0934239686254053
0.0941555884854545
0.0948344582441515
0.0959401401413552
0.0945776917856827
0.0942381451329082
0.0948591669915646
0.0945195361792919
0.0932827053809463