0.0017716450642201
0.0017723846634305
0.0017615375676361
0.0017719636149809
0.0017589966460079
0.0017664119203857
0.0017757470290817
0.001767080150686
0.0017664588059487
0.0017729884191712
0.0017640815939621
0.001882040817822
0.0019335599321071
0.0019353738812851
0.0019122920007222
0.0019322147283471
0.0019234211404829
0.0019229211024388
0.0019173636860317
0.0019339378214879
0.0019353360128324
0.0019484133536375
0.0018683282177317
0.0018860166547535
0.0019486952705818
0.0020058161603508
0.0021543784165275
0.0022291103767966
0.002275663202506
0.0023421830131075
0.0024011635676131
0.00245630586247
0.0025023148257954
0.0025106668723121
0.0024858437124657
0.0024705820851741
0.0025290964658691
0.0024209564527889
0.0024278635553714
0.0024911840952122
0.0025509504732269
0.0025628485565809
0.0025799230714388
0.0025710836392048
0.0025458504414614
0.0025434903261267
0.0025104875240621
0.0025279030381736
0.0025059766352643
0.0024974362067077
0.0025392472853444
0.0024903073084614
0.0024953660649688
0.0024764372772628
0.0024973227786455
0.0025382600070063
0.0025415066616525
0.002576916161128
0.0024804847701981
0.0025881728307769