0.0011695780147031
0.0011654349064649
0.0011526782300757
0.0011682177090475
0.0011632061105809
0.0011762876644007
0.0011628175556564
0.0011640298543154
0.0011629335602276
0.0011801868803426
0.0011794120390613
0.0011683338872232
0.0011699360216715
0.0011813759514317
0.0011704913717461
0.0011737919772351
0.0011654540663465
0.0011742971279562
0.0011737425069353
0.0011773032131787
0.0011698431641599
0.0011723945595208
0.0011779494311458
0.0011827190014328
0.0011758642945724
0.0011815606789148
0.0011860964191822
0.0011949413700544
0.001192165229465
0.0012050426989507
0.0011964858879257
0.001202464099934
0.0011936143099693
0.0011969769760828
0.0011874935950787
0.0011910602160298
0.0011853207395204
0.0011886883524178
0.0011840509221478
0.0011872920528494
0.0011732387743054
0.0011856489150777
0.0011779521060784
0.0011934915686346
0.0011959923939295
0.0012092701870146
0.0012057946322876
0.0012213572250323
0.0012155973990392
0.0012149482761747
0.001216566724469
0.00121875433967
0.0012092690004355
0.0012151259579773
0.0011944121740693
0.0011949477815509
0.0011740428302056
0.001181448558482
0.0011665080512049
0.0011724263892641