0.00561310405579
0.0055630543522536
0.0056340517921766
0.0055105771391964
0.0055207526157502
0.0054258487091532
0.0057534150596877
0.0056674878368902
0.0055870999121375
0.0054125704074208
0.0054375472161672
0.0052089191886143
0.0052798079102181
0.0051641464620847
0.0053424732853217
0.0053103725536949
0.005379289518424
0.0050849138948595
0.0052175725163161
0.005206633423923
0.0053823978556419
0.0054523834635066
0.0056200668413434
0.0055781756056338
0.0057272184092484
0.0057049877060427
0.005836225110213
0.0057424396928443
0.0059826990697927
0.0059195672765232
0.0061185789976391
0.0060821699673638
0.0061442641851106
0.0059893805639297
0.0061131510942535
0.0059742365038096
0.0060454938518518
0.0059144896912839
0.0060591430200268
0.005900851212264
0.0060034645919804
0.005802040612625
0.0059673725146199
0.0056413773608617
0.005798178365622
0.0057668457799707
0.0057890839342004
0.0056791138908359
0.0056825930742229
0.0055310865757515
0.0056824537677905
0.0054866220716603
0.0054761434442625
0.0052463841566533
0.0055641427892002
0.0054641344294894
0.0054026276919247
0.0052920353012224
0.005309422825688
0.0052530116751177