0.001164530876406
0.00115855195887
0.0011665801987739
0.0011679128798842
0.0011809989561774
0.0011739570202652
0.0011739621078315
0.0011706172307012
0.0011816259974685
0.0012023705071261
0.0012281768750337
0.0012194125786163
0.0012290288021832
0.0012134753499263
0.001227544028423
0.0012193716728803
0.001226313975161
0.0012179863821398
0.001221641865823
0.0012193274008225
0.0011813899554712
0.0011678508513515
0.0011677333067858
0.0011515714131568
0.0011555378094455
0.0011392457674892
0.0011496988706291
0.0011371073937415
0.0011500645747898
0.0011341277972795
0.0011387187899368
0.0011361252316076
0.0011326771708809
0.0011277774493705
0.0011347440332701
0.0011344082547817
0.0011507849091242
0.0011365210339584
0.0011486598522528
0.0011344562118125
0.0011501433814314
0.0011501721286589
0.0011518604235397
0.0011520414656266
0.0011647706594398
0.0011656522563242
0.0011734717702124
0.0011591890996795
0.0011737078670329
0.0011652920584877
0.0011744335766953
0.0011625424294656
0.0011610968419527
0.0011594939357517
0.001160433526646
0.0011509619296716
0.001152952258617
0.0011497435202096
0.0011463568900705
0.0011312491335881