0.0058225367362722
0.0056533317587668
0.0057043027696605
0.0055792064615384
0.0056955248133509
0.0056533724193548
0.0057667876778094
0.0054707446667281
0.0054542058812904
0.0053643903617987
0.0056349858578476
0.005556816823621
0.0058449140942096
0.0058721295140961
0.0062006152745418
0.0062851194919694
0.0063523607103422
0.006215036536847
0.0063177946998435
0.0062882226389172
0.0064058921735004
0.0061623224093433
0.0061251502388109
0.005927373839148
0.0059670046117526
0.0056891463502402
0.0056783884810634
0.0055362810908109
0.0055939482325778
0.0055501696132495
0.0056885691523147
0.005562817058409
0.0057495123379566
0.0057553377928852
0.0058996601426103
0.0056191051889605
0.0057684929434386
0.0057345882545039
0.0058168420183485
0.0057904125384229
0.0060032960582997
0.006050124956555
0.0061323250477322
0.005906531838967
0.0060347266004118
0.0059155965355467
0.0062440302376208
0.0059420695639492
0.0060348180055043
0.005885169910084
0.0059246658527037
0.0056541872705469
0.0056752760015967
0.0055221004771765
0.0057682556382805
0.0056976022067151
0.0058046527548604
0.0056392841845732
0.0058406383822799
0.0055538798667351