0.0056766151547374
0.0054177638991645
0.005502162704039
0.0053952251885208
0.0054447502657343
0.0054436487900946
0.0056354931284493
0.0055287576838389
0.0057412100184161
0.0058266175174576
0.0060016744433618
0.0058813798347524
0.0060646476891298
0.0059605977406857
0.0060846646723122
0.0060146796390796
0.0060677858410317
0.0057491982763312
0.0058226736397884
0.005627801836567
0.0056368563545809
0.0055274246861534
0.0056135567065317
0.0056126975017612
0.0056836947009049
0.0054280518110121
0.0056077168954806
0.005392743984114
0.0055964029353634
0.0055720908331972
0.0058138674005734
0.0056551152052069
0.0056673284750924
0.0054551122829348
0.0054658897036136
0.0053883910479143
0.0055912332345516
0.0054395929742303
0.0056478166203994
0.0055153222106734
0.005568289152318
0.0054544182323149
0.0055813505326353
0.005518909191223
0.0057221419470761
0.0056337802492564
0.0057338497785977
0.0055142185712216
0.0055340282695038
0.0053959268866623
0.0054324228938337
0.0053897201766758
0.0055413228680834
0.0055071369239452
0.0056250458551538
0.0055215312584233
0.0055151994950419
0.0055123538031219
0.0056432855490493
0.0056148857510808