0.0010748713788468
0.0010728688968608
0.0010675471418515
0.001052100987704
0.0010598662170979
0.0010567295294819
0.0010758400962424
0.0010752741695587
0.0010852898014258
0.0010704387191215
0.0070861875292336
0.0228382761897981
0.038550039556582
0.0514332610219891
0.0706160912712784
0.0850933843866849
0.1037001097733448
0.1173205822367221
0.1320214512862171
0.1416755235025071
0.1562280576803313
0.1663805813212269
0.1645540791855203
0.1625601518070968
0.161994664481357
0.1567922247013831
0.1566441354035025
0.1484123769210078
0.1424248252161385
0.1390191231258268
0.1431469160383825
0.1306602824074911
0.1174106777924832
0.1030795503286435
0.0889316614304752
0.0768526355890634
0.0677380047500275
0.0563074494016648
0.0503762031929545
0.0425694402619836
0.0337174385268917
0.0228647834666472
0.0219425415370311
0.0213493471832871
0.0219061500760429
0.0195716205860941
0.016231991355431
0.0176232724852667
0.01641912654596
0.0130447809041524
0.0114178453267463
0.0109360874143804
0.0093714712244748
0.0129242440290952
0.0145929219557027
0.0143141311951209
0.0147115756817842
0.014260365104005
0.0117176448401267
0.0102915119532886