0.0055291660212094
0.0056974584812179
0.005754665455517
0.0056880463174018
0.0054601733095307
0.005665515303498
0.0057370318680497
0.005376859268879
0.0058709867033976
0.0058364589330313
0.0055050105540551
0.0056778472285471
0.0056509552076537
0.0053996194999454
0.0056022862446199
0.005658344200374
0.0055537355259629
0.0053776025743738
0.0052682721656102
0.0054045998390503
0.0053581226601707
0.0055059921864992
0.0054792446246153
0.0051771106962073
0.0057297268924446
0.005744997421198
0.0054582793058679
0.0057932556051351
0.0056786661695126
0.0060734764289449
0.0059611048227262
0.0060800380076739
0.0060015063865762
0.006175626042774
0.0059767080978936
0.0061037871992252
0.006200466256016
0.0062147841010733
0.0060621722877017
0.0056944954662655
0.0058897901482318
0.0059296303147944
0.0055441618376301
0.0059677695115935
0.0057319389935493
0.005519037456204
0.0057672691381008
0.0054631488518964
0.0053521422130923
0.0054986582912766
0.0054622401983459
0.0054854419733187
0.005498450199641
0.0050607573399017
0.0054279430855896
0.0054544975288003
0.0051404354196528
0.0051727379860181
0.0049825456026827
0.0054935326370758