0.0011308514009309
0.0011273072590418
0.0010488292713705
0.0011195118463432
0.0011313964949222
0.0011379554168195
0.0011387310155067
0.0011194326274823
0.0011282677379841
0.0011152619439265
0.0019596230349041
0.0018471005895021
0.0076223326077961
0.0080157050530497
0.0133797462981904
0.0148945024428798
0.0164754426203253
0.0151165409916188
0.0152427438712972
0.0153786290708811
0.0152852827267242
0.014167400318437
0.0121804716451992
0.011781129623059
0.0090588786534972
0.0090588786534972
0.0074384314873069
0.0073891576050947
0.0070096795792997
0.0077280834679696
0.0071975792025188
0.0072001644002508
0.0073178894565891
0.0073895687846324
0.0068962929481733
0.0024137866714635
0.0011780256755745
0.0024343366344958
0.0035973409613508
0.0095131580685403
0.0092726516319668
0.0102301033245756
0.0119984417949492
0.0123243173713609
0.0121458887616347
0.0119813813606443
0.0123527269658127
0.0113234608833498
0.0112364653125394
0.0109519726955081
0.0066826101610124
0.0078806622991074
0.0069061945769486
0.0070251005499982
0.0065669503324739
0.0069318197543716
0.0068041844864114
0.006808175790821
0.0067357436868004
0.0067472663775531