0.0010060600762161
0.0009999281660616
0.0009973683974932
0.0009923871471363
0.0009905352695589
0.000936873562095
0.000993464604062
0.0009918294445102
0.0009929835225049
0.001000669896877
0.0010028931704683
0.001008056349618
0.0010129467808097
0.0010238301369365
0.0010350814397747
0.0010325310006694
0.0010176213556583
0.0010176213556583
0.0010163034664991
0.0011450212758794
0.0011396956595341
0.0011586749611197
0.0011439855674252
0.00109831294276
0.0011569273904581
0.0011555205864341
0.0011549796344074
0.0011732015449056
0.0011745758182181
0.0011745758182181
0.0010322189271955
0.0012805848513729
0.0012685834184231
0.0012388142636323
0.0012684548154432
0.0012464800148162
0.0012151416219075
0.0012782818669696
0.0012652208300561
0.0012935973093446
0.0012764905008
0.0012764905008
0.0010448227316974
0.0010528111246167
0.0010550942017038
0.0010594275717521
0.0010651172700822
0.0010772293121927
0.0010820274666128
0.0010933882818261
0.0011036985944438
0.0011036985944438
0.0011150405448269
0.0011069912904849
0.0010979545030288
0.0011077807194086
0.0011077727556109
0.001050758480754
0.0011168967738462
0.0011154392959199