38.0
42.0
44.0
59.0
53.0
63.0
61.0
56.0
75.0
83.0
69.0
89.0
85.0
77.0
106.0
81.0
93.0
106.0
116.0
101.0
121.0
133.0
118.0
131.0
143.0
133.0
150.0
132.0
163.0
149.0
156.0
167.0
149.0
176.0
164.0
182.0
171.0
179.0
171.0
205.0
197.0
208.0
197.0
200.0
203.0
204.0
225.0
190.0
217.0
230.0
261.0
222.0
248.0
235.0
243.0
225.0
275.0
283.0
264.0
273.0
255.0
256.0
286.0
258.0
319.0
281.0
281.0
296.0
287.0
308.0
307.0
307.0
305.0
335.0
296.0
343.0
342.0
331.0
344.0
330.0
364.0
371.0
348.0
352.0
367.0
375.0
350.0
370.0
373.0
369.0
392.0
365.0
405.0
419.0
357.0
426.0
406.0
384.0
421.0
401.0
421.0
442.0
409.0
469.0
427.0
439.0
443.0
444.0
471.0
463.0
452.0
468.0
474.0
485.0
478.0
493.0
459.0
520.0
496.0
495.0
499.0
504.0
514.0
502.0
481.0
538.0
539.0
491.0
524.0
553.0
496.0
537.0
540.0
559.0
569.0
554.0
547.0
568.0
569.0
564.0
599.0
518.0
560.0
593.0
595.0
566.0
601.0
618.0
567.0
644.0
607.0
588.0
624.0
634.0
634.0
667.0
629.0
623.0
685.0
629.0
651.0
637.0
684.0
674.0
657.0
694.0
616.0
681.0
654.0
684.0
684.0
651.0
693.0
676.0
683.0
711.0
742.0
710.0
680.0
725.0
784.0
699.0
708.0
759.0
640.0
746.0
739.0
704.0
777.0
793.0
768.0
800.0
705.0
638.0
890.0
673.0
802.0
714.0
794.0
732.0
740.0
763.0
835.0
729.0
741.0
744.0
616.0
914.0
632.0
836.0
707.0
763.0
813.0
728.0
745.0
696.0
796.0
697.0
754.0
676.0
794.0
719.0
720.0
695.0
826.0
774.0
741.0
805.0
714.0
712.0
739.0
755.0
679.0
746.0
745.0
716.0
627.0
810.0
701.0
803.0
773.0
751.0
782.0
727.0
697.0
798.0
725.0
689.0
802.0
779.0
746.0
724.0
677.0
782.0
670.0
725.0
735.0
745.0
690.0
797.0
681.0
793.0
788.0
696.0
781.0
710.0
789.0
721.0
717.0
637.0
893.0
751.0
732.0
797.0
806.0
765.0
744.0
805.0
766.0
706.0
766.0
728.0
685.0
780.0
648.0
845.0
730.0
716.0
724.0
825.0
692.0
799.0