45.0
41.0
44.0
51.0
60.0
62.0
54.0
63.0
73.0
71.0
82.0
66.0
70.0
59.0
51.0
66.0
59.0
78.0
86.0
67.0
77.0
76.0
71.0
71.0
67.0
64.0
67.0
60.0
72.0
73.0
75.0
58.0
69.0
66.0
72.0
81.0
60.0
72.0
79.0
63.0
75.0
66.0
56.0
63.0
65.0
66.0
64.0
75.0
53.0
69.0
63.0
55.0
76.0
68.0
52.0
90.0
59.0
66.0
67.0
72.0
71.0
54.0
72.0
78.0
64.0
70.0
71.0
69.0
57.0
84.0
74.0
58.0
69.0
59.0
70.0
77.0
70.0
69.0
77.0
71.0
69.0
70.0
64.0
66.0
76.0
73.0
75.0
67.0
63.0
65.0
71.0
68.0
70.0
78.0
59.0
74.0
66.0
68.0
77.0
61.0
62.0
77.0
65.0
67.0
64.0
71.0
57.0
64.0
69.0
82.0
39.0
85.0
74.0
57.0
58.0
67.0
61.0
63.0
72.0
70.0
68.0
69.0
75.0
61.0
71.0
78.0
56.0
73.0
73.0
67.0
68.0
66.0
62.0
75.0
57.0
57.0
78.0
65.0
70.0
75.0
60.0
67.0
73.0
54.0
68.0
66.0
70.0
64.0
70.0
75.0
53.0
56.0
83.0
60.0
64.0
76.0
72.0
53.0
70.0
60.0
59.0
69.0
59.0
56.0
71.0
63.0
71.0
66.0
64.0
64.0
72.0
58.0
81.0
54.0
80.0
62.0
77.0
63.0
60.0
65.0
59.0
58.0
71.0
72.0
59.0
59.0
73.0
71.0
73.0
74.0
73.0
75.0
66.0
65.0
57.0
68.0
70.0
72.0
53.0
70.0
68.0
63.0
82.0
74.0
60.0
77.0
75.0
62.0
87.0
62.0
77.0
70.0
64.0
76.0
54.0
67.0
54.0
71.0
66.0
87.0
63.0
54.0
83.0
61.0
48.0
76.0
61.0
66.0
68.0
59.0
77.0
74.0
64.0
75.0
75.0
56.0
83.0
82.0
58.0
65.0
65.0
55.0
74.0
67.0
58.0
64.0
69.0
60.0
87.0
65.0
73.0
85.0
58.0
73.0
65.0
65.0
73.0
58.0
73.0
81.0
66.0
73.0
57.0
63.0
68.0
69.0
66.0
67.0
65.0
63.0
67.0
63.0
73.0
72.0
63.0
66.0
66.0
71.0
65.0
62.0
56.0
69.0
65.0
65.0
78.0
58.0
67.0
72.0
63.0
60.0
68.0