0.0144281018780459
0.0144332685776484
0.014428501461102
0.0146106542113151
0.0140146217622115
0.0144259455402689
0.0140983614074421
0.0142252926582824
0.0097897480071992
0.0051180443259521
0.0143917738869256
0.0143464297920766
0.0143635584824389
0.0143510881087649
0.0141395691161078
0.0144391168616477
0.0142254483104774
0.0143923750135954
0.0143356945803815
0.0143265931007168
0.0143980723786806
0.0050783492021128
0.014898918515405
0.0149786130016979
0.0148670786813989
0.0148979701505949
0.0149201734073343
0.0150934025083217
0.0147549024298121
0.0151572314693689
0.0148704386861974
0.0147692466374889
0.0149455362027354
0.0051574662116164
0.0137609978806649
0.0139651838263435
0.0140036709120863
0.0138488552390535
0.0139022892029681
0.0140104768754752
0.0138161685836164
0.0140918224263159
0.0139681670559245
0.0138938125258853
0.0141038892275102
0.0051511899358029
0.0144770223349882
0.0146311128616077
0.0148940168307152
0.0145082669146454
0.0146773857898155
0.0147794419634589
0.0143226855225143
0.0145501612262376
0.0145640187156371
0.0143067396488843
0.0144173309728731
0.0051231607988357
0.0148229607005085
0.0147292287983991