0.0011367720285643
0.0011381082878834
0.001157595902634
0.0018523329599444
0.0073514497959625
0.0120076101792945
0.018419697470298
0.0272400896929253
0.042276269720758
0.0502296823886698
0.0503809438427322
0.0519173007566922
0.0509660115292903
0.0511023352874536
0.0509613590014014
0.0454914690547796
0.0411881238744478
0.0340990727434779
0.0251868996338579
0.0108874419010597
0.0028671626166225
0.0011685906255096
0.0011771335462567
0.0011606343332037
0.0011840649751579
0.0011646650080758
0.0011852650541794
0.0011830327099476
0.0011713656530932
0.0014976865049423
0.0026710627363159
0.0096795750816795
0.0189024199712269
0.0247134206470373
0.0315299784884248
0.0414680038435486
0.0423392696756144
0.0439966925789781
0.0438344530219429
0.0423468788378468
0.0431897817213009
0.041035916099896
0.0348427541626033
0.0256133496659662
0.0192844865341836
0.0122239796863401
0.0028537149403393
0.001165413170238
0.0012134968550094
0.0011889182154138
0.001166304131289
0.0011771017465602
0.0011729702295553
0.0011799268384192
0.0011782767662581
0.001170205781381
0.0042615904266129
0.0106392575829986
0.0147311077128372
0.0155564147973667