0.0057319109205237
0.0058254170997734
0.0058527654219871
0.0060567077245379
0.0059398173786336
0.0060915064913842
0.0060806541199855
0.0061095960538249
0.0058595223853277
0.0058810244566197
0.0056552735183445
0.0056402603385199
0.0054843528184841
0.005571631128277
0.0053913505236228
0.0054401233838466
0.0051878842853685
0.0053344853294503
0.0053904451482504
0.0056052091841366
0.005558074528093
0.0056874497186679
0.0056238413174719
0.0057536989807223
0.005688594627286
0.005774066801026
0.0056216105255506
0.0057849556284469
0.0054541755402013
0.0054828514030257
0.0053587637758617
0.0054699074679454
0.005348452520154
0.0054032470076368
0.0052582030965722
0.0054121876205344
0.0054170878055039
0.0055268341077237
0.005345909357204
0.0057162680985034
0.0056120049578039
0.0057531784546454
0.0056548931559748
0.0058272104037843
0.0058148223263423
0.0059432227752666
0.0056642029238724
0.0056565806725966
0.0056865084804493
0.0058373238537327
0.005509788669707
0.0057232529181469
0.0055230176687383
0.0056055536595097
0.0054298731193583
0.0054866906920547
0.0053583657768286
0.0055957723803799
0.0054797077775947
0.0051571036985304