0.0016255136804942
0.0020251383230609
0.0024022711345791
0.0029699292720036
0.0034744973759235
0.0038538158834185
0.0042517838400969
0.004789848372767
0.0051377079794099
0.0051986311791966
0.0058859340794908
0.0073449659428532
0.0088950311301894
0.0105490116241239
0.0119098789343179
0.0134897368092988
0.0151041982985226
0.0165155800913506
0.0178610762579179
0.0191314670744938
0.0203553598918803
0.0221859333625525
0.0237229216951704
0.0248575776364792
0.0275857269107983
0.0303950369447534
0.0331222536874226
0.0357042127544549
0.039582697505293
0.0437132366736562
0.0478577880661844
0.0509075363312261
0.0535466843500839
0.0553179305780507
0.0573813205895309
0.0604280991101124
0.0622945107926953
0.0636026801662822
0.0648387143163621
0.0658886175082969
0.0665921001988791
0.0672532287184878
0.0679936619667257
0.0673828007725182
0.0675762558101879
0.0671807028949067
0.0655590630637214
0.065059728868208
0.0649632909304642
0.0645497405434007
0.0637834886967964
0.0629292628257886
0.062443705430649
0.0624296124726079
0.0633921429537685
0.0634643421179081
0.063358715886966
0.0618462366426152
0.0615324386579423
0.0609827738946781