0.000985590119992
0.0009743703723936
0.0009767010756258
0.0009695170061757
0.0009689182731031
0.0009623206524714
0.0009629576006573
0.000953556253696
0.0009569177086854
0.0009453784642606
0.000951487587277
0.0009483921757285
0.0009560977874501
0.0009468651549401
0.0009537743196241
0.0009561382057875
0.0009685567206345
0.0009685514195471
0.0009777459300436
0.0009816718819847
0.0009930000905485
0.0010005375793382
0.0010078889553211
0.001003916798516
0.0010150488369127
0.0010138100263852
0.001053002313752
0.0010446407570977
0.0010583174799722
0.0010639288032854
0.0010728348055897
0.0010802119232188
0.001089715014195
0.0010912067384369
0.0011038882816699
0.0011147795864175
0.001133998278894
0.0010924003019479
0.0010947001640383
0.0010802630311033
0.0010768068745119
0.0010633905090815
0.0010594144170278
0.0010465810708353
0.0010503995221514
0.0010320645384391
0.0010172168729193
0.0010060010092961
0.0010027123087087
0.0009994352225983
0.0009957808971054
0.0009928303902412
0.0009907195642387
0.0009854418629762
0.0009942580171677
0.0009925100791937
0.0009992168913632
0.0010093787407406
0.0010156447790942
0.0009588793362957