0.0056179256830203
0.0054942518293674
0.0055400098498131
0.0054177376949922
0.0055304483049025
0.0054123647107874
0.0056538602430714
0.0054907635433242
0.0057005067700371
0.0056704401733421
0.0057455119389424
0.005606332073949
0.0055382115246364
0.0054116471468694
0.0054929987997637
0.0053760630699085
0.0054579003026525
0.0053038168775459
0.0055382567237603
0.0054316839960528
0.0055966961292898
0.0056371478281693
0.0057571369991193
0.0058297596011414
0.0057983065844368
0.0057140104881805
0.0057274865903203
0.00564219575914
0.005668942022365
0.0053655497905542
0.0054910293116938
0.0053004901277148
0.0053118388316149
0.0050988344998089
0.0051209436155003
0.0052082578655813
0.0053825729132358
0.0053338769668893
0.0053653852392973
0.0052343852658552
0.0054861768209824
0.0053159528016197
0.0055166908007583
0.0054032171928489
0.0056442883674032
0.0055316202854416
0.0055984075751787
0.0054154601447274
0.0054280678257721
0.005328135674792
0.0056453760868371
0.0055491668413481
0.0057317771654268
0.0054906193874354
0.0054887948234271
0.0053678020952928
0.0053964995806792
0.0051940234906736
0.0053278335359531
0.0050205107479126