0.0011440017098992
0.0011535561794649
0.0011377186396648
0.0011339065561694
0.0011320868088795
0.0011281770452667
0.0011310228718462
0.0011235761571582
0.0011208824949256
0.0011335341657417
0.0011353335860911
0.0011455021143759
0.0011463464463725
0.0011593429308044
0.0011635403675629
0.0011666170379125
0.0011710778373677
0.0011724375899612
0.001183516747035
0.001175784100449
0.0011758265469352
0.0011773487111891
0.0011766307711984
0.0011749611745514
0.0011711419340707
0.0011753050301298
0.001162147993937
0.0011660352130281
0.0011633147434157
0.0011546587414603
0.0011546735184582
0.0011493372954191
0.0011489522099652
0.0011545672369857
0.0011558005370783
0.001151102989672
0.0011492074363632
0.0011577195323397
0.0011634033318077
0.0011740533822035
0.0011757375935731
0.0011899004782796
0.0011930397955719
0.0011871941995151
0.0011776111466189
0.001185049464807
0.0011820957745957
0.0011749150462664
0.0011746256705813
0.0011717406882774
0.0011655827404093
0.0011686571186349
0.0011608156757755
0.0011639598697304
0.0011598004981183
0.0011563511306304
0.0011520452647611
0.0011547595320228
0.0011793902125967
0.0011717661191825