0.0061811037853916
0.0060733103281043
0.0060475633534282
0.0059097303983924
0.0059788637935178
0.0058001565844537
0.0059607481854021
0.0059138461966871
0.0060950271855981
0.005958808101173
0.0061187139844494
0.0059324194203163
0.0058372083675143
0.0056651955474898
0.0056924620873097
0.0055651329163267
0.0057192466073173
0.0055257762645205
0.005580750401803
0.0054851108424974
0.0054985633605096
0.0053945526706231
0.0054992813639645
0.0055366794460851
0.0057063242619165
0.0057192077142183
0.0058473675721715
0.0057458462988034
0.0058875829345801
0.0058039951033632
0.0059440902355553
0.0059164472787566
0.0059550568673642
0.0058526660500035
0.0059175559911741
0.0059136968449931
0.0060064145749726
0.0059661165667855
0.0059686939150153
0.0058357291530825
0.0058945996071077
0.005739496234279
0.005843103675658
0.0057674756585222
0.0059494417329861
0.0060129759471381
0.0061150463574972
0.0058992820617865
0.0059453022255165
0.0059802617598638
0.0060002531891343
0.0058636991466055
0.0059006778738099
0.0058255912689764
0.0058944480741188
0.0058402771030887
0.005872414239307
0.0056908134724543
0.0059333631753149
0.0057722662471102