0.0059623059480894
0.006108969057975
0.0058476999561419
0.0059707414357729
0.0057572392356734
0.0057958338141113
0.0056072387859353
0.0055950213559073
0.005351861885363
0.0053928704450486
0.0053981629854193
0.0054546742939258
0.0051821345387346
0.0053424607825328
0.0050649705706033
0.0052799087626872
0.0052449949820788
0.0054040891317903
0.0053971995280449
0.0055520317051653
0.0053326655141646
0.0053662445957731
0.0053455549692486
0.0056795176483365
0.0056405483772198
0.0059360664916082
0.0057664880214077
0.0058865887577788
0.0058435692607004
0.0060088759522809
0.0059158851137134
0.0061944369966457
0.0062112545341751
0.0062748402531003
0.0060384417044491
0.0060402100671888
0.0058479744158795
0.0058156419310295
0.005583753597219
0.005554135369231
0.0053416541263649
0.0054376089608214
0.0053002213459904
0.0053116345079462
0.0052704283544852
0.0054380033845873
0.005324669726409
0.0053572601817446
0.0053447722347965
0.0055115991136707
0.0055283456971455
0.0056768059276931
0.0056685077562681
0.0056947140674431
0.0055705089526966
0.0056783594321674
0.0055267741459641
0.0057737114955047
0.0057626775854774
0.0058998339842704