0.0059343248903327
0.005995264754218
0.0059692630796986
0.0057994648348232
0.0060866994567611
0.0060098527185134
0.0060597395613858
0.00591900751503
0.0060531630719248
0.0058000168317714
0.0058681902192484
0.0056810162740672
0.0057484150971268
0.0056596312059348
0.0058231917700193
0.0055553617951333
0.0058151522190712
0.0055598224394514
0.0055681413724373
0.0053387509580612
0.0054747059853056
0.0055199527123287
0.0055564284978761
0.0054469524987009
0.0056831527338782
0.0056918282236577
0.0057948902780537
0.0054971996542311
0.0056977153700189
0.0055979392462165
0.0057671670955409
0.0056323549342882
0.0057147769162162
0.0056946089408702
0.0057956342303111
0.0057108325885245
0.0056507784653241
0.0054903724574437
0.0055532451284441
0.005391233291619
0.0055955454929396
0.0055069441833244
0.0055356570351989
0.0054657471170136
0.0055807578267687
0.005515607862921
0.0056520842673617
0.0056159512485357
0.0057479417104289
0.0056479106837139
0.0057744646767797
0.0056419660308909
0.0056998146511585
0.0055831140960071
0.0054657392590143
0.0052845266265778
0.0053263099944883
0.0052268040562643
0.0053105317684496
0.0052520952512119