0.0446507195705531
0.0458130833363548
0.0353788618447344
0.0277870029859929
0.0186762681638523
0.0109128360135498
0.0013766858718252
0.0013821403650371
0.0012800061000182
0.0012862441864671
0.0013232953448434
0.001388872559812
0.0014668453401523
0.0015270547662392
0.0015963452120682
0.0015973354100818
0.0016016781163433
0.0099642071062024
0.0191530688225686
0.0250032446275329
0.0327813699787043
0.0433140635481186
0.0456760219643751
0.0453607665857604
0.0445649239307278
0.0447810599796185
0.0440500685799144
0.0447876512965153
0.0363643883756666
0.0269381527060449
0.0212196753308474
0.0135713260324268
0.0036865051047527
0.001389396482321
0.0012667844647475
0.0012633852644612
0.0012552196121479
0.0012472532236756
0.0018703084032547
0.0018649163486517
0.0018972290162958
0.0018971053918416
0.0018829776844172
0.0100633095627153
0.0162113861010056
0.0267749671044194
0.0341792020729225
0.0428729116465864
0.0447759722993676
0.0445008944588651
0.0449619523636034
0.0442446849997313
0.0440960018927895
0.0446468414940763
0.0364426371856559
0.030316983404984
0.0200140824621487
0.0129546131325581
0.0035326112610448
0.0013647791943725