0.0011796396924468
0.0011780325301868
0.0011696659701809
0.0011615289034884
0.0011699024692481
0.0011714433967436
0.001176173347879
0.0011643873583022
0.0011630722568501
0.0011579020206425
0.001176468280935
0.0011817949450549
0.0011864301478582
0.0011936260345578
0.0011994021923195
0.0012024710804195
0.0011981393850817
0.0011990281982095
0.0012150176461735
0.0012074678170962
0.0012107194683063
0.0011957426256825
0.0011926653322365
0.0011859117429973
0.0011935480312633
0.0011909587225287
0.0011852418059667
0.0011934393806025
0.0012045939547241
0.0011958350745329
0.0012016355357308
0.0011995767623596
0.0012073410318155
0.0012004188733054
0.0012117597597597
0.0011992468691212
0.0012078114837583
0.001211398522204
0.0012164391176308
0.0012133037494682
0.0012158232212208
0.0012865444981311
0.0013062034595026
0.0012973377151008
0.0013017200881327
0.0012897991418466
0.0013014925285348
0.0012893483893364
0.0012854309866307
0.0012701111430109
0.0012670471939694
0.0012682585860413
0.0011938567637379
0.0011670090713601
0.0011800431624399
0.0011770317280768
0.0011908424278333
0.0011872094200505
0.0011970424802503
0.0011896289795028