0.00121338773927
0.0015629404846691
0.0020891066470533
0.0020793037363521
0.0020440033397974
0.0020654555035553
0.0020340240098611
0.0020636525631036
0.002070652977002
0.0018775226578411
0.0020331323852594
0.0029901922547994
0.0042584646292746
0.0055198402178525
0.0065184718833414
0.0066376022142779
0.0066007850404557
0.0066167039515557
0.0065701768487584
0.00651247191695
0.0066030678015317
0.005956556837801
0.0045527140326073
0.0034416096970359
0.0027373501588357
0.0030642655445871
0.0042486557870412
0.0049086776875866
0.0050223851110827
0.0050326652036356
0.005058375958092
0.0050910073982281
0.005016979966824
0.0050227681814825
0.0044114766071847
0.0033877305768952
0.0023704292634952
0.0015048319945839
0.0011696187511546
0.0013769174028913
0.0013930631252465
0.0014231643443825
0.0013861882352941
0.0014057951364908
0.0013949912980682
0.0013930479014927
0.0013199723343666
0.0011491702389663
0.0011292570385053
0.0016242951640003
0.0022488543866171
0.0029260370990237
0.0033009509342847
0.0033888688364012
0.0033154092092417
0.0033306994207056
0.003391019525183
0.0033700641242418
0.0033059310024867
0.0030764181439941