0.0010858263118062
0.0010855907449249
0.0010852972046506
0.0010822739519325
0.0010872286734583
0.0010795249111597
0.0010803735591163
0.0010812618859173
0.0010958003408947
0.0010914086501659
0.0011017668151807
0.001097341200767
0.0010928724364084
0.0010974041694934
0.0011014538471529
0.0010963438965209
0.0011030218744279
0.0011111829734572
0.0011071395797902
0.0011026530206242
0.0011176183900242
0.0011136200860676
0.0011155638710372
0.0011205027806004
0.0011204594036989
0.0011276482451961
0.0011387831689583
0.0011399804904307
0.0011403223170642
0.0011401197072757
0.001145635045273
0.0011271004241976
0.0011170232880908
0.0011212233027356
0.0011237682607917
0.0011090847232922
0.001106259487571
0.0010903937610035
0.0010864488532558
0.0010680913301388
0.00107493900869
0.0010658051086779
0.0010733546177481
0.0010833186324912
0.0010827821663674
0.0010760809825124
0.001085529587224
0.0010729579105251
0.0010783550523158
0.0010780300981341
0.0010879719615747
0.001078754806002
0.0010791996659078
0.0010694586260311
0.0010662459237906
0.0010682841925229
0.001078306606511
0.0010722448065611
0.0010747777080231
0.0010650202850778