0.0010193298266192
0.001030053579844
0.0010237224573931
0.0010439704461236
0.0010497335474107
0.0010552130872795
0.0010418193988924
0.0010407032151393
0.0010355510637901
0.0010579080835701
0.0010563146844287
0.001050693218399
0.0010551257529149
0.0010675518434832
0.0010551027412161
0.001047321920323
0.0010542785725767
0.0010572576317287
0.0010537659809296
0.0010522695607197
0.0010263184573307
0.0010260022069274
0.0010222710435536
0.0010058138679451
0.0010101367712599
0.0010140647852805
0.0010232985491672
0.0010108306404657
0.0010100302608185
0.0010210461042883
0.0010237778885749
0.00104101032498
0.0010335192063861
0.0010336582165767
0.0010381009799364
0.0010279785409285
0.0010321347533224
0.0010272942557155
0.0010194620011845
0.0010295408383276
0.0010115384387057
0.0010207300920983
0.0010102812505677
0.0010104346570917
0.0010138637837053
0.0010417755669933
0.0010338565513484
0.001035370308681
0.0010407214568751
0.0010526946755556
0.0010478173853722
0.0010667967824329
0.0010708431447364
0.0010819369017493
0.0010967790194264
0.0010977410302666
0.0010709126845987
0.0010832493238987
0.0010761525836087
0.0010845482418371