0.0010538014431987
0.0010621605144602
0.0011052371580398
0.0011243574469628
0.00112380966457
0.0011163898494344
0.0011116457992236
0.0011088126138266
0.0011174240828993
0.0011152960418355
0.0011132437696989
0.005278875125339
0.0118254922116131
0.0146755008216777
0.0169618779961906
0.0183555846386596
0.0184680110919487
0.0184432584033613
0.0182520466119132
0.0182611539591017
0.018476764065928
0.0185760841320746
0.0142266027157405
0.0092276581042896
0.0107196753206188
0.0099596186722367
0.0115746723072987
0.0112277297669044
0.0109986610330318
0.0112159864949173
0.0112685930560939
0.0110089015155602
0.0110249471103579
0.0112174145280317
0.0097773576037541
0.0054397458747059
0.0035924153829444
0.0025264154942149
0.0051959819695374
0.0076325854885058
0.0081419954520547
0.0090957940034434
0.0089980402148164
0.0092367367123339
0.0089476418381811
0.0089680937179464
0.0091188783351708
0.0092784626157711
0.0076837478934015
0.005412264173127
0.0042629087896917
0.0071832926722806
0.0072677042034912
0.0072414924007191
0.007053694898482
0.0073274832353319
0.0072706210470515
0.0071795450501558
0.0071450819222214
0.0072205020140073