0.0011032121062368
0.0010957639679495
0.0015790103341249
0.0015714425780037
0.0015802590085131
0.0015767475326212
0.0015732749394807
0.0015652553164554
0.0015794737240281
0.0015494677269812
0.0049162103731625
0.0643091999713356
0.086341909143549
0.1019847313397688
0.1121330133457585
0.1207603648598819
0.1203593132262928
0.1226184459827795
0.1239166090438144
0.1218348505048338
0.1235734471707382
0.1210467619065063
0.0602602686468761
0.0414879906892186
0.0380082227394602
0.0417662399000568
0.0446714366991933
0.0411572685591112
0.0415445675055079
0.041318982518835
0.0405493439481232
0.0409312579574265
0.0402076105709831
0.041854763857534
0.0376737136921253
0.0254790313822852
0.0082532102971975
0.0088501386512829
0.0206067676602695
0.031838664967879
0.0401985746836344
0.0441934253560792
0.0442688592194201
0.0448679209590324
0.0436675563202329
0.0440954722378107
0.0442857761780099
0.0441140345595824
0.0371728248544258
0.0308282675480854
0.0277674881978547
0.0298325717031349
0.0340377051117626
0.0341117959346424
0.0329859490972917
0.03332109525706
0.0339918229220549
0.0333263676262907
0.0334213933179679
0.0325737969554991