0.0014894276318152
0.0019001135104286
0.0022706795141406
0.0022767247519715
0.0023086855795445
0.0023201475585828
0.0022585075780784
0.0022690424087749
0.0023220530214641
0.0019900613897214
0.0017078538986032
0.0043901282756864
0.0079402405900393
0.0106030992083573
0.0128520432484563
0.0136032866090175
0.0142667944858011
0.0141216096507088
0.0141790747935011
0.0139319446862404
0.0138576199811768
0.0138290739943447
0.0108374457635567
0.0072110130631786
0.0061691160947444
0.0069391058877463
0.0074249721393581
0.0075357631597538
0.0079851730382665
0.0079273490502587
0.0080792367314422
0.0080891791119515
0.0077286418952439
0.0077446207969003
0.0072577444261312
0.0054650753475961
0.0031508315326863
0.0031795096230956
0.0049976296268864
0.0060418438882572
0.0071702439718381
0.0080007804585587
0.0081662737020625
0.0082143265156379
0.0080796028687415
0.0083062027340344
0.0080583981536467
0.0075779002141959
0.0059347409584732
0.004719587671826
0.0056191334218504
0.0063980920099075
0.0075844250161953
0.0078963581925781
0.0082195590050965
0.0084135224363095
0.0082818961271425
0.008290705515032
0.0081482352407549
0.0082700732384588