0.0009826328601883
0.000983498800267
0.0009921370519101
0.0009944066961997
0.0009965087306011
0.0010033458245281
0.0010100265191211
0.0010105835188521
0.0010135285252765
0.0010163539257731
0.0010282308320035
0.0010278999743336
0.0010212192739969
0.0010233984779851
0.0010294997138161
0.0010266773953048
0.0010383138099653
0.001031381356244
0.0010266338468246
0.001022752247806
0.0010205637038249
0.0010039894436051
0.0010033412980599
0.0010087162978613
0.0010120069508463
0.0010113967169965
0.001025664606364
0.001004197269827
0.0010077801701652
0.0010117964465402
0.0010157646429865
0.001016038537405
0.0010178730011122
0.001017057955011
0.0010311260557393
0.0010220376342173
0.001023195694896
0.0010160717582954
0.001028451042482
0.0010209641512522
0.0010183876006615
0.0010216027417263
0.001020304213883
0.0010184116486222
0.0010201970747441
0.0010047122207146
0.0010141811855052
0.0010085369166514
0.0010097959978463
0.0010061603472488
0.0010222670096986
0.0010193850931676
0.0010246803448213
0.0010344026400232
0.0010428540966216
0.0010519290821011
0.0010713997391049
0.0010676467779118
0.0010684167613324
0.001061123666441