0.0010496806934253
0.0010550560255063
0.0010475681472104
0.0010500051390121
0.0010449469980287
0.0010369936646462
0.0010342677230871
0.0010399550628259
0.0010420563388018
0.0010313443536743
0.0010290107394014
0.0010344824980553
0.0010483171551084
0.0010556582104588
0.0010568194812743
0.0010590657748647
0.001067004156215
0.0010681489866359
0.0010637943542462
0.0010635512542749
0.0010727057824972
0.0010768751737658
0.001076212224842
0.0010757228389078
0.0010018319938423
0.0010568337105311
0.0010524159227678
0.0010499748190974
0.001043892530446
0.0010479169826309
0.0010469004318008
0.001049839858362
0.0010444199536815
0.0010542330244652
0.0010584944105041
0.001059359895891
0.0010551028877587
0.0010625847896321
0.0010601189493501
0.0010644081814967
0.0010632827304679
0.001066214236786
0.0010594985560943
0.0010646278161003
0.0010582404033417
0.001053110618592
0.0010589944549832
0.0010658972911556
0.0010696907122714
0.0010746221846539
0.0010745899782529
0.0010791129402338
0.0010795899617261
0.0010782204437457
0.0010958949156533
0.0010995457094167
0.0010998516547179
0.0011029951178055
0.0011030031943633
0.0011025698370954