0.005909706572896
0.0059407809648944
0.0059554190491661
0.0058747582111437
0.0056005530169034
0.0056646984248244
0.0056644625589998
0.0055739710542843
0.0055510691791898
0.0058806555319771
0.0058704029084845
0.0059670592615862
0.0059861591660625
0.0060469397013818
0.0061586572609017
0.006381810379531
0.006367025324088
0.0064933838270469
0.006440046436815
0.0065510205478181
0.0063231756386696
0.0064504714810905
0.0063296269207349
0.0063643004826433
0.0062437485117701
0.006322106702234
0.0061679543286107
0.0061650358870223
0.0059003970488163
0.0060382250018286
0.0059500603635699
0.0059030697833811
0.0058342644907349
0.0059153895297412
0.0058332131029387
0.0058710090206185
0.0056478192725366
0.005630940981828
0.0055731888915141
0.0056306822349831
0.0055051251280945
0.0053500709720158
0.0053637892795537
0.0053305487185152
0.0052071254361011
0.0052103216981823
0.0051511208365325
0.0051892110690582
0.0051653604317605
0.0053440657110214
0.0052936192753753
0.0052963028292824
0.0053481336737317
0.0053084082857401
0.005294362547525
0.0052553871014782
0.0052929455521059
0.0053633863869893
0.0054240948323896
0.0054450788031644