0.0054763109205281
0.0057049173241669
0.0056945959358212
0.0058190339191659
0.0058130872898577
0.0059522731075252
0.005893786164333
0.0060567328770853
0.0058847413938021
0.0059624941176471
0.0058839960482827
0.0059568034420451
0.0059410499075447
0.0060642075129248
0.0060222549667174
0.0060616371977108
0.0059755388010097
0.0061195047008857
0.0059177587289557
0.0060101333511538
0.0060019216344757
0.0061511267008207
0.0059872164339615
0.0060255680395627
0.0058978681211684
0.0060320693514779
0.0057975999444036
0.0059965208931533
0.0058575480337386
0.0059793098187172
0.005841515974961
0.0058427140568466
0.0055949412600663
0.0056112143829067
0.0054395398276265
0.0054511494788608
0.0052489254391485
0.0054260920513621
0.0051015472949064
0.0052498434592729
0.0050348008068766
0.0051270253075048
0.0049759804602134
0.0051791424464051
0.0051445817561278
0.0053219130767221
0.00528942955445
0.0054667744616615
0.0053290933371989
0.0054900478842468
0.0054600311024467
0.0057661873429165
0.0057013775475694
0.005870131198915
0.0058003204295977
0.0058642635270541
0.0057843548276484
0.0058590443664915
0.0056472550345463
0.0058017836776784