0.0053834061591782
0.0055282587773983
0.0054595342136417
0.0056173614278631
0.0055115044327215
0.0057523244736504
0.0056961174045884
0.0060255910971223
0.0059510711593601
0.0063256033602223
0.0061507514503099
0.0063060901601753
0.0062320550703319
0.0064087797745019
0.0062362175708182
0.0063597027803016
0.006176308547101
0.006381566947668
0.0061703736987112
0.0062450281009717
0.0059460838313503
0.0059898290174404
0.0057622262255908
0.0054017892692486
0.0057258629792013
0.0058212476140428
0.0058220387479162
0.0058925825786743
0.0056233019056661
0.0056498783463984
0.0055662100043277
0.0056514179507575
0.0055967619892536
0.0056643786647633
0.0055235333173582
0.0054910091839889
0.0053182262205312
0.0050201211184262
0.0052888984507892
0.0054570383546414
0.0049733762331145
0.005311947979387
0.0052717113809455
0.0053174272965404
0.0051950100615647
0.0051900389498135
0.0051977121353281
0.0052760786707171
0.0050947730651347
0.005287143272448
0.0051284515720997
0.0052769994441954
0.0052471052874326
0.0053455938631113
0.0052667141090022
0.0053546792801944
0.0053304898255286
0.0053676918160534
0.005339387295158
0.0055783287741935