0.0037032548610485
0.0036925328755983
0.0011647337484618
0.0011498362338162
0.0011214586311457
0.0011113260600846
0.0011202990782329
0.0011108530868154
0.0011074697282267
0.001093648869313
0.0036704895157584
0.0076085593939837
0.0119216265579096
0.0161205191820115
0.0205397723192337
0.0216672308963996
0.0216293714787765
0.0243697262448436
0.0246214803482077
0.024773042269583
0.0245609836696907
0.0211936567909158
0.0179245110430467
0.0132279919047275
0.0093623434630637
0.00468226097714
0.0037761219138033
0.0037222773398928
0.0011736457977856
0.0011602976357552
0.0011333219647255
0.0011300190172604
0.0011314618563607
0.0011229595602037
0.0011378082625541
0.0011255435480992
0.0021543587302756
0.0079507552167076
0.0122956415627905
0.0165246181554104
0.0207182586399862
0.0224433182011107
0.0218282612104613
0.0242417025748162
0.0249775955954114
0.0242181078321302
0.0246798886588201
0.0235641042024401
0.0181526440015559
0.013740374441126
0.0092743912799025
0.0052957997660435
0.0036743018674488
0.0037080978270867
0.0011688536108574
0.0012023929960388
0.0011855038147191
0.0011731885557396
0.0011788137515345
0.0011695092727502