0.0056235066583968
0.0058176865212991
0.0055316972384968
0.0057184156248875
0.0055167431758249
0.005664675041375
0.0056155754695025
0.0057944655285024
0.0057499027421438
0.005910469998909
0.0057692110093393
0.0060966175250448
0.0061792081264675
0.0065183684123787
0.0066314075890739
0.006788511676663
0.0066748024979926
0.0069659622690364
0.0067104876299619
0.0067411443392461
0.0066508955667479
0.0068760613567143
0.006536563869829
0.0063590074590297
0.0061664210027741
0.0059527934436285
0.0058813144522882
0.0060258220571907
0.0058230210763473
0.0060388343101389
0.0059504166160985
0.0061138054806992
0.0058791659821733
0.0060115121642399
0.0059480613195484
0.0060705248887987
0.0061289212170497
0.0059460934934524
0.0064726322641231
0.0067166064394279
0.0068539593435488
0.0069752978971099
0.0068224914404545
0.00699096862824
0.0068302418689454
0.0068071328577392
0.006573810239117
0.0065539325281658
0.0061744525304431
0.0059890112341403
0.0056953162083152
0.0055694629629629
0.0054211073902587
0.005502841663985
0.0053454315304948
0.0053640756898579
0.0053448137230079
0.0055729699996348
0.0054176917739797
0.0056008678735765