0.0057677931254575
0.0057128499117452
0.006022387919439
0.0058490616904817
0.0059201304862718
0.0056718223433933
0.0058033821725677
0.0058340745991686
0.0059813868455449
0.0060088381749548
0.0061353120435967
0.0069752366502961
0.0077029266596716
0.0082938991216203
0.0093451373226426
0.0101873732410818
0.0113628407711988
0.0119050091387327
0.0128794272960343
0.0137566288596093
0.0149056726223607
0.0155950327987391
0.01583245913005
0.0157181532832098
0.0160979321177141
0.0157288265172225
0.0158982091493688
0.0156321383514492
0.0157440420142218
0.015436995078139
0.0155440560807241
0.0147890084304354
0.0141806616432994
0.0132063614898808
0.0128105189647561
0.0119228702410534
0.0116365608650725
0.0105748420063496
0.0102608595427056
0.0096681365184571
0.0091037401105293
0.0083700673545691
0.0081490292149384
0.007988619476596
0.0080453713204914
0.0076225539309898
0.0075415551262947
0.0069989691969786
0.0071791962135816
0.0066519845307917
0.0064091404331887
0.0062874698643105
0.006098909693085
0.0058561216186497
0.0059009959414087
0.0058715788924471
0.0059673315940755
0.0058182693433935
0.00596764031664
0.0057426152963533