0.0069434248200985
0.0120312565991412
0.0162116626704275
0.0211310767893485
0.0264968581847337
0.0322951623560686
0.0382105090660644
0.0429791001289037
0.0486385304745299
0.0522094118715965
0.0569963263479111
0.0605959686478065
0.0606634218305001
0.061859247689737
0.0615464864498112
0.0616050871189198
0.0613093056308065
0.061209398207072
0.0623510364757664
0.061612825656352
0.0615698529954702
0.0622544912462051
0.061602950592989
0.0620641136520605
0.0623494756691227
0.0632186421842917
0.0643498457680157
0.0632090844464764
0.0630085305954337
0.0633188916429029
0.0637309953204058
0.0630483845560653
0.0624713353761019
0.0636887679613864
0.0639429802718236
0.0637522978599625
0.0629521767435059
0.0617658513775678
0.0635089677540186
0.0634055466933785
0.0615096920044005
0.0617452599671884
0.0631979373190088
0.0627583661741663
0.0619723229074141
0.0623994881334291
0.0621037899128592
0.0633851446935431
0.0636829950147576
0.0630396863763251
0.0635379212999257
0.0651623081015775
0.0650120257397442
0.0640410160667631
0.0649866185123378
0.0654521462304089
0.0642881669905091
0.0647938850199987
0.0643286746690605
0.0636090928562316