0.0037231834223697
0.0059759998368444
0.0094055405878378
0.0136033602989426
0.0172458494342062
0.0216311042594813
0.0256092422135372
0.0295733543165084
0.0331057872900415
0.0374504418613185
0.0402555510173828
0.0423336832415288
0.0434578670991923
0.0438082162162175
0.0433192848899895
0.0436640423828823
0.0436062345095733
0.0437464205865742
0.0438658814883312
0.0438170592609752
0.043888343405181
0.0438966180775208
0.043855184611039
0.0442312378139914
0.0444659108440651
0.0447181140679551
0.044726184418877
0.0447926091585089
0.0444582576216263
0.0445161801518896
0.0447483915146392
0.044932891317637
0.0447966998529957
0.0447563633324821
0.044747248778892
0.0448403733786028
0.0445174434939697
0.0445342644846304
0.0446578359084034
0.0449534046181657
0.0446415842467814
0.0446577479328343
0.0447379575150746
0.0449064891180893
0.0450923721827391
0.0449573058606745
0.0453785138515564
0.0458418858056315
0.04580662779024
0.0458882147880835
0.0461714073767642
0.0463960531011438
0.0461759947219076
0.0459501388375889
0.0462390730367911
0.0459744181941355
0.0460084538375539
0.0455588018874864
0.0454839916592123
0.0454875946212448