0.0058849435397084
0.0057417052349788
0.0056199937544893
0.0056387356747427
0.0057759991007192
0.005793145036615
0.0057808138736389
0.005836190694165
0.0055089461563431
0.005783203271785
0.0056071372548793
0.0058425951737735
0.0059936566499817
0.006101132409546
0.0061921981215411
0.0061119688868155
0.0061325412543855
0.0060908199655834
0.0061061753298787
0.005634936250342
0.0060405312471049
0.0059366804955538
0.0060712876311204
0.0058723370146301
0.005355053607337
0.0057087633976718
0.0056664245678321
0.005569682113581
0.0056762597798476
0.0053415260353444
0.0056802409915665
0.005601365953109
0.0056977503858992
0.0057685651336855
0.005856197606306
0.0059160665058029
0.0056403600525502
0.0059192147929956
0.0061210171229486
0.0059450989237231
0.0059604364649745
0.0058115065166092
0.0058648306065585
0.0057250319590457
0.0056623401609771
0.0055910080974588
0.0057649881141332
0.0055622615170188
0.0057158244464609
0.0055350424949978
0.0056076942500089
0.0055868776367109
0.0057239168664923
0.0055923046648576
0.0057756507930785
0.0058712603534257
0.0058648711084561
0.0056832523779096
0.0058659876117796
0.0057296757943299