0.0010276648698877
0.0009784613793476
0.0010258469677985
0.0010209647735178
0.0010213933802405
0.0010205173821688
0.0010210876117071
0.0010134895688697
0.001024572199949
0.0010282457795719
0.0010301870210115
0.0010225382457234
0.0010243467509024
0.0010178745473225
0.0009616407806879
0.00101868825398
0.0010292447111066
0.0010292770262923
0.0010337434226061
0.0010252061833011
0.0010242432437413
0.0010290908360258
0.0010336550926709
0.001031390441095
0.0010463588021846
0.0010034038230862
0.0010433485421584
0.0009839838611205
0.0010483132405784
0.0010445339898403
0.0010501493253327
0.0009912566655916
0.0010506758437921
0.0010445599547741
0.0009899952201141
0.0010401572671481
0.0009663174848849
0.0009808047129559
0.0010361385786303
0.0010330716887445
0.0010377152981386
0.0010327371662889
0.0010327619388463
0.0010284766608461
0.0010273271761138
0.0010144892125526
0.0010149192915163
0.0010068087168385
0.0009529019591146
0.0010131232104343
0.0010142914064663
0.0010110829900157
0.0010099177621517
0.0010079846894482
0.0010132829495735
0.0010169988488094
0.0010298458088184
0.0010307778259773
0.0010412515210365
0.0010357046042328