0.0020109154075238
0.0019982623251465
0.0019883159707271
0.0019531736657696
0.0020239222393031
0.0020123235304782
0.002017818966455
0.0011199505288792
0.0011178364338945
0.0010755756835279
0.0011297140447353
0.0011236191102104
0.0011124408854788
0.0011324909047916
0.0011301293185828
0.0010629968113761
0.0011303005037091
0.0011223568442298
0.0011304467395854
0.0011184694003783
0.0011201162395659
0.0011141142565271
0.0029277653557584
0.002778361947664
0.0029227398613231
0.0028940145137568
0.002928437615288
0.0028674634220942
0.0027799300338982
0.002919300338285
0.0027765733577439
0.0029409256887674
0.0029235009587207
0.00114332988042
0.0011473856326067
0.0010886911264913
0.0011474171921127
0.0011289903826997
0.0011396985352227
0.0011237355639403
0.0010744812321125
0.0011374108625872
0.0009969429616666
0.001111434361458
0.0011220065069614
0.0011028561620383
0.0010536472316996
0.0011136564402465
0.0014123768311799
0.0014105838262862
0.0014052689184268
0.0013930767485752
0.0014043007921332
0.0013492507177463
0.0013873549897023
0.0014054334252113
0.0014313225693935
0.0014180646715699
0.0010720453891368
0.0011341242985668