0.0106357615472224
0.0143876021296653
0.0163306397349773
0.0164890827607243
0.0167804415752448
0.015548513440409
0.0167795539417577
0.0169177407305279
0.0168215654587953
0.0102855713334252
0.0081176002488199
0.0075670731227809
0.0036414008375056
0.0016582657867024
0.0011505139783765
0.001105226359574
0.0010975413829676
0.0010512842940079
0.0011071639444525
0.0011066475943019
0.0011024459515968
0.001102501705924
0.0011027998146771
0.0031237151357819
0.0031511906377681
0.0101565863987479
0.0109505218227548
0.0136452604898875
0.0167941048949759
0.0165124395241018
0.0176656496949491
0.017437521294288
0.0164296157876885
0.017705430479024
0.0163753122275906
0.0115276462992696
0.0111232768630055
0.0048103670028786
0.0048423854920733
0.0016082769247551
0.0010360055745118
0.0010157425502637
0.0011330630244232
0.0011356759659793
0.0010822538556412
0.0011332916575063
0.001139976322257
0.0011306928566217
0.001135326301599
0.0024959890757152
0.0026302625787316
0.0082673530710189
0.0089093442071386
0.0138353286425522
0.0155704277915256
0.0171697147287658
0.0173619159820508
0.0162476894250866
0.0175698650989876
0.01768190693599