0.0065495240635967
0.0108123316685149
0.0151558811040384
0.0230609121363299
0.0351269143762887
0.0373221853922278
0.0506614761346015
0.063920420148394
0.0749752259709729
0.0875189597029563
0.1017988052096755
0.1174339554336654
0.1296315586262884
0.1421960187965251
0.1552011856103004
0.1658580686864952
0.1701021152394229
0.1963947072130767
0.2012000438293911
0.2121202818594297
0.2270058840302496
0.2364672641333644
0.2491886921712976
0.2580174490776087
0.271042482377292
0.2821278075111377
0.2966118742562321
0.3060185548117498
0.3186733981540197
0.3362049248977141
0.3425635294792645
0.3584924153450258
0.372287983061061
0.3874746567686869
0.4020893480832981
0.4170773300027711
0.4339893242043172
0.4491141143098489
0.4728105698284139
0.494486619678619
0.5111386610486582
0.5286083528806719
0.5481717889391489
0.5550722898982648
0.5744044770464629
0.5843053255303325
0.6010443555658922
0.6864842107353063
0.7546033300341956
0.7895376028773298
0.8140428830739181
0.829051734624039
0.8574159798290311
0.8044457423213762
0.7698574115441883
0.703709324506433
0.6436374590821636
0.5404446028036585
0.4549600537602387
0.33231381294216