0.0058697390336877
0.0056020285756561
0.00573923889312
0.0056589104474879
0.005830934785817
0.0056659662883968
0.0057655191654984
0.0056588028244218
0.0058666648356596
0.0057956966520061
0.0059966550443498
0.0059558944893942
0.0061336158344178
0.0060101163919413
0.0060037729876561
0.0058342410541064
0.0059734289499122
0.0059245863639662
0.0061438518212982
0.0059646127120487
0.0060134851127332
0.005851653460517
0.0058886253902936
0.0057240624510393
0.0058939672485932
0.0058568580695611
0.0059632869627612
0.0058465736649272
0.005865606199791
0.0057160055896141
0.0059886501031852
0.0059653923053291
0.0061397817539859
0.0061006675105797
0.0063587060416126
0.0063010457336516
0.0064584254986096
0.0062985171714958
0.0062128264256721
0.0061249488074675
0.0060698777627424
0.0057057768228596
0.0058962477674012
0.005779302317556
0.0058654814078808
0.0057418569016917
0.0057310116523858
0.0056576144663687
0.0058005580713856
0.0057428914595572
0.005787908431369
0.0057686257218326
0.0059545750938899
0.0057051879062188
0.0057316112781548
0.0056676540220214
0.0056010555404548
0.0054646370185845
0.005434344058112
0.005378089969944