0.005768895435358
0.0058834726874932
0.0057361933760877
0.005850902115723
0.0058141912473134
0.0059888171581379
0.0059290135407663
0.0060316663883847
0.0059836819634298
0.0060543798046657
0.0059549702570754
0.0059969903611407
0.0058573803507728
0.0059781875135174
0.0058764549274186
0.0059839170565111
0.0056321785361121
0.0056494498691765
0.0055905880876393
0.005808297603232
0.0057130422899077
0.0057673607447344
0.0056312368347935
0.0056931808037329
0.0056222810342617
0.0056668530223317
0.005476442300584
0.0056723809918099
0.0055542642168584
0.0056764630978835
0.0054631088258172
0.0056556263417567
0.005511673935264
0.0055991876866733
0.0055785551197544
0.0057984317588843
0.0058034061502177
0.0059722938655236
0.005789789749222
0.0058245388902873
0.005593717858718
0.0055878395104638
0.005417428793027
0.0056390882196893
0.0055798744680063
0.0055914751458789
0.0054176825275425
0.0054892811755072
0.0054623392464068
0.0057029124389936
0.0056740569143847
0.0058204805714492
0.0059255318937117
0.006037391960159
0.0057829506572991
0.0057922635029266
0.0057495229663425
0.005829528360457
0.0057016658697062
0.0056382749220898