0.0011068862771394
0.0011052478940155
0.0011025571386223
0.001086013225899
0.0010956578007657
0.0010947337406678
0.0010953578472097
0.0010302391622194
0.0010301496773477
0.001025229030896
0.0010231740727813
0.0010196830199166
0.0010217515928217
0.0010212731426698
0.0010251982472208
0.0010225611804439
0.0010380345324258
0.001026439276018
0.001032426311437
0.001036858160099
0.001044020331973
0.0010499626754093
0.0010566237007719
0.0010625603944273
0.0010671167380577
0.001068562161465
0.0010738132338796
0.0010639582380285
0.0010884468313641
0.0010932010283351
0.001086748137931
0.0010875755200703
0.0014917541391469
0.0015033207907467
0.0015110750988862
0.0015131154779411
0.0015074389087024
0.0015068039515356
0.0014946083088725
0.0014803183210897
0.0014652147222574
0.0014692963775074
0.001473246818788
0.0010594778679792
0.0012567547193947
0.001244107847892
0.0022800463095664
0.002315004372613
0.0023048865220059
0.0023063439814063
0.0023226301347592
0.0023046465239125
0.002333332485049
0.0023083387361103
0.0023257616067054
0.0021078125517588
0.0021637078699743
0.0010889061273602
0.0010889502014243
0.0010812858674711