0.0055711210635284
0.0054809925691787
0.0053180668080007
0.0053839623218291
0.0051105148567548
0.0051515422134772
0.0049284318198624
0.004831095439709
0.0050303264752762
0.0050174589555632
0.005343175922516
0.0067743573063997
0.0097177535654176
0.0128073753382366
0.0156357747811047
0.0168564372059224
0.0169848943673469
0.0169404680976446
0.0172618452404837
0.0169775513701703
0.0169390689241673
0.0169432898070727
0.0156851279880022
0.0139243422292277
0.0118339811912797
0.011018443750225
0.0103620208479107
0.010510579188254
0.0103180946042779
0.0105500639359375
0.0106224546798398
0.01058629201817
0.010381947202166
0.010520437390024
0.0093601195869481
0.0085571126204448
0.0064173072970384
0.00779217226392
0.0088139670262823
0.0105547758047843
0.0116721117831338
0.012700776946267
0.0130304683446655
0.0131497235272391
0.0128043742050837
0.0127795829170375
0.0126625984699847
0.0129449065385033
0.0116192614203312
0.0111895248162267
0.0119000429226854
0.0126234202295731
0.0117754495233929
0.0115717886584027
0.0115039722652172
0.0116613036730194
0.0117845945049827
0.0117347570247934
0.011424515154305
0.0110734416290914