0.0012146679103801
0.0012073031033276
0.0012186235622167
0.0012085858357143
0.0012227170245818
0.0011991179996388
0.0012039893518265
0.0011842925307026
0.001188789947783
0.0011697049523912
0.0011922727655909
0.0011862650837682
0.0011970797543809
0.0011817507835296
0.0011934359083191
0.0022335078667867
0.0022529702643172
0.0022404228625038
0.0022680860475713
0.0022725773902384
0.0022556246547463
0.0022414177791482
0.0022779686558056
0.002248278022498
0.0026651217944047
0.0026443799108512
0.0016114397910572
0.0015959661446379
0.0016065892798058
0.0015877746527399
0.0016071762731756
0.0015974498473575
0.0016166004604474
0.0015926829990601
0.0016267915871024
0.0012149169084625
0.0015932294375483
0.0015642201983769
0.0036689832639041
0.0036052545820455
0.003638443631304
0.0036293515613705
0.003910274369088
0.0038878814165101
0.0038701903906844
0.0038269145428638
0.0038518784834913
0.0034911321457933
0.003493279972343
0.0014040242039818
0.0014307442198105
0.0014173184613989
0.0014223484172546
0.0011851503520038
0.0011998082676046
0.0012057472562519
0.0012230702358569
0.0011973363337152
0.0012072013116779
0.0011980321276403