0.0210907990812003
0.0456285614611204
0.0675477428660149
0.0937640027452912
0.1194121607043179
0.142329787926008
0.1668549461628501
0.1934193550868098
0.2187182971633428
0.2430147363623118
0.2683996883284532
0.2788377256016305
0.286559505062384
0.2875144670812786
0.29027262840377
0.2876999183082699
0.2888624424788415
0.2924466374696781
0.2910933586314632
0.2900102880748278
0.2890414582356508
0.2900280802757237
0.2896796496416416
0.2877406319973314
0.29297985362866
0.2908193754355338
0.2912274678254553
0.2914237545232759
0.2893215710927823
0.2874180300037457
0.2871245214664514
0.2844500550181692
0.2839181092737015
0.2805948574332171
0.2806692498257584
0.2766246437575325
0.2739303480638856
0.2745455138715353
0.274051072823034
0.2754541463705564
0.2754851035259778
0.2768345458359558
0.2775456688643803
0.2766129551797857
0.2801548491612079
0.2797285411155519
0.2823056085101874
0.2860541336365407
0.2868603965077814
0.2863706141165129
0.2845587745420478
0.2883504876756219
0.2870381993582031
0.2893576358281028
0.2896788621472101
0.2879111893520106
0.2876915870938877
0.2857889882132751
0.2850559417142034
0.2838204690484011