0.0059016734819169
0.0057543537191599
0.0059330193831964
0.0056526971437981
0.0056598082922824
0.0056521012984637
0.0057505183717385
0.0056455233513693
0.0057673227365161
0.0055420124345193
0.0057100981290774
0.0055997135641489
0.0055660434081562
0.0053270875622809
0.0054501670841235
0.0051822840713789
0.0051941204304535
0.0050184960204044
0.0050948178062754
0.0049334585370221
0.0049989210531168
0.0048024212581587
0.0047854258126691
0.0046819834256196
0.0048314229324652
0.0046610390886671
0.0047704699277834
0.0046174601589602
0.0046432993220086
0.0046298061125985
0.0045932023640144
0.0044734827510717
0.0045413959676115
0.0043586111977655
0.0042634952783753
0.0042206275591132
0.0043131744254778
0.0042428039057041
0.0043512878435537
0.0042947060622964
0.0042861860967902
0.0042403977483229
0.004329926507256
0.0041900839601908
0.0043294053128752
0.0043437338488802
0.0043069961941007
0.0041707207742638
0.0042129656299362
0.0041367780292574
0.0042496412695001
0.0040771720828513
0.0041502383630685
0.0039908953209412
0.0040638356207457
0.0038939964212488
0.0039408841321629
0.0037731107224006
0.0039168533690235
0.0038205639283397