0.0060388733519923
0.0062179241126952
0.006135525234423
0.0062775349945363
0.0060340011063552
0.0062003412321411
0.0059442504402831
0.0061272320909664
0.006108908302627
0.0062514653983703
0.0061575746032912
0.0062671139511843
0.0060579545319906
0.0060899508646522
0.0058900103782076
0.0059211917691825
0.0056532312150101
0.0057670210905257
0.0054744846014157
0.0054434840469651
0.0053645186980228
0.0053031255016813
0.0050673462401177
0.0050829981179422
0.004917589758714
0.0049207530313173
0.0048567332910129
0.0049121044645622
0.0048276527219043
0.004832697708277
0.0047056647745998
0.0045946872405252
0.0044908828731506
0.0046071581083048
0.0044837521470378
0.0046256008008483
0.0044898579334119
0.0046130995383463
0.0044780692424846
0.0045244076011722
0.0043783585553344
0.0043934510767707
0.0043317010660591
0.0043699537152233
0.0042440752562278
0.0043201865397339
0.0041077156319689
0.0042792514419578
0.0040728647640231
0.004155831296196
0.0040423400928592
0.0041040082411985
0.0041800260179937
0.0042971725010467
0.0041199759610037
0.004301996235676
0.0041009986287846
0.0041621416678784
0.0040995637331663
0.0042826751475752