0.0060141393177224
0.0060890010031005
0.0059501784871058
0.0060371576885951
0.0058700325877432
0.0060876959569821
0.0060975860175561
0.0061203195718926
0.0059655180204803
0.0061454576314031
0.0059826716639209
0.0066172367851905
0.0069895711080619
0.0079743847805126
0.0085962625160115
0.0095773150284201
0.010239511580724
0.0110264027975814
0.0119488185879096
0.0129875950920246
0.013667852484952
0.0142482144978987
0.0146804306272859
0.0151818946850217
0.0148504965505912
0.0153170991647544
0.0157229518560956
0.0163947026504692
0.0170870263878205
0.0180240617703322
0.0190274250009187
0.0206421124695266
0.0216950966649343
0.0230521887101768
0.0240845500679902
0.0255454640034959
0.026172227444144
0.0274143496134606
0.0282483265993869
0.0292114461504594
0.0295552792566826
0.0297194936525471
0.029624059231346
0.0301083065339412
0.0299911032559651
0.0305147361684863
0.0301085256724592
0.0302238124413706
0.0296258379570352
0.0297015814264513
0.0294857630551668
0.0297146421354327
0.0294775888278721
0.0294936050656659
0.0292398874813299
0.0290502765376759
0.0286107682620099
0.0288932638765705
0.0288846352870113
0.0288757914897544