0.001145873820776
0.0011217721784969
0.0011253363766887
0.0011177187471076
0.0011216855340096
0.001121044736079
0.0011245698582478
0.0011211536351934
0.0011274784728743
0.0011339891947328
0.0025344857163772
0.0121126917324621
0.0265634965300935
0.0513323779793667
0.0713866995933857
0.0921779277647057
0.1161540874167066
0.1342063583792004
0.1571225380665724
0.1778219050244193
0.1971842585295015
0.2122848376193976
0.2262187090384047
0.229829105061434
0.2245221792076334
0.2281041846534564
0.2422582648789585
0.254996659414645
0.2739579865802035
0.288607996655396
0.3083832904792215
0.3263847594550109
0.329170289168084
0.3368249605897262
0.3276686417522583
0.3313683579762171
0.3211156199227353
0.3135659542764534
0.3174744562239744
0.3172475454594931
0.3116307351917666
0.3052769196997518
0.3160604214938887
0.3271358155201141
0.3285760317996291
0.3544621289911532
0.3479453306176177
0.3446502889514297
0.3405565797217569
0.3239227136592736
0.3219151716317541
0.3309682859997095
0.3321125881604302
0.3121226346438019
0.3156929716421993
0.3121415381249772
0.3040591829846685
0.3316159197617124
0.3350317377223494
0.3328722995041917