0.0054413528784059
0.0056940227041558
0.0055138751804794
0.0057547748672182
0.0058599467519219
0.0059062582935858
0.0056308977419062
0.0056824603364499
0.0058695878157726
0.0060389798697348
0.0061994092328481
0.0071921669422379
0.0077547594770516
0.0087958924733151
0.0093507477010225
0.0103002323165498
0.0108640152444045
0.0117703239560029
0.0128482754823939
0.0135032260048279
0.0141572082486572
0.0148214077839924
0.0145635548268385
0.0144700484479152
0.0146418316506307
0.0150347387492908
0.0151172500871031
0.0156793875753787
0.0164915300461699
0.0167528790403809
0.0169880915709312
0.0177950208639756
0.0179685697291362
0.0189934905226252
0.0197165377160099
0.0198463930321677
0.0201820756174794
0.0207838423234271
0.0211746034144426
0.0211998200829845
0.021838293140937
0.0223460094050664
0.0226497790328208
0.0231252106783162
0.0232903878266812
0.0234935261144437
0.0237944594667047
0.0234002693985578
0.0232220621253405
0.0228513277893919
0.02271164981082
0.0224032962420239
0.0222437915898596
0.022366902523778
0.0222719249264245
0.0217662444629475
0.0218026687310437
0.0223619855748989
0.0229975362409846
0.0230002841488932