0.0053097159394009
0.0077021668431351
0.0109800845080625
0.0146596692989821
0.0214404915576719
0.0285351516291554
0.0326081023706887
0.037947843892532
0.043832871546937
0.0506430231670718
0.0571607187795092
0.0610087249443374
0.0653994970396946
0.068124227749359
0.0696232647732087
0.0689240863798311
0.0677275433279977
0.0683906737013297
0.0703254181863408
0.0703530153637746
0.0693727148815981
0.0682294332972926
0.0690664863924635
0.0712561989232582
0.0717071298464123
0.0684380669192779
0.0726247644821073
0.0733299315275489
0.0678642917943176
0.071428989947364
0.0721862576491881
0.0738171723746778
0.0741355843281515
0.0725765516509823
0.0731911325804114
0.0717831900300723
0.0719063890678122
0.0723169775343732
0.0656398363961141
0.0711438957846068
0.0729693526986133
0.0715814111548696
0.0701899876677576
0.0691183631969119
0.0712961850722095
0.0684938448514157
0.0702349604736647
0.069994418270964
0.0710927488709717
0.0730806624561149
0.0708003150318836
0.071183535484459
0.0707688712152981
0.0643025258597126
0.0590004082828551
0.0525066724451766
0.0461594774984981
0.0390709273451763
0.0322027503297435
0.0272205293499515