47.0
50.0
45.0
53.0
59.0
57.0
63.0
66.0
67.0
82.0
73.0
85.0
83.0
88.0
94.0
118.0
104.0
112.0
109.0
110.0
108.0
124.0
124.0
127.0
136.0
120.0
153.0
152.0
170.0
126.0
158.0
144.0
168.0
176.0
164.0
168.0
179.0
176.0
196.0
195.0
180.0
204.0
203.0
214.0
197.0
229.0
215.0
218.0
222.0
224.0
243.0
214.0
243.0
249.0
224.0
263.0
284.0
230.0
248.0
292.0
266.0
245.0
283.0
276.0
285.0
288.0
303.0
291.0
297.0
295.0
306.0
339.0
339.0
306.0
301.0
353.0
318.0
351.0
329.0
327.0
323.0
382.0
335.0
369.0
360.0
349.0
387.0
394.0
367.0
382.0
364.0
402.0
416.0
416.0
402.0
397.0
406.0
419.0
378.0
443.0
435.0
449.0
416.0
430.0
441.0
430.0
440.0
454.0
447.0
457.0
420.0
473.0
506.0
443.0
478.0
483.0
492.0
460.0
506.0
497.0
487.0
535.0
509.0
491.0
534.0
521.0
493.0
554.0
503.0
541.0
597.0
509.0
555.0
536.0
543.0
565.0
543.0
577.0
576.0
561.0
557.0
528.0
574.0
612.0
587.0
588.0
603.0
585.0
639.0
579.0
588.0
659.0
586.0
615.0
705.0
589.0
631.0
663.0
643.0
647.0
656.0
666.0
672.0
649.0
633.0
680.0
734.0
644.0
645.0
724.0
653.0
727.0
679.0
718.0
674.0
729.0
722.0
699.0
723.0
741.0
760.0
713.0
730.0
780.0
719.0
784.0
737.0
744.0
758.0
728.0
789.0
683.0
782.0
721.0
826.0
750.0
760.0
706.0
800.0
800.0
721.0
752.0
658.0
798.0
752.0
768.0
780.0
765.0
768.0
776.0
698.0
839.0
630.0
794.0
761.0
755.0
766.0
749.0
761.0
792.0
776.0
714.0
723.0
807.0
774.0
727.0
749.0
644.0
838.0
668.0
844.0
657.0
791.0
748.0
726.0
782.0
735.0
821.0
720.0
750.0
688.0
805.0
693.0
780.0
773.0
718.0
803.0
695.0
782.0
753.0
732.0
773.0
795.0
755.0
666.0
835.0
738.0
690.0
689.0
815.0
709.0
824.0
709.0
806.0
755.0
743.0
803.0
786.0
738.0
683.0
819.0
764.0
745.0
780.0
781.0
780.0
726.0
804.0
749.0
754.0
809.0
756.0
761.0
767.0
667.0
848.0
749.0
726.0
792.0
675.0
816.0
719.0