0.0150269171410961
0.0151107232060489
0.0150935233694362
0.015305338517959
0.0052349379274838
0.0144371195143514
0.0141753161545898
0.0139412453094026
0.0139788626855599
0.0142211225807622
0.0142824576035071
0.0143339050173264
0.0141466777219795
0.0139671134011391
0.0139322779196946
0.0139509926829706
0.0050855810057902
0.0148213875839225
0.0152428573557906
0.0152142507254894
0.0147857826001466
0.0149114359779483
0.0147768668595718
0.014934478713744
0.0151339209497714
0.0152479211049684
0.0151578654316927
0.0150101377375406
0.0052688408989517
0.0109064751443614
0.0150199709834682
0.0153624784810127
0.0154199573524206
0.015341724159044
0.0153192839168899
0.014975887058108
0.0149824517725097
0.0150462137405958
0.0149829150364749
0.0149143160567109
0.009396181780546
0.0151111909690234
0.0152823900679037
0.0150222741350195
0.0149591448534669
0.0149482523424875
0.0152211193708727
0.0152807660996913
0.0151354197168095
0.0153569036919325
0.0152201062247398
0.0150876949315263
0.005026548869144
0.0139821139410913
0.0141213648430919
0.0141362934784577
0.0143229180808676
0.0141627403372527
0.0141371672939134
0.0142822892877251