0.0003315833409177
0.0003070608664835
0.0003309510778674
0.0003296803142795
0.0003147564323702
0.0003330664262364
0.0003329003527022
0.0003113280331588
0.0003357858300111
0.0003322875179392
0.0003110769065405
0.0003280239872856
0.0003271399738263
0.0003104033525594
0.0003278878254776
0.0003276100056333
0.0003100160458347
0.0003286960570053
0.000330630977207
0.0003053180439114
0.000329558309332
0.0003244044240866
0.0003080983193727
0.0003316617687473
0.000329246515244
0.0003072314953357
0.0003187103237176
0.000326561242816
0.0003039492848093
0.0003299731464737
0.0003318119435316
0.0003146621160409
0.0003366390946721
0.0003344117918264
0.0003114140786
0.0003336544422141
0.0003350366396652
0.0003206840418444
0.0003342942227838
0.0003402101344774
0.0003104060070606
0.000336938453629
0.0003321293862071
0.0003098068929276
0.0003302965776021
0.0003305680274579
0.0003093176786007
0.0003258297161011
0.0003315201960606
0.0003116348050511
0.0003185156178015
0.000331420330815
0.0003033243797933
0.0003276869532003
0.000331516065766
0.0003111608645198
0.0003323678240319
0.000331065753176
0.0003161617867332
0.0003303790567487