0.0011398622571928
0.0011362904624804
0.0011288062916583
0.001123847153849
0.0011187554702779
0.0011176542637852
0.0010934493876889
0.0010896715516777
0.0010931308953202
0.0010863977546837
0.0010860588941651
0.0010909218255599
0.0010806365263446
0.0010703608468519
0.0010670851176075
0.0010606133097382
0.0010733848743185
0.0010673348156986
0.0010700560745967
0.0010688627497577
0.0010752997007888
0.0010805812117986
0.0010808153015334
0.0010989287383178
0.0011065760440416
0.0011171914993162
0.0011391667563605
0.0011264188318246
0.0011378170653351
0.0011274841176139
0.0011443800083283
0.0011482537956651
0.0011634839920552
0.0011588419355981
0.0011477073517757
0.0011473125376199
0.0011458113664946
0.0011343587740493
0.0011466942339315
0.0011422995353228
0.0011470786235961
0.0011307047242673
0.0011265789927213
0.0011077173026244
0.0011264117342122
0.0011226472308503
0.0011239756221802
0.0011141193991147
0.0011202156325053
0.0011133420713522
0.0011164078911062
0.0011184590942028
0.0011133853069379
0.0011131837335174
0.001118875168568
0.0011000381052167
0.0011240597844913
0.0011266979700105
0.0011327292122246
0.0011278973360507