0.0012604932601458
0.0012670346656976
0.0012684592055142
0.0012659768276646
0.0014839336189215
0.0015013313710387
0.0014877044366998
0.0014920648945055
0.0014975763408073
0.0014921370558376
0.0014834939662821
0.0013417433538203
0.0013519664205023
0.0013468811114321
0.0013522871585049
0.0011448830345629
0.001140361437695
0.001143320455317
0.0011389444655762
0.0011456353661601
0.0011446764229416
0.0011470901955666
0.0011492706897508
0.0011421288052342
0.0011349819300268
0.001138934885161
0.0011226031231425
0.0011250931406903
0.0011181237239763
0.0011297259216506
0.0011204791976495
0.0011276761221152
0.0011360180938698
0.001129069160286
0.0011347751359188
0.0011417033590308
0.0011308892237993
0.0011484939810356
0.0011423620595911
0.0011452324296916
0.001138682200897
0.0011419274436161
0.0011360873158396
0.0012266101857032
0.0012306413790576
0.0012270118617566
0.0012286017291272
0.0012393021259052
0.0012283525740751
0.0012359488467397
0.0012351075591566
0.0012312018283076
0.0012191240824058
0.001234203567758
0.0011314404816962
0.001131010153736
0.0011283388794317
0.0011318887412574
0.001120991523862
0.0011295209012747