0.0010183658726282
0.0010139235455042
0.0010152940527039
0.0010123693239524
0.0010065353284535
0.0010057204520022
0.0010084332844842
0.0010068953274367
0.0010134372607479
0.0010006424196974
0.0009937287932251
0.000992058799608
0.000997398275271
0.0009878323633188
0.0009941375921816
0.0009908017244482
0.0009869161592171
0.0009854511361332
0.0009782588437511
0.0009745241259122
0.0009861192382561
0.0009909867208015
0.0009970413227667
0.0009975925981002
0.001005271266213
0.0010082865591005
0.0010119109640109
0.0010107585292719
0.001006807602433
0.0010104969535756
0.0010110373531784
0.0010101556188644
0.0009989772318428
0.0009927563449963
0.0009941044486034
0.0009797083853008
0.0009778865229906
0.0009804144277787
0.0010734559843532
0.0010814126420716
0.0010986186332039
0.0010925780558016
0.0010906894779501
0.0010892187910876
0.0010932851025837
0.0010893134999631
0.0011074459948225
0.0011032929316887
0.0010974578423459
0.0010096191536338
0.0010043732413591
0.0009813156527985
0.0009868031772156
0.0009793341624617
0.00098884654957
0.0009866789044933
0.0009910693943539
0.000980446855991
0.000982105609319
0.0009842641215285