0.0010715763818366
0.0010842595343522
0.0010737459507073
0.0010789687763864
0.0010608616195079
0.0010617163683602
0.0010442863804264
0.0010621182172332
0.0010633569171188
0.0010622498783585
0.0010611272470207
0.0010775590448624
0.0010699695854069
0.0010793689677795
0.0010809258186352
0.0010812067855993
0.0010707871777313
0.001073949172555
0.0010569836116489
0.0010654272603295
0.0010548753101623
0.0010619998167827
0.0010550842083857
0.0010722042713881
0.0010603769865691
0.0011441660862626
0.0011477393322653
0.0011487427122478
0.001163118883647
0.0011625543322953
0.0011608331769969
0.0011638217103244
0.0011510837187539
0.0011314463771286
0.0011257188484518
0.0011249341207876
0.0010610239945441
0.0010717806346743
0.0010750132981993
0.0010609123501028
0.0010557116882195
0.0010418791814175
0.0010468879474571
0.0010503099512088
0.0010525853592162
0.0010585980223087
0.0010651091816402
0.0010483471970732
0.0010390874948262
0.0010402612798047
0.0010430811392705
0.0010414224734698
0.0010383908430841
0.0010342434421277
0.0010345807195824
0.0010613881923418
0.0010501690916026
0.0010457004524068
0.0010446103971119
0.001040786893484