0.0060143712621288
0.0060391075652061
0.0060489964378754
0.0062155278574909
0.0060540306095832
0.006319387428592
0.0063908697842253
0.0066611568548015
0.0065830096133073
0.0069042870574621
0.0067733533397517
0.0066634893628911
0.0065279045412419
0.0064197136873543
0.0062798800014669
0.0062353688415447
0.0059262663456713
0.0057329745397291
0.0054346029977571
0.0052653016700882
0.0050434075613327
0.0051488751210776
0.0052650689568028
0.0053381260551281
0.0053607895150672
0.0054798932334093
0.0055475467381785
0.0056050279966259
0.0056025073735889
0.0056494326380546
0.0056105958973991
0.0057944483442614
0.0057097665543325
0.005886943950957
0.005876720738162
0.006218203214338
0.0063297110320025
0.0063283068799252
0.0063586284316391
0.0064578937182512
0.0064741510548978
0.0066153098340369
0.0063776288041225
0.0064281359579766
0.0062632242851836
0.0062829760847664
0.0060102616389871
0.0059820337592737
0.0059432448354039
0.0061075658817771
0.0060101672488602
0.0060914901752809
0.0059938012908667
0.0061447488942247
0.0059648263379765
0.006101681937383
0.0059760456410806
0.0061384780212786
0.0060581308310793
0.0064144239228462