0.0011396654795688
0.0011218060085061
0.0011206347213717
0.0010992723357296
0.0011014817951347
0.0010972620831229
0.0011066377633117
0.0010883663300158
0.0010932981467575
0.0010918026465776
0.0086839870559417
0.0183263560777779
0.0318624590031137
0.0430462891632671
0.0574547737325684
0.0663358320020381
0.0793909436974174
0.08914094027383
0.1028539920402788
0.1095035966403635
0.1154360339432697
0.1143472965129191
0.1106590614723233
0.1017353813238081
0.0953027377922942
0.0887991858194708
0.0871346361633558
0.0866270579119675
0.0876826877920875
0.0843409500233038
0.0854511539080645
0.0823757391016084
0.0772573936716969
0.0710128261517789
0.0658168567390109
0.06128692134
0.0559997399772188
0.0494115951599971
0.0375307990480365
0.0264347968531911
0.0165995286541825
0.0113086174812362
0.0074452468000065
0.0076951026926614
0.0076708792789252
0.0070912213632917
0.0054257669757045
0.0061562038374474
0.0044788139026417
0.0045009657962682
0.0042992620058683
0.0042835276506516
0.0031243811071309
0.0033457836898549
0.0032323847048765
0.0027217871528355
0.0029208225895019
0.0030046626065988
0.0021472057541568
0.0021524896337057