0.0021439976445669
0.0021539618551443
0.0021419692640063
0.0021468566205086
0.0021559277902539
0.0021414942252165
0.0021571802844619
0.0021460953032211
0.0021285523283289
0.0022845372027522
0.0022776076656568
0.0022836279582536
0.002245367217969
0.0022519250416536
0.0022175701709988
0.0021998089196322
0.0021713703241004
0.0021421417022602
0.0021489838833883
0.0021684266730295
0.0020280262855873
0.001995521244643
0.0020185882992408
0.0020398583526069
0.0020414120737801
0.0020712533666936
0.0020645743815283
0.0020788050709939
0.0020897139632199
0.0020851891930939
0.0020685941389576
0.002080216410638
0.0021021967972877
0.0020739315772034
0.0020730771152325
0.0021168455161885
0.0021027545967858
0.0021176668341708
0.0021108746023039
0.0021262949406621
0.002131586678022
0.0021449315188598
0.0021616225481073
0.002160271022748
0.0021952780434313
0.0021812685815485
0.0021600757296724
0.0021809762317676
0.0021705813567875
0.002180863454461
0.0021859592086962
0.0021953023611034
0.0021884689099168
0.0021687979351301
0.0021734323199354
0.0021398868444088
0.0021586188141287
0.0021595979531366
0.0021329125897403
0.0021485100096544