0.0687580134591958
0.0717478942843223
0.0759960664786102
0.0775019092332573
0.076673827271584
0.0792593879385493
0.0787105798406409
0.0808766813495101
0.082776710156124
0.0822384054934576
0.08218778328832
0.0820245574116471
0.0815391145800928
0.079221259490473
0.079332793979153
0.0796115562494306
0.0818992193250116
0.0786322482539121
0.0792064214633265
0.0776314338084437
0.0769887363123409
0.0758983602770976
0.07662542102963
0.0784480813625511
0.077470226998641
0.0788504983091451
0.0806078313008866
0.0769052347955768
0.0788746948712804
0.0796445932227943
0.0794244864747435
0.0824006741134143
0.0825227813935652
0.079849753631286
0.0795266071280648
0.0821015969031986
0.081762552303487
0.0798132059550637
0.0815831930692145
0.0810655299219104
0.0802363363014216
0.079783034759358
0.0787059304176734
0.0786087958160553
0.0816807296226737
0.0816261989323827
0.0807305681160472
0.0786645328193715
0.0800692027835157
0.0752936142939725
0.0687103861207669
0.0618057955768833
0.0562891091348978
0.048121601757574
0.0420823006583748
0.0346239656789597
0.0263664295232658
0.0187319949092459
0.0138545081829886
0.0060084055484562