41.0
32.0
42.0
46.0
43.0
54.0
55.0
54.0
50.0
81.0
69.0
79.0
74.0
77.0
91.0
89.0
97.0
77.0
88.0
100.0
100.0
106.0
125.0
121.0
101.0
123.0
130.0
119.0
134.0
133.0
137.0
136.0
147.0
158.0
155.0
154.0
161.0
167.0
151.0
174.0
160.0
163.0
181.0
190.0
167.0
165.0
198.0
216.0
192.0
213.0
195.0
214.0
216.0
192.0
215.0
252.0
228.0
210.0
221.0
246.0
213.0
243.0
272.0
227.0
272.0
262.0
237.0
255.0
269.0
273.0
298.0
286.0
287.0
274.0
285.0
293.0
276.0
287.0
296.0
306.0
293.0
325.0
305.0
313.0
329.0
344.0
305.0
333.0
351.0
325.0
330.0
350.0
336.0
355.0
343.0
341.0
362.0
354.0
362.0
386.0
376.0
384.0
374.0
374.0
380.0
389.0
400.0
363.0
379.0
406.0
403.0
415.0
419.0
419.0
383.0
420.0
416.0
444.0
441.0
434.0
455.0
414.0
455.0
378.0
468.0
459.0
444.0
428.0
497.0
441.0
462.0
481.0
461.0
543.0
441.0
468.0
477.0
474.0
478.0
473.0
548.0
464.0
461.0
576.0
483.0
488.0
531.0
550.0
429.0
537.0
521.0
479.0
526.0
526.0
510.0
507.0
492.0
524.0
538.0
522.0
503.0
571.0
489.0
526.0
611.0
479.0
459.0
598.0
543.0
470.0
549.0
556.0
547.0
504.0
642.0
529.0
518.0
554.0
527.0
632.0
533.0
471.0
586.0
559.0
500.0
546.0
561.0
503.0
569.0
570.0
502.0
585.0
551.0
505.0
582.0
492.0
540.0
585.0
506.0
486.0
573.0
561.0
513.0
495.0
493.0
527.0
566.0
531.0
565.0
497.0
510.0
472.0
551.0
515.0
453.0
481.0
584.0
469.0
610.0
553.0
513.0
523.0
547.0
485.0
580.0
441.0
608.0
508.0
525.0
464.0
471.0
603.0
562.0
520.0
564.0
594.0
509.0
528.0
584.0
505.0
483.0
574.0
463.0
605.0
526.0
487.0
504.0
467.0
578.0
528.0
525.0
492.0
495.0
545.0
494.0
506.0
576.0
438.0
612.0
467.0
513.0
529.0
447.0
592.0
541.0
476.0
498.0
464.0
559.0
505.0
503.0
595.0
489.0
599.0
504.0
516.0
444.0
539.0
562.0
446.0
523.0
530.0
485.0
556.0
495.0
572.0
530.0
460.0
526.0
529.0
495.0
570.0