0.0052649871709688
0.0049570211804725
0.0051982560883756
0.0052247074828708
0.0051793242843653
0.0052862095917994
0.0052700243266724
0.0053536083446466
0.0052434287913212
0.005314449878835
0.005222579521792
0.0053632717162337
0.00519389544083
0.0049203109332536
0.0053480720982094
0.0053976178538956
0.0052985086824037
0.0054060075669591
0.0053010073004777
0.0053550754915858
0.0052249320804367
0.0053030604169337
0.005122801733115
0.0048864599317345
0.0051291878870539
0.0052219723379091
0.0052754604190121
0.0052900915377912
0.0051705651689703
0.0052137452463154
0.0051954335556602
0.0052748193830195
0.0051584111860544
0.0053297847751728
0.0053141720681835
0.0053141720681835
0.0052836867546196
0.0052983006841469
0.0052541435441883
0.0052468964955176
0.0052971613899339
0.0052950486948616
0.0052107650275217
0.0053494799883781
0.0052381185398166
0.0052745692175062
0.0052257206453155
0.0052560275454332
0.005242483576068
0.0053683292985719
0.0052855876262708
0.0052005201418415
0.0051547090217168
0.0053478949331391
0.0052149363251111
0.0052324303161921
0.0052177381808739
0.0051954275114251
0.0052085552235561
0.0052304928822152