0.0017399539366515
0.0017669235565094
0.0017675351101906
0.0018010761359369
0.001871014162873
0.0019219683601846
0.0019287918995165
0.0019656449038478
0.0019796631013129
0.0019819188331372
0.002025125292566
0.002030639124749
0.0020154759750053
0.0020552144262053
0.0020268354608927
0.0020072347658991
0.0019575296146484
0.0019849290939472
0.0019579178700361
0.0019513466155535
0.0020764192131053
0.0020693104125382
0.0020641091926779
0.002074718627218
0.0020584470384469
0.0020691553863252
0.0020231284073836
0.0020481547937868
0.0020356931126263
0.0020282024215247
0.0020428461695003
0.0019214086297698
0.0019034605251268
0.0019152569864489
0.0019055983348415
0.0018984431530982
0.0018835312953818
0.0018993300788791
0.0018965588784362
0.0018900678764644
0.0019012806160305
0.0019223365552182
0.0019142919402554
0.0019286822669171
0.0019215137450522
0.0019338656901367
0.0019472297718309
0.0019565999380793
0.0019619056672895
0.0019648798718923
0.0019798484272318
0.0029654198678422
0.0029216587401972
0.0029154813681918
0.0028968773600071
0.0029237267680733
0.0028872635871488
0.0029052979210616
0.0029463959122852
0.002931972424877