0.0030048566146484
0.0029978423563725
0.0029692472627737
0.0030653935133553
0.0029062163386557
0.0029876774529147
0.0026046771293233
0.0030453539549433
0.0030810953332484
0.0031391245266452
0.0031182954690259
0.0029623446221949
0.0030388416163575
0.0025886397141919
0.0029710219290196
0.0026375089208321
0.0029615765277036
0.0030123069315963
0.0030288276213097
0.0029795672698947
0.0025564394849162
0.0028505716224038
0.0023966580803434
0.0027416242114143
0.0027913875081516
0.0028594633283926
0.0028006154235237
0.0024570201078246
0.0027856341248901
0.0022249363872337
0.0027214383155506
0.002722342401622
0.002839299056858
0.0028209496793471
0.0024073269353224
0.0027318877878169
0.0023149722976135
0.0028557815475757
0.0028736686295012
0.0027503395197305
0.0028713701933481
0.0024085645757802
0.0028120906903081
0.0023382826585039
0.0029580605051244
0.0029358400627062
0.0028812661265247
0.0028030930361617
0.0023253611450673
0.002740987514766
0.0024952171017825
0.0026487532890499
0.0026435655460977
0.0027302598036454
0.0027782842014107
0.0021720705760906
0.0025998751902859
0.0023131523842623
0.0028253757716331
0.0028610382039464