0.0011662443093942
0.0011714291549423
0.0015045477378637
0.0014252477002502
0.0014888983071114
0.0015125285693247
0.0015039510739201
0.0014899297724293
0.0014610211855085
0.0014235497654432
0.0015047685538867
0.001471711481077
0.0014616329086035
0.0011216507124787
0.0011253134347484
0.0011111937449147
0.0011208137828314
0.0010611709082496
0.0011287862020524
0.0011336945272257
0.0011332080200003
0.0011456286175968
0.0011425025350981
0.0011527940930807
0.0011586684863857
0.001166271305231
0.0011083924633051
0.0011615655750242
0.0011041858440981
0.0011668090142613
0.0011614006050285
0.0011620791827238
0.0011455617501127
0.0011575250934819
0.0011447933650227
0.0011400825686266
0.0011394524311645
0.0011488969284641
0.0011572424400241
0.001140339843965
0.0010800097386351
0.0011387679730786
0.001075437171279
0.0011428160596207
0.0011330422710767
0.0011411109949756
0.0011344032585811
0.0011389261621676
0.001071936984345
0.001129487245878
0.0011245004347138
0.0010764812953846
0.0011286177281299
0.0010765635235181
0.0011413964771113
0.0011440478270551
0.0011452709409855
0.0011494752507811
0.0011451660865744
0.0011418357936571