0.0055104382327735
0.0055064404326067
0.0054491286915956
0.0056174763748463
0.0058048267331252
0.0057478110015059
0.0053031693803306
0.0057236595794627
0.0056695337373657
0.0058318001207023
0.0055751443817879
0.0057719699897576
0.0058008416554867
0.0058126106095016
0.0055039389686726
0.0058819713047551
0.0060242560683328
0.005593246201568
0.005980892573414
0.0055693957274726
0.0058928507327697
0.0060038062274269
0.0060817847583171
0.0060063744183549
0.0059858167377904
0.0058675445915363
0.0057522513137223
0.0056787966865079
0.0056395415038801
0.0054071957651553
0.005403279272647
0.005040159067111
0.0054132216628308
0.0055114303875743
0.0054985459195765
0.0055944516666005
0.0055047496606518
0.0055295429952019
0.0051746882960937
0.0056519771871378
0.0056439796045219
0.0057335300141519
0.0054184800986327
0.0057738923848357
0.0057513767826634
0.0058369247793271
0.005860762040794
0.0059814651755474
0.0060554081471393
0.0058695943390117
0.0060974183134917
0.0058247314553617
0.0061104842300557
0.0058089952311919
0.0061582750848804
0.0062838234677745
0.0060412120873917
0.0056912614319493
0.0061698270122598
0.006109230672294