0.0061714231175934
0.0061007622437756
0.0055758935241068
0.005878484036488
0.0059656910069457
0.0059591172716191
0.0055197343960092
0.0060986025014375
0.0061480771522911
0.006056407539618
0.0059411645935624
0.0058667983148401
0.005580352884972
0.0060044558016589
0.0056215763813718
0.0059179018676157
0.0059229577952409
0.0058966025107103
0.0059243541638593
0.0055529595441325
0.0059107109801131
0.0059545230738057
0.0059045052329334
0.0056017628895211
0.0058105205903658
0.0056253570958784
0.0057506101903985
0.0056685620577905
0.0053482524629996
0.0055252733661997
0.0055350482339054
0.0054540855043021
0.005407634498631
0.0054996764988527
0.0052544592372795
0.005531542139919
0.0056614492527161
0.0056298430056742
0.0053479599797706
0.0054125526366137
0.0057306061703017
0.0058421883205739
0.0055970913498545
0.0061056300867468
0.0061312327701404
0.0062900238116827
0.006362308011913
0.0060101426861184
0.0062931591062348
0.0059579954486899
0.0062611011087935
0.0063690748763432
0.006484718943968
0.0061360898877113
0.0065285036029362
0.0064927339486763
0.0063457093300347
0.0064995960228918
0.0063101543755059
0.0059784888371934