0.0066745468047218
0.0066841555173047
0.0066793880727468
0.0066813477217742
0.0067061031434184
0.0067049904744788
0.0067226342858177
0.0066893725033403
0.0063146314528078
0.0066963975488319
0.0066924026536642
0.0067356686867092
0.0067565259571056
0.0067291645707442
0.0067069672665125
0.0067139075367813
0.0066746928305715
0.0066607515692942
0.0067026175298803
0.006329477492812
0.0066914906024973
0.0067055656035227
0.0067210160643916
0.0067178054460437
0.0067409534285087
0.0067291592276968
0.0067291592276968
0.0067305265969002
0.0067985410220994
0.0067909369938578
0.0067930172055279
0.0067917474911625
0.0067945749977205
0.00682630601958
0.00680584730854
0.0067604483724541
0.0067550056850174
0.0064113366915416
0.0067539279180788
0.0067393489710411
0.0067463630683849
0.0063625393801218
0.0067221197236157
0.0066857997059904
0.0063448948309817
0.0066789270290394
0.0066679108932758
0.0063443119068077
0.0066743432208079
0.0066831899888351
0.0063350971436033
0.0066847469651059
0.0063135761333006
0.0066717813760338
0.0063146111623137
0.0063200790551101
0.0066717558045554
0.0067244576204522
0.006724113725961
0.0067186311679861