0.0066869513325179
0.006575053929773
0.00583116089594
0.0061644902205194
0.0060686241299303
0.0060896219953345
0.0055482728855626
0.0055475895444388
0.0058806717551245
0.0062699527990817
0.0067426896167598
0.0068466907490384
0.0075988795653367
0.0082419680363546
0.0082299676937754
0.0092253608668586
0.009777734332276
0.0096141771526916
0.0102210251209267
0.0097523850096675
0.0093575647503146
0.0091489004031205
0.0079525157744174
0.008227010560088
0.0076979016494605
0.0062570512003175
0.0065301740127716
0.0066939915885644
0.0056173780503785
0.0059742712036739
0.0061222573912752
0.0061990168085691
0.0061343030830134
0.006023866878239
0.0056337729367073
0.0058633061310165
0.0070331118219749
0.0077877482283
0.0083789817163025
0.0095730335960768
0.011048038474168
0.0121312321315872
0.0121997083928375
0.012140351293607
0.0127558926389398
0.0137052058600907
0.0125468814738162
0.011625412600034
0.0106407095134913
0.0101236240405332
0.0090067634774609
0.0076130801518347
0.0070782911867588
0.0066869637067273
0.0061832248162646
0.0057066004865011
0.0060135656800798
0.0060255593171033
0.0062054254935528
0.0054860235283332