0.0052296275410546
0.001502382167558
0.0015883509946149
0.0015475369792771
0.0015515399908242
0.0014884456180675
0.0015426689311061
0.0015451312324483
0.0015329377935676
0.0016024563067931
0.0038598368944324
0.0114980185658004
0.0155474838467318
0.022547721417773
0.026592520391305
0.0249848615127091
0.0283597548004441
0.0310400281607936
0.0337092287564816
0.031363627739108
0.0287100761130612
0.026772137168591
0.023952062064169
0.0168056637668471
0.0096467462271862
0.0060770859245066
0.0063099359949042
0.0057085804696162
0.0012105848392655
0.0012002590364741
0.0012002590364741
0.0011897052822446
0.0012016670387176
0.0011325668389655
0.0011778212637677
0.0011134304807806
0.0142443942036786
0.0189240207962409
0.0189240207962409
0.0326406749274613
0.04037491053242
0.0468171316977031
0.0468171316977031
0.0511952557611165
0.0544562128793863
0.0480144414469133
0.0453750993943842
0.0420370519385765
0.0356462486911099
0.0237768228361876
0.0214856925593361
0.0116379581067677
0.0063672748404764
0.0011229192399079
0.0011861868307896
0.0010986359459037
0.0011631298758117
0.0011557693906331
0.0011623344526284
0.0011025553569967