0.003862845579881
0.0038771377722222
0.0015367820816283
0.001540112715205
0.0011580231576229
0.0011577899564192
0.0011550730039293
0.0011487118341687
0.0011539636837881
0.0011483123858827
0.0045224904122027
0.0084640726086956
0.0155752557330921
0.0243511987730475
0.0260885476930865
0.0264620274881342
0.0264620274881342
0.0339530053491887
0.0335667340881391
0.0338597319722495
0.0288045087869335
0.0280481824715548
0.0226494216622399
0.0182363131098234
0.0149387930585683
0.0065157243933028
0.0060234600327748
0.0010722440498333
0.0011439727956879
0.0010815882438177
0.00112982484152
0.0011431670968069
0.0011429795627988
0.0011401783280591
0.0010850796804588
0.0029006324366443
0.0125481464532813
0.0136298639613312
0.0205790064748202
0.0284969634802456
0.0400925437243551
0.0400925437243551
0.0408183166452871
0.044469591418426
0.0490172073923189
0.0475213790278558
0.0451809748499728
0.0353240200141279
0.0299836602042238
0.027480568719776
0.0164933681028094
0.0104981627495023
0.0069847636023633
0.0064833423495577
0.0011427799582233
0.0011427799582233
0.0011351088324107
0.0011328298605778
0.0011275451318714
0.0011313748983363