0.0061068737013647
0.0062166893518851
0.0060142133830872
0.0059731994669117
0.0059027318835291
0.0061542070699761
0.0061194603494009
0.0059684897101605
0.0057471006403896
0.0058420991797991
0.005643694966218
0.0055895754724877
0.0054524103968697
0.0055034184791495
0.0054017633687416
0.0052525081867798
0.0050766522795562
0.0049632867234459
0.0049338642622219
0.0048911225160063
0.0047542600033596
0.0047394062085726
0.0045384604187762
0.0045087247014938
0.0047672314377445
0.0049528211054199
0.0049827049735804
0.0048050136164764
0.0051007552980252
0.005380413723131
0.0053971699315553
0.0055278762281914
0.0052440869784032
0.0054649357842054
0.0052889850946301
0.0048619789161683
0.005250360086288
0.0053509171658332
0.0050381964851354
0.0053732853046987
0.0052234191606613
0.0052667239016823
0.0049127248804263
0.0051838792659426
0.0052118029982491
0.0053159554865049
0.0053582056491996
0.0053235321337708
0.0053013693933823
0.0054012826221061
0.0053893941355932
0.0053685595730375
0.0048139400466666
0.0054368240508198
0.0053541497905157
0.0054328232170971
0.005408623239765
0.0054668963847178
0.0053829795058568
0.0054334295260689