0.0060361386627054
0.0060569262019058
0.0059338505205617
0.0058917057908847
0.0058366172654957
0.0056810309772409
0.0055612073240688
0.005530066523253
0.0054883421647412
0.0053268635693349
0.0054065705750957
0.0052952274067426
0.0053135253814553
0.0054475993544151
0.0052757320924048
0.0051090643624907
0.0051457869671045
0.0051229330811541
0.0052125128154855
0.0051954147032643
0.0051936291818542
0.0050050610354831
0.0049662753287481
0.0049205089558759
0.0047897383272542
0.0050263831234075
0.0051482122846951
0.0051426121952119
0.0053030481290228
0.0053382940778155
0.0052772516599542
0.0054320915700852
0.0054907718190609
0.0055116849122546
0.005523340965618
0.005646826280056
0.0054443715851026
0.0056118107500137
0.0055538228510028
0.0055414489246833
0.0054100389549549
0.0054362719802183
0.0053319892012126
0.005460953319204
0.0054918691233444
0.0053658125193961
0.0053979222423473
0.0054340221492138
0.0052592673390338
0.0054495442425068
0.0053489118086416
0.0054445875811776
0.0055057931729074
0.0054501847917057
0.0053748579896954
0.0054061904908252
0.0054426174875089
0.0054322486711054
0.0053790735498754
0.005543479270196