0.0011859661268729
0.0011604572843432
0.0011642712992936
0.0011484621827178
0.0011586122766264
0.0010643095703112
0.0011383869790526
0.001132287224409
0.0011276196349547
0.001123336645534
0.00113235771512
0.0011424199128326
0.0011467839177393
0.0011515396996296
0.0011757792940918
0.0011769865892856
0.0012086840584006
0.0012176196475412
0.0012320174546901
0.0012431402580763
0.0012493733473967
0.0012514795972153
0.0012780310703857
0.0012766685071898
0.001268146992352
0.0012457850604305
0.0012413115528222
0.0012194724733394
0.0012209527358269
0.0012018848303723
0.0011831489502648
0.0011786123097506
0.0011721665956104
0.0011515882648037
0.0011508214725064
0.0011540903898642
0.0011628063196817
0.0011462488930023
0.0011471748633879
0.001131210408627
0.0011377997277183
0.0011383486836036
0.0010787892076368
0.0011389419729557
0.0010597284076205
0.0011305620650912
0.0011304481957381
0.0010620393524175
0.0011346838512499
0.0011301190572267
0.0011344721476139
0.0011239246425235
0.0011202007353725
0.0011199771479613
0.0011190063318463
0.0011176834605413
0.0011198547423588
0.0011095113310616
0.0011270897751577
0.0011240303832368