0.0064387623506381
0.0063717617057162
0.0064716977538707
0.0063133764408567
0.0064923881094545
0.00626612046625
0.0063946075255295
0.0063325311411272
0.0060317596231248
0.005997399974539
0.006005370081663
0.0057149963683013
0.0057329736391338
0.0055182777062316
0.005474330226293
0.0051498198558846
0.0051765378964406
0.004928828398397
0.0045838879491294
0.0047525501487187
0.0047954633562015
0.0049038805664618
0.0046991302140123
0.0048648036874578
0.0049728325239146
0.0049756851841696
0.0052397117854467
0.0051903748726902
0.0052742978982361
0.0053064875528843
0.0054667100353
0.0053673854001728
0.0055508195733773
0.0052493375166159
0.0056227472122368
0.0055732696071859
0.0056303720913148
0.0054215527434557
0.005504096656568
0.00543874750922
0.0055147410159294
0.0054369769393537
0.0055027838950488
0.0053919385450523
0.0054180902339534
0.0052933743586075
0.005462690566988
0.0051482754336687
0.0054869297548045
0.0053509242526863
0.0053595840744908
0.0051976904937907
0.0052732079007436
0.0051531955342198
0.005388931106547
0.0049497884599867
0.0053684521897942
0.0052881178703101
0.0053887410968275
0.0052875460478869