0.0011259277305725
0.0011329217751307
0.0011344283497247
0.0011425670848896
0.001130667582219
0.0011387176657592
0.0011377448530202
0.0011380846219386
0.0011213389448203
0.0011317656377343
0.0011247070128243
0.0011354979591105
0.0011221141872278
0.0011227974234233
0.0011066403526493
0.0011271786122267
0.0011245983503577
0.0011207925778293
0.0011251714571948
0.0011399554430195
0.0011452884768594
0.0010718918401479
0.0011455860350041
0.0011616462812978
0.0011598262158407
0.001158903940344
0.0011590783106248
0.0011625720831799
0.0011645354278314
0.0011504311427142
0.001154435374887
0.0011512324507001
0.0011372113745966
0.0011392331777235
0.0011391180491581
0.0010633061352012
0.0011272478723797
0.0011356316539361
0.0010630437866611
0.0011272780051899
0.0011249617928259
0.0011789940231327
0.0011816634590615
0.0012026562805541
0.0011924672076215
0.0011962188845082
0.0011869245927721
0.0011897976357188
0.0011874530869623
0.0011327963728376
0.0011980759100911
0.001200665325015
0.0011387417840375
0.0011343250679718
0.0011348672238359
0.0011420402674886
0.0011329267634518
0.0011187835000275
0.0011303119904297
0.0011395394548062