0.0283651321699789
0.0290338910876548
0.0269259303214243
0.0255493518497738
0.0211708176608822
0.0166491671755308
0.0146153671637947
0.007841592579133
0.0062888579342738
0.0024313706034057
0.0024181014110317
0.0024519899051191
0.002447848219198
0.0024380460720816
0.0023995137148463
0.0024941304768863
0.0024956250183338
0.0025014847607573
0.0035499701169887
0.0100822523800874
0.0131974384351934
0.0171203667182194
0.0211424957260361
0.0232705929479665
0.0281411585750541
0.0308076346089919
0.0299686518822553
0.0280611169613268
0.0309477532511211
0.0294668929667543
0.0220779303687753
0.017677248779338
0.0149367642929161
0.0106316056386672
0.0085240880928809
0.0037963022358169
0.0018846217205613
0.0018559390281815
0.0018166286401234
0.0016340747860403
0.0017290610355114
0.0016590867574075
0.001627900622451
0.0014877974144328
0.0015880682866696
0.0062306160839798
0.0083008861631551
0.0129366997748402
0.0182927340625225
0.0222016342203375
0.0252575776826914
0.0274540589109728
0.0273403592985019
0.0276213213665421
0.0271922320772561
0.0216322501558637
0.0230378932501629
0.0206390357123153
0.0155475028852895
0.0103262836831167