0.0012845226119605
0.0013024398712514
0.0013041537694454
0.0012828295892168
0.0011737970484311
0.0011535577092509
0.0011334171040054
0.0011412311395889
0.0011279112418516
0.0011271881779537
0.0011156269811152
0.0098197553200508
0.0109660017467816
0.0164529195946811
0.0240634745890628
0.0300125727070993
0.0349459896452126
0.0402576774505336
0.0491108482108539
0.0544300666234868
0.0605072070892831
0.0649818346295684
0.0653792695532965
0.061889791927985
0.0723643445576961
0.0711705057241864
0.0716037101291142
0.0743006196174467
0.0731568557092287
0.0707056758382872
0.0721202383824179
0.070312989929653
0.0724289170814111
0.0725622619456283
0.0726511025420007
0.0627843927917153
0.0630905116802907
0.064312057944063
0.0645816987489541
0.0701534129584573
0.074265070730855
0.0797933969910087
0.0871021261946414
0.0886847521682334
0.0939563219590455
0.0908053201319572
0.0907435757612373
0.096387657261519
0.09450567003954
0.0977348465997533
0.0946081238064174
0.0944933759384926
0.0917979493727103
0.0898813670333222
0.0932653481790847
0.0913395616313427
0.0971476449311619
0.1001020157513832
0.09489201817067
0.0972132588636489