0.001040299046957
0.0010474888577867
0.0010496583813059
0.0010553115759105
0.0010566575142949
0.0010524591861171
0.0010515148927684
0.0010481212536299
0.0010427279032286
0.0010364693801709
0.0009721956323892
0.0010340310948716
0.001027399583748
0.001029898912864
0.0010276019009355
0.0010217039220295
0.0010261387295826
0.001025773231953
0.0010332598529411
0.0010355857851179
0.0010399381592705
0.0010487545563438
0.001047170981315
0.0010464373555417
0.0010488856693949
0.0010387467905191
0.0010498993325712
0.0010473543358468
0.0010552466506606
0.0010603010141441
0.0010625163279454
0.0010604177359309
0.0010573822318876
0.0010605520987837
0.0010607809700861
0.0010556447492293
0.001055594502909
0.001041391556083
0.0010297318984378
0.0010228666691019
0.0010185739414271
0.0009477499065039
0.0010089750548646
0.0010030862571481
0.0010010798688454
0.001002316101356
0.0010039694768293
0.001003325161037
0.0010115208340861
0.0010483399893314
0.0010194516634438
0.0010750459944952
0.0010928671379137
0.0010836170867182
0.0010871201567809
0.0010922010274161
0.0010904126989798
0.0010922942878874
0.0010921181796608
0.0010941887098857