0.0135134032037613
0.0153529735975969
0.017541437413336
0.0203787470827671
0.0231071230809116
0.0262763413100685
0.028577207003546
0.0322437316703912
0.0351919845603088
0.0375615199066647
0.041168245043933
0.0433703505904051
0.0449906794960077
0.0466554715237634
0.0473563839095682
0.0480758207308542
0.0488459150095742
0.050109378127115
0.050694784394214
0.0514704767373278
0.0523773737419283
0.0524687124095605
0.0531372681527254
0.0546128427832314
0.0554273735341297
0.0557302460443331
0.0558080154221518
0.0567488504520061
0.0575373546112288
0.0579956488893849
0.058321119911471
0.0589463656517733
0.0587904846937847
0.0593289465700741
0.0590780776363004
0.0591150748732851
0.0595641003977394
0.0603727465851708
0.0596337679321094
0.0601836746044817
0.059049079650954
0.0597578133326203
0.0593069481395468
0.059816716976594
0.0592958325539072
0.0590353001362498
0.0594493280683494
0.0599920507522576
0.0602914003111322
0.0604554250490428
0.0596395119926688
0.0609884050937658
0.0600395774563648
0.0574895482856473
0.0526488275564965
0.0479069563926137
0.0433144113342226
0.0381347227930574
0.0330809418023446
0.0286161951629396