0.0028686347944464
0.003971078421098
0.0062045788673029
0.0106533055793522
0.0152933354049826
0.0213354189612657
0.0257327981411134
0.031996855305755
0.0361344961445108
0.0421131770377988
0.0477049272937096
0.0536274188894735
0.0560545023562512
0.0570683151512974
0.0581200833812848
0.0579480571029628
0.058038103672396
0.0577259760925543
0.0576256224164478
0.0577242888701788
0.0588898407384969
0.0573941640301106
0.0566813590626283
0.0582795020591012
0.0593962599296326
0.0584714047876329
0.0586991044632461
0.057851958115377
0.0599633619805109
0.0585309967375321
0.0595522170883885
0.0578176585170413
0.0584935197955887
0.0588315627341312
0.0580838487144537
0.0572305849970935
0.0583183127075146
0.058857261213197
0.0570672160898873
0.057875235546155
0.0578645088744544
0.0588825683421984
0.0579026208550107
0.0582212007056644
0.0568297286002592
0.0573088350832488
0.0576526708663166
0.0587835080256837
0.0585447183930914
0.0610148330783546
0.0581007793180846
0.0590943641068007
0.0570303253106029
0.0548245712171001
0.049614788681007
0.044922000161719
0.0403933595371188
0.0348786289797389
0.0277173141676601
0.0233151295751872