0.0473634896378787
0.0466089351779662
0.0416281287074729
0.037753595622962
0.0294642994424172
0.0219693996312428
0.0160706413898048
0.0052483970214118
0.001149235149455
0.0011410680102163
0.0010922149187058
0.0010891171092895
0.0010793427076393
0.0010761011604716
0.0010710549527471
0.001077744718083
0.0010685067125087
0.0036204579281946
0.0077613546666661
0.0148113651517968
0.0215840119017737
0.0411596472651029
0.0605062689374586
0.0785270021800011
0.0806085477191256
0.0795739918150491
0.0812751121013727
0.0810349927974695
0.0779116872661889
0.07465247254588
0.0663983166747544
0.0592579520100962
0.0399433103653581
0.0209468376845711
0.0011111032940744
0.0011014705642243
0.0012132059814504
0.0012153472001145
0.0012086504303634
0.0012252048402161
0.0011988815456475
0.0012155701526344
0.0012068330585095
0.0042205002472121
0.0082551821229862
0.0169931143944191
0.0200876302057022
0.0280229831706179
0.0357763221656694
0.046015552444469
0.0427594341898361
0.047636690337406
0.0482651854392054
0.0475311525824662
0.0437275375038901
0.0401856692610618
0.0303276596841648
0.0274040675130042
0.0201222649854936
0.0125256873027959