0.0010176422457565
0.001016624199939
0.0010158666128469
0.0010018691600644
0.0010091585911867
0.0009963411866735
0.0009967942138456
0.0009910074534606
0.0009882954203396
0.0009874831086703
0.0009785057981832
0.0009857472643839
0.0009905576384479
0.000932062764043
0.0009944411688933
0.0009924209015794
0.0009994595426239
0.0009990882396069
0.0010011231442951
0.0009977425917815
0.0009999205920464
0.0009983285853443
0.0010038499185848
0.0009806637929079
0.0010445891519601
0.0010443662732727
0.0010523159728458
0.0010531603856911
0.0010544251064685
0.0010658643880513
0.0010742976455734
0.0010738240535324
0.0010838214071065
0.00108342585701
0.0010559693172544
0.0010570762450657
0.0010621153292033
0.0010569725153831
0.0010591892182209
0.0010649058821421
0.0010615986859676
0.0010582734445672
0.0010610539561664
0.001048493513494
0.00105384694452
0.001035973341124
0.001035689744746
0.0010324583911487
0.0010386942924724
0.0010365642311886
0.0010365796479835
0.0010336712
0.0010284722920079
0.0009663409469071
0.0010329966032608
0.0010248286371905
0.0010416300176104
0.0010348925182878
0.0010463335337085
0.0010323860087891