0.0058625771886469
0.0060067744117383
0.0060250986196542
0.0062318601897022
0.0059652150032171
0.006069455406443
0.0060629333574005
0.0061156787683252
0.0059948338965189
0.0062287953348381
0.006219280822045
0.0062132032554563
0.0059663421754566
0.0060791968600134
0.005854745246589
0.0060035153434451
0.005659328131665
0.0056310589727677
0.0054396482729799
0.0054989742013433
0.005109073361035
0.005229652558593
0.0050917034020636
0.0053031823845524
0.0051533199920061
0.00529613246336
0.0052148275173027
0.0054251645775769
0.0053244797710205
0.0054872111260177
0.0053014390591721
0.0054520036074252
0.0052784565523806
0.0053825412961776
0.0052701143188114
0.0051945206503527
0.0049680286611066
0.0051283522427677
0.0050829526925102
0.005165405198527
0.0049772152376069
0.0050094171038447
0.0049407603707951
0.0049370140712277
0.0048941280630686
0.004984086185067
0.0049135051858715
0.0051454459509383
0.005074499572999
0.0051354414294566
0.0050575878012789
0.005217565498307
0.0052612745992917
0.0054313442370704
0.0054430656935656
0.005582751436468
0.0054259548505296
0.0056458568743781
0.0055092806438747
0.0055084094083735