0.0146068020677064
0.005170296843103
0.0141687415331702
0.0144879548232013
0.0142937050219493
0.014154552765615
0.0142176501760379
0.0144621443829689
0.0140361561459411
0.014259001932001
0.0143352465617415
0.0141447214461647
0.0142201831302406
0.0050884982175671
0.0049144375738189
0.0146764181219173
0.0148231371500007
0.0147684170470456
0.0145984784446786
0.0146702427233522
0.0145835495257405
0.0146945599920217
0.0146271921016185
0.0147809141914796
0.0144593037248251
0.0145483740324282
0.0133338375608877
0.0136313979357799
0.0136804682998709
0.0137629049721524
0.0134734150011757
0.0136842106948565
0.0137420828080649
0.0137893920701624
0.0134987565838224
0.0136972272719005
0.0136553540332795
0.0050916896507746
0.0146081153264702
0.0146963719164061
0.0146610910242721
0.0150374648162126
0.0147146022756141
0.0147545732221341
0.0147184831200327
0.0147108211691955
0.0148433198003089
0.0148174821347224
0.0149233229647408
0.0050357776128977
0.0048959767752077
0.0148695672229616
0.0149056315492339
0.014920982407976
0.0147221474979784
0.0151572022502797
0.015159069492934
0.0149024675261971
0.0151158484554923
0.0151400016018638