0.005716107848869
0.0059217568056774
0.0057810070389403
0.0059217987302274
0.0060518147171445
0.0060256213345218
0.0059740310821391
0.0060394511966171
0.0058285960613569
0.0061333471146503
0.0060195603125688
0.0061036555371252
0.0060820192754945
0.0062110306952529
0.0059859050768975
0.0059927583895084
0.005892323830705
0.0058994318169163
0.0056529017182745
0.0057845275952458
0.0055270769832258
0.0056674893001735
0.0055257845653319
0.0055599374676817
0.0054646258525437
0.0056815640691869
0.0056307323300762
0.005781311785898
0.0056017096650931
0.0059733168036902
0.0058015644455737
0.0059714988182631
0.0057489783335465
0.006024442980538
0.0059764990227776
0.0059223120510775
0.0056888999183158
0.0057352548935853
0.0055428617305333
0.0057266168834722
0.0057266168834722
0.0058449955266666
0.0056346295798258
0.0057567681012023
0.0057540774285419
0.0057667809222757
0.0058635805614356
0.0060286621658114
0.005991108294518
0.0060447049985393
0.0057876672929273
0.0054653891932385
0.0057165309845576
0.0058482897259905
0.0058313629196384
0.0059445149970775
0.005394478004979
0.0058155834575804
0.0056572672296678
0.0057153941426132