0.0070165863655373
0.0070354853509718
0.0070330686707065
0.0070551284719705
0.0070436086228778
0.0070111937002172
0.0070148979472781
0.0070455384378899
0.0070153824924227
0.0070398527236165
0.0070437234500859
0.0070463697697107
0.0070656501278113
0.0070629023979118
0.0070463167161446
0.0070625386847891
0.0070835540798016
0.0070849814608757
0.0070444809732323
0.0070616463899417
0.0070672275985003
0.0070558469695055
0.0070333997465655
0.0070025422971658
0.007005846759352
0.0070429604433471
0.0070494960970598
0.0070782394852942
0.0070934451501155
0.0071313799804757
0.0071197740149553
0.007119051029657
0.0070971741995018
0.0071161604212328
0.0071659592012108
0.0071839798144319
0.0071367746225136
0.00716087823839
0.0071537564571674
0.0071380414621113
0.007128702419626
0.0071677328370705
0.0071908587288167
0.0072167139505274
0.0072263778563015
0.0071819715850674
0.0071430534915596
0.0071327703350996
0.0071089631959338
0.0071143721674025
0.0071123729210587
0.0066460369652384
0.0070875277818049
0.0070542682316512
0.0070872796400972
0.0070899830434227
0.007090031611229
0.0071225535616087
0.0071628595894816
0.0071641294699027