0.0057309282606749
0.0056393769160582
0.0057789988575712
0.0058115124746128
0.0059937409848565
0.0057494360720925
0.0057124180710584
0.0056204925254834
0.0056053909260972
0.0054536821752266
0.0054934233301805
0.0053159328326846
0.0053105800307775
0.0051339587014134
0.0052097774380371
0.0050436628910168
0.0052362519694906
0.0052565745906246
0.0052989654339203
0.0051658788246152
0.0055941530860197
0.0058329597181747
0.006539905068003
0.0066818127424809
0.0068475376658789
0.0067705374576117
0.0068988663072182
0.0068648796251979
0.0067573841743895
0.0068137210360295
0.0069298665324554
0.0065097749958146
0.0062873345500088
0.0056796724049143
0.005652694443018
0.0056378824320587
0.005778153879552
0.0055725553723799
0.0057388899308894
0.005736719635124
0.0055819137696754
0.0058543494025399
0.006142697095575
0.0061507997093725
0.0061147283334529
0.0058412548450502
0.00550278392141
0.0057521984788649
0.0059781850613965
0.0058258953576316
0.0059948510032809
0.0059074696055768
0.0060170218983516
0.0058362096912758
0.0054880793475792
0.0058278823938891
0.0060644414835764
0.0058996431513904
0.0059900448483543
0.005795974000252