0.0382055821330432
0.0378822124844676
0.0350389146155522
0.0303928948814844
0.0254015076810265
0.0182363444581549
0.0130230297049474
0.0046475285878215
0.0011223366655432
0.0011295231266743
0.0010893758548807
0.0010889161412813
0.0010803340221643
0.0010687884407636
0.0010650314956344
0.0010618609134684
0.0010530808222132
0.0024010419825714
0.0066603602188391
0.0119795893257931
0.0215230220726444
0.0344080491150924
0.0566867787250212
0.064976789390072
0.0655813492606662
0.0654929141275234
0.0655595712820326
0.0673636911538956
0.0648480858072017
0.0601296828172375
0.0550768555842935
0.0455573580485677
0.032814827163186
0.0105128820930709
0.00108981039761
0.0010715306900851
0.0011856708801752
0.0011919651889376
0.00117062406893
0.0011739505374042
0.0011922420279835
0.0011846629754014
0.001185677432407
0.0038511917810675
0.0075081270265905
0.014177491351478
0.0169703821692423
0.0229753703516324
0.0305021751435526
0.038318217630497
0.0387088663774883
0.0375637720725697
0.0390907775036635
0.0384531700494197
0.0357005195058402
0.032173105809053
0.0250715126051941
0.0222364670725062
0.0161711621743766
0.0083530285767378