0.0010584331477072
0.0010538584112066
0.0010547672911047
0.0010334156916348
0.001023911012031
0.0010293322783664
0.0010147994354423
0.0010226768536614
0.0010227929050993
0.0009355486229064
0.0009897682797992
0.0068130919855462
0.011101620738844
0.0159215912071457
0.0240866600605612
0.0274567460474842
0.031507143114908
0.0347352372049589
0.0394107551094559
0.0429498127238553
0.0467509640067725
0.0501319689252164
0.04797387629034
0.0480775323894779
0.0463006461496198
0.0412169669616841
0.0415004814426085
0.0414416423735491
0.0413536542809255
0.0412593069287169
0.0409143856554542
0.0403248150180134
0.0363084456697388
0.0349615053928011
0.0325183124931964
0.0316783635335534
0.0288551924699891
0.0248699631627707
0.0212940912765492
0.017978297916023
0.0137129885875521
0.0101861249745456
0.0080865181586608
0.0078467743976408
0.0057521236398879
0.0049254605742156
0.0036164628726384
0.0034288609224877
0.0030996498141935
0.0030902309703711
0.0027807424777935
0.0027660894680177
0.0024876539440661
0.0025218945121952
0.0024704381756151
0.0027323056864192
0.0021388206384153
0.0018994925813874
0.0022671486248845
0.0026653257828236