0.0144398573615998
0.0142006070254463
0.014344367411032
0.0143022645361662
0.0143567424934248
0.0139414141962203
0.0144190355194764
0.0141911847463498
0.0142932770587164
0.0046852389850692
0.0146411222938569
0.014442216462588
0.0147517936941365
0.0144957884098004
0.0145912470447264
0.0146105205904643
0.014992977608236
0.0146667970424274
0.0150858905112195
0.0149107429326336
0.0147529389577718
0.0050476088124468
0.0146272317003617
0.0143879663324824
0.0144569142582938
0.0142435125377755
0.0142495585942377
0.0141752809658989
0.0143288303611591
0.0141459071338946
0.014355051106409
0.0145439314591204
0.0148034068195727
0.0051222199481118
0.0129235780433434
0.0152954353602258
0.0153147983853131
0.0151669354856493
0.0151744146780316
0.0150596218511903
0.0152189419328916
0.0151432349249009
0.0151522489720585
0.0146251716990835
0.0151531817998353
0.007199914369606
0.0142252039624123
0.0141206403034749
0.0144048177205517
0.0141644493676599
0.0145147499358812
0.0142951348898244
0.014344584553228
0.0141476721645028
0.0145585182516541
0.0141228270408707
0.0146380259396892
0.005013348192683
0.014709807456244
0.0146645814901478