0.0003266373052279
0.0003016056138309
0.0003215633021535
0.0003207991894015
0.0003063228261072
0.0003190008234971
0.0003228993901887
0.0003095790840763
0.0003244425474254
0.0003226922176925
0.0003099254888242
0.0003186235533031
0.0003167160224211
0.0002923517220249
0.0003133600380624
0.0003160419763256
0.0002996426490794
0.0003186997710256
0.0003194855271727
0.0003044236521163
0.0003245098447829
0.0003181227846306
0.0003034562870272
0.0003294068123625
0.0003343950151478
0.0003118420089686
0.0003335564111877
0.0003303390229441
0.0003137936901935
0.0003326960282628
0.0003293251182429
0.0003083772427848
0.0003288614405078
0.0003293484900019
0.0003134181298489
0.0003316800583328
0.0003342423891675
0.000311734272524
0.0003387688850411
0.0003359065806968
0.0003128091094175
0.0003400141123811
0.000341685984954
0.0003183033287853
0.0003401508460623
0.0003339813148537
0.0003154744385066
0.0003306763937203
0.0003281490860965
0.0003072311399376
0.0003292099020875
0.000325412896785
0.0003019016273899
0.000321050390513
0.0003267148577148
0.0003064586086421
0.0003287262873611
0.0003293636068237
0.0003135007548885
0.0003332368037758