0.0011410107221753
0.0011373808678819
0.0011452685661073
0.001150077120451
0.0011473356550167
0.0011450667563137
0.0011555569111603
0.0011700467919049
0.0011140112688586
0.0011266656103436
0.0011097360958654
0.0011255913509584
0.0011354092143423
0.0011370149359627
0.001143183746814
0.0011533398295664
0.001155746513944
0.0011508358402489
0.001137024331469
0.0011318502981144
0.0011273011827756
0.0011370929185726
0.001116457066911
0.0011262186142153
0.001123714717377
0.0011233820593876
0.0011143382055641
0.0011160649602793
0.0011047833110457
0.0011085532506259
0.001109055206439
0.0011085814444801
0.0010992612409823
0.0011110162920724
0.0011005749940619
0.0010995662562432
0.0010873929776928
0.001096604413447
0.0010946662101457
0.0011147718642328
0.0011176682989411
0.0011265562407901
0.0011266346812018
0.0011377496155029
0.0011268225605191
0.0011298711189004
0.0011102462814125
0.0011333653280563
0.0011179579559572
0.0011369073612726
0.0011282210129684
0.0011266851670652
0.0011274303647775
0.0011313206707171
0.0011297206657321
0.0011350429166741
0.0011341798413323
0.0011523213432754
0.0011431520484017
0.0011590829188312