0.0055566326923077
0.0057036040561509
0.005656590478958
0.0057432636076569
0.0056803522077349
0.0059249119063372
0.0058312855020316
0.0058707097100532
0.0057611082339458
0.0059626491205523
0.0057733446517721
0.0058534328603487
0.0057213525006932
0.0058402164579606
0.005773150795531
0.0059626680332309
0.0058087787858912
0.0059755924258083
0.00600915058862
0.0061494441947841
0.0060294959484917
0.0061493609011439
0.0060899698216235
0.0062895378123986
0.006058909958725
0.006072499157746
0.0059770927515628
0.0060624287101325
0.0059883164911638
0.0061035823247697
0.0058114179697947
0.0059144759335048
0.0058408229841612
0.0058434460241145
0.005710890694757
0.0059072561376486
0.0059533670121693
0.0060337660218209
0.0058373422873057
0.005814737995674
0.0056151049526584
0.0057799871768739
0.0056812620848641
0.0057027752010846
0.0057286599657601
0.0057569147046078
0.0056732453396723
0.0057721891960853
0.0057539839702042
0.0059495255358081
0.0059191645082254
0.0058949832599755
0.0059069143833777
0.0059996318660269
0.0058923928480529
0.0059742645160113
0.0059091324395913
0.0060758059502343
0.0059601671386558
0.0059795587589585