9.59009872346582e-07
9.531331428468752e-07
0.0
1.422136308e-06
1.4420751061e-06
1.4595922824e-06
1.4581855872e-06
1.4417734946e-06
1.4758714616e-06
1.4537708484e-06
1.4813514861e-06
1.4526647585e-06
1.4655944439e-06
1.4631342711e-06
0.0
6.581192228807356e-07
6.469726115233114e-07
6.403096839700462e-07
6.471267316572592e-07
6.41181597007879e-07
6.550611192520998e-07
6.317870368713877e-07
6.534490415217221e-07
6.432721907502861e-07
6.462149353144606e-07
6.46522527140581e-07
0.0
1.1344673005e-06
1.1483331503e-06
1.1497004891e-06
1.1380879846e-06
1.1313384407e-06
1.1522545347e-06
1.1488796953e-06
1.1555003221e-06
1.131726053e-06
1.1124286575e-06
1.1672122001e-06
0.0
1.2638720274e-06
1.2829750987e-06
1.2902238098e-06
1.2311438061e-06
1.2735031886e-06
1.2673111349e-06
1.2752787735e-06
1.2868932921e-06
1.2996989057e-06
1.2182831968e-06
1.2538845344e-06
0.0
9.923113362241728e-07
9.990095014490617e-07
9.760223647897916e-07
1.0041107827e-06
1.0099204509e-06
9.852922553684164e-07
9.921667213174473e-07
1.0005511261e-06
9.811211990200308e-07