0.0058740570753186
0.0060360660828461
0.0058706186873775
0.0059570807769105
0.0059217587238106
0.0060196522328919
0.0058935628462186
0.006034985159734
0.0059986539690119
0.0060691717073347
0.0060869336376216
0.007648317672802
0.0100956316651075
0.0132251770097171
0.0162487950875385
0.0184829035018599
0.0186130485565978
0.0183767975979276
0.0185559694764025
0.0183266240588179
0.0185798531341974
0.0184274265770984
0.0169216688877966
0.0147094545139018
0.0132052627746393
0.0120791844146429
0.0117774533082801
0.0115839611395679
0.011627643754131
0.0116680501601246
0.0115739303976752
0.0115378471767372
0.0113914176621082
0.0114423339945046
0.0110013749885995
0.0094531593682697
0.0075240541830232
0.0082249282573978
0.0108435513786749
0.0126432299288616
0.0139162073013157
0.0147055745845304
0.0148696728229233
0.0146220192390445
0.0146338463330719
0.0146663828702201
0.0148179756556725
0.0146258717656837
0.0122467073660127
0.0097998059339226
0.0091261469359971
0.0114455883356374
0.0124050200244243
0.0130187819904371
0.0130980031130269
0.0131876424711396
0.0133074046519331
0.0133898292749212
0.0132832724895112
0.0133974703445578