0.0010387539794442
0.0010372087064307
0.0010419087367223
0.0010319675186368
0.001040511751508
0.0010435797544316
0.0010446538559152
0.0010436793653689
0.0010601111214587
0.0010437288889695
0.0010497877337187
0.0030187001634133
0.0111147850541605
0.0186977111765959
0.0233310077633273
0.0251385918806144
0.0245812260878834
0.0250552477383564
0.0249686465369256
0.0246643203798576
0.0253966631582821
0.0251320068660304
0.0228303397662603
0.0151713288547898
0.0087964080746807
0.007148813449104
0.0080478631083258
0.0080906312568186
0.0081509379458576
0.0080165093979841
0.0080279894744483
0.0080737279871633
0.0081188156068624
0.008057000308642
0.0078229344026321
0.0063558972593915
0.0037760957666774
0.004423414295503
0.0088247620201504
0.0164953699046123
0.0182621621090934
0.0189120553300693
0.0188900129846512
0.0187810921974291
0.0191003455651309
0.0186269120226205
0.0188419258193012
0.0186540948201748
0.0155705066608587
0.0113488160468615
0.0047745786588942
0.0096309501795082
0.0118541501493888
0.0124702669075143
0.0124020350455124
0.0125646113501292
0.0126482088785302
0.0126384899882428
0.0124663231133782
0.0123747314222198