0.0008644757575769
0.0008685759585805
0.0008652094718679
0.0008606317846432
0.0008659689416586
0.0008732059529793
0.0008751496890714
0.0008716222111804
0.0008741847333446
0.0008773753378136
0.0008863047474336
0.0008946347655532
0.0008988028395155
0.0009103818002486
0.0009133840780601
0.00091670575369
0.0009120424669569
0.0009020867148223
0.0009011741840629
0.0008945529289938
0.000897683411513
0.000902773827033
0.0009020887466349
0.000891986497422
0.0008972264980478
0.0009036820270749
0.0009099982007832
0.0009052023505267
0.0009079973015965
0.0009084244284496
0.0009072288385991
0.0009049699197731
0.0009002579750858
0.0008887541819621
0.0008949322639799
0.0008784295564194
0.0008749120194414
0.0008621670135276
0.000865305479787
0.0008645580149748
0.0008681881958281
0.0008741163223856
0.0008683748473059
0.0008645914532338
0.0008667442331034
0.0008647130930782
0.0008642124487022
0.0008649557706608
0.0008683026986526
0.0008728609846406
0.0008773099963448
0.0008792482389889
0.0008801070505463
0.0008841178737653
0.0008920294869716
0.0008943942780595
0.0008938988082409
0.0008957078637507
0.0008896698305674
0.0008920760071759