0.0009935582802842
0.000992470432688
0.0009931913552615
0.001000690487687
0.0010184068944008
0.0010235921945494
0.0010292381678835
0.0010352373573043
0.0010341242955988
0.0010358141894941
0.0010406763146946
0.0010376216038682
0.0010415405785094
0.0010411103672181
0.0010388759278702
0.0010303222254577
0.0010254060072315
0.0010245659569797
0.0010264812281801
0.0010285871788293
0.0010177711527955
0.0010039983110898
0.0009953142591467
0.0009877727662367
0.0009971780452946
0.0009992444223036
0.0010038618919218
0.001005407826752
0.0010083869067224
0.0010036056200479
0.0009953728145293
0.001002566522216
0.0010158100713061
0.0010104426196194
0.0010095437480636
0.0009994713916507
0.0009907764940754
0.0009852865691126
0.0009795013532398
0.0009674447523254
0.000974496506148
0.0009767429731304
0.0009761345661134
0.000965425585269
0.0009673689090478
0.0009677799034443
0.0009682526721443
0.0009706065315152
0.0009737336155647
0.0009815310081082
0.0009961637254725
0.0009896430334058
0.0010002140442085
0.0009995423470498
0.0010059588420011
0.0010072019522417
0.0010135135619241
0.0010120079313459
0.0010185540363873
0.0010117205005198