0.0011036202911436
0.0011040323576725
0.0011007342892612
0.0011031917203311
0.0011020764411479
0.0011091417515276
0.0011137941007434
0.0011076026240276
0.0011167848300041
0.0011100970346979
0.0010988615660595
0.002200704281633
0.0042254108728805
0.012418837899294
0.014022206928149
0.0152017459999263
0.0146508891952073
0.014733416469626
0.015179179120637
0.0148967712611024
0.0150564994633144
0.0153287644844912
0.0137929072794183
0.0119555332151861
0.0037917932274936
0.002008686351136
0.0011456918661341
0.0011379392817881
0.0011301350863765
0.001127670787835
0.0011294339871643
0.0011262102852346
0.0011299540457028
0.001140281714254
0.0011452474633596
0.0011462449211798
0.0013847151431377
0.0041814051871746
0.0054053392821003
0.0081501357786357
0.0090176599096167
0.0097997214105421
0.0095590946303919
0.0096025019184004
0.0097724978733591
0.0097221652607643
0.0096170244278406
0.009380147959091
0.0065769069576483
0.0053811132504057
0.0027031427763281
0.00192279019049
0.0010810888742242
0.0010775525664363
0.0010812127643701
0.0010733618548664
0.0010738293522664
0.0010759633597718
0.0010743471278456
0.0010902494400143