0.0056687325321763
0.0056769309407588
0.0053673609553629
0.0054828023870327
0.0053344498094491
0.0054521367284293
0.0053226264761391
0.0055175779824882
0.0055539194172254
0.0057892068054415
0.005597697092495
0.0057254384400109
0.0057486720407907
0.0060715918513749
0.0060538078602619
0.0062680909535984
0.0062129310313277
0.0063348485142177
0.0061906566250532
0.0062074544450972
0.0060939758005016
0.0062660438519812
0.0062669125653602
0.0062955263375149
0.0060682043864658
0.0061297606927738
0.0058751811088142
0.0057954469129563
0.0055856709157034
0.0057844447718276
0.0057370973301916
0.0058015268985044
0.0057309158111632
0.0057437859177932
0.0057216833655391
0.0058688400698785
0.005756145314375
0.0058797302154437
0.0058635109439626
0.0060335685083371
0.0058666824074074
0.0059312249021341
0.0058312896956229
0.0059157662099801
0.0056865109383309
0.0058157263489708
0.005735362085308
0.0059182319321935
0.0058026931407941
0.0059791654581889
0.005880037406156
0.0060220913208106
0.0058887772722307
0.0060174640587587
0.0059216312319279
0.0061785935072293
0.0060879183662339
0.0060833369434416
0.0058698707046323
0.0061196601564607