0.0010657264505151
0.0010878836887338
0.0010746128470614
0.0010770318582428
0.0010789763106936
0.0010911857888935
0.0010834901358661
0.0010700949794988
0.0010788365792759
0.0010770233771391
0.0010900571608718
0.0010785077868266
0.001066772686367
0.0010915298265128
0.0010836246661767
0.0010860677938068
0.0010763675248178
0.0010888490767173
0.0010851651741109
0.00108076638262
0.0010829306898306
0.0010692603699245
0.0010784368750112
0.0010710081762354
0.0010448880798721
0.001048034180011
0.0010441233623668
0.0010325379963717
0.0010281789202238
0.0010295548342766
0.0010149739348461
0.0010136820409656
0.0010062753609892
0.0010113241954043
0.0010238393905149
0.0010340865842736
0.001021935968365
0.0010207099834446
0.0010552111337042
0.0010499471484624
0.0010587830408726
0.001065463558171
0.0010643833930292
0.0010763398968588
0.0010714464826389
0.0010626178107607
0.0010684242066876
0.001069757500318
0.0010605213133018
0.0010334987313378
0.0010373138676867
0.0010219277221234
0.0010248936868595
0.0010326006137737
0.0010382663084908
0.0010345613669476
0.0010371217234541
0.0010273615437931
0.0010253472631597
0.0010371502974032