0.0012481622106943
0.0012562350965273
0.0012397437145323
0.0012316531376147
0.0012288109653368
0.0012059470777897
0.0012172241073367
0.0012237232113893
0.0012197473830105
0.0012369746725664
0.0012208067678114
0.0012355015380082
0.0013381429585669
0.0522348440721648
0.0518147984229312
0.0516863903120463
0.0507981824886434
0.0521025858179624
0.0519906804633345
0.0508545231455064
0.0522557065532289
0.0519832553649242
0.0522803480533293
0.0522859044205494
0.0014900198100851
0.0013581893467017
0.0013025446726315
0.0012803648990599
0.0012746601633478
0.0014554214496257
0.0014572917909074
0.0014525679785987
0.0014444706677135
0.0014265823176769
0.0014326500889729
0.0014250494390155
0.0014333266444109
0.001529058348784
0.0022044874036083
0.0050312933150703
0.0049654449746978
0.0050863113827405
0.0050368792870401
0.0050963702236421
0.0050640271336772
0.0050541702492463
0.005030236318631
0.0050535364567341
0.0049943031746031
0.0043263993523717
0.0014101219224097
0.0013451235758912
0.0012869837222212
0.001258006913201
0.0012567938891203
0.0012579631699035
0.0012569162619177
0.0012504522135252
0.001251092077953
0.0012575129093083