0.0062442279046672
0.0063845855572706
0.0063173530856671
0.0064933392379065
0.0061786182737314
0.0061497675523522
0.0060365846151116
0.0061281530160942
0.0060400476020043
0.0061660162652881
0.0059365184504531
0.0060092460706285
0.005917509125909
0.0058779717022045
0.0056174620999134
0.0059870241345023
0.0058105582634344
0.005970922887084
0.00572334652276
0.0058397695673487
0.005605893323979
0.0057112748237017
0.0056074516509861
0.0057772458004987
0.0057011925114866
0.0060809006099683
0.0058829152518216
0.0061209317114962
0.0061107940874637
0.0063714919089759
0.0061493219391593
0.0062767326492905
0.0061249246311215
0.0062161458503907
0.005961455677642
0.0061891928453728
0.0058647272152241
0.0058834530195083
0.0056654128684817
0.0056658844037361
0.0054892324066427
0.0056728737358715
0.0056248792944868
0.0058672422792125
0.005806721785922
0.0059675675854781
0.0058156760912149
0.0059740641677839
0.0059969033003539
0.0063286313135877
0.0060810840766435
0.006155016720488
0.0059410702797893
0.0060343746227433
0.0058851092268214
0.0060645207272727
0.0058652211014428
0.0060072690781581
0.0059528808978969
0.0059741213401258