0.0011110411201955
0.0011109917641721
0.0011106505482912
0.0011110459545529
0.0011178719807197
0.0011192359387067
0.0011188078711149
0.0011175523114356
0.0011193203649819
0.0011208110932332
0.0017061666091003
0.0058943617332946
0.0119666298836705
0.0181734250335516
0.0223301406311224
0.0229945460179058
0.0231545785088345
0.0235092910762163
0.0235512658514735
0.0234982198114749
0.0237642929332082
0.0224288915911842
0.018492890331941
0.012779902257435
0.0061433463053547
0.0027317649665435
0.0013557512810123
0.0011169264882215
0.001122547005251
0.001120212979286
0.0011323114973023
0.0011398889171137
0.001150984640481
0.0011580009559546
0.0011717245191088
0.0015018166389232
0.0048936923998598
0.0086532730420833
0.0139044430497699
0.0203120931453947
0.0228056515938523
0.0245398811049806
0.0239455317639072
0.0243535032855821
0.0245272817193257
0.0240114886520619
0.0245720288068916
0.0204865174049495
0.016557191755153
0.0117222135111371
0.0050347120670137
0.0022033128893587
0.0014286707524749
0.0011338048873751
0.0011394815446783
0.0011253359973662
0.0011226539768367
0.0011205312356692
0.0011210246880038
0.0011162660744417