0.0061585195457239
0.00626540773344
0.0061111323025321
0.0062890810579271
0.0062073563456428
0.0064772410714286
0.0064912707872101
0.0066477617162559
0.0063321783799345
0.0065629063002755
0.0066700454005053
0.0077658326926172
0.0086477422958398
0.0097155443010791
0.0099468491723203
0.010063275946276
0.0099180857603712
0.0101943417137756
0.0098465925614212
0.0099929118904739
0.0097024114386495
0.0095366955916303
0.0083114174056734
0.007322995537883
0.0061357234034624
0.005890517579884
0.0057020738949001
0.0057764116546525
0.0056550011914433
0.005834018312381
0.0056822521095293
0.005822803190815
0.0056831999569598
0.0057574085197017
0.0056224080159276
0.0057422473329843
0.0061835507488123
0.0069260716074291
0.0079348224912747
0.00857555151701
0.0087494663165065
0.0089629266036993
0.0089845921231492
0.0091654663681146
0.0092709251154201
0.0094143724438181
0.0092336730887736
0.0087835671889838
0.0080019293010654
0.0069940814361575
0.006172461840998
0.0058899547652125
0.0057382662042216
0.0059107288568856
0.0057731818810764
0.0059401457451467
0.005718905407843
0.0058364148961009
0.0056633911310321
0.0056531868244335