42.0
30.0
41.0
47.0
44.0
59.0
56.0
61.0
78.0
59.0
65.0
89.0
71.0
79.0
83.0
84.0
88.0
88.0
96.0
88.0
110.0
107.0
116.0
107.0
126.0
116.0
142.0
143.0
128.0
148.0
135.0
147.0
143.0
146.0
144.0
153.0
138.0
153.0
159.0
159.0
188.0
165.0
194.0
182.0
182.0
195.0
173.0
210.0
180.0
203.0
217.0
193.0
212.0
225.0
204.0
245.0
211.0
235.0
239.0
252.0
238.0
234.0
230.0
242.0
269.0
217.0
287.0
268.0
280.0
266.0
276.0
274.0
272.0
283.0
289.0
278.0
295.0
302.0
289.0
305.0
318.0
312.0
320.0
322.0
329.0
347.0
325.0
326.0
334.0
298.0
354.0
322.0
336.0
372.0
373.0
381.0
361.0
352.0
349.0
366.0
351.0
350.0
395.0
389.0
377.0
419.0
388.0
353.0
399.0
405.0
388.0
390.0
386.0
426.0
425.0
429.0
454.0
452.0
432.0
428.0
406.0
421.0
466.0
425.0
446.0
453.0
486.0
427.0
473.0
452.0
440.0
466.0
463.0
456.0
529.0
484.0
486.0
546.0
502.0
475.0
482.0
509.0
477.0
533.0
497.0
455.0
577.0
517.0
537.0
522.0
577.0
538.0
526.0
542.0
498.0
598.0
586.0
528.0
554.0
477.0
622.0
558.0
543.0
587.0
532.0
595.0
557.0
527.0
643.0
591.0
593.0
585.0
535.0
661.0
603.0
590.0
622.0
499.0
689.0
595.0
607.0
618.0
585.0
612.0
537.0
688.0
660.0
531.0
637.0
601.0
704.0
559.0
710.0
587.0
706.0
641.0
570.0
691.0
604.0
646.0
560.0
726.0
629.0
670.0
606.0
658.0
621.0
562.0
697.0
643.0
614.0
649.0
533.0
730.0
539.0
725.0
616.0
703.0
679.0
555.0
684.0
571.0
641.0
574.0
702.0
608.0
543.0
668.0
582.0
676.0
546.0
698.0
660.0
666.0
672.0
600.0
650.0
587.0
672.0
569.0
709.0
653.0
636.0
635.0
625.0
628.0
549.0
710.0
637.0
675.0
669.0
557.0
665.0
580.0
704.0
597.0
647.0
671.0
574.0
639.0
566.0
729.0