0.0052727203684678
0.0062612405979119
0.0070631333285596
0.0085632659697436
0.0090253751179207
0.0088897334020027
0.010475753555197
0.0104643762070369
0.0110920278849155
0.012509522433114
0.0125182156422963
0.0118471381409966
0.0123452834664495
0.0123759142956098
0.0116658139762555
0.0129593628634297
0.012932985216492
0.0121800283399347
0.0129997886108861
0.0131649037276089
0.0124488255079192
0.0132128497140388
0.013217105238036
0.0123853685505032
0.0131420632244262
0.0130078905587787
0.0119468009214578
0.0128407318184301
0.0127492570010514
0.0125570112944946
0.013249611732506
0.0128725773087254
0.0119719560343241
0.0131631126144248
0.0132298306872504
0.0124662782930672
0.0134468390369592
0.013180840492799
0.0124352260363169
0.0134631672080016
0.0131715814802645
0.0125266720830352
0.0134866703596159
0.0136855269933224
0.0132489571405439
0.0132050482148301
0.0131574834397904
0.0127226017803924
0.0121169688826278
0.0111566527134027
0.009128097454834
0.0084233186624684
0.0084955440437732
0.0068902255396763
0.0062412743692309
0.0045160339221603
0.0038846361100604
0.0038603153546585
0.0029058253717238
0.0029558742309946