0.0010892284194361
0.0011055429080582
0.0010835731424629
0.001096125349123
0.0010844731184699
0.0010836983676495
0.0010827697588293
0.0010965584093091
0.001095649412788
0.0011078937633779
0.0010834815204001
0.001099021465648
0.0010905193954032
0.0011093687176474
0.0011041512504465
0.0011207630599433
0.001115500764526
0.0011180975265542
0.0011014874240955
0.0011029070496181
0.0010859403025392
0.001106022831545
0.0010942512235796
0.0011080261519992
0.0011013217811915
0.0011146267236075
0.0011039946842058
0.0011239613904614
0.0011131287234042
0.0011273717344207
0.0011215761775873
0.0011254845063827
0.0011168860888403
0.0011173808270881
0.0011053067990019
0.0011022644611364
0.001084634604212
0.0010955105148004
0.0010830338231821
0.001090886677614
0.0010791137519041
0.0010846152601534
0.001083364673599
0.0010981719214753
0.0010875855895517
0.0010908089976321
0.001085179337653
0.0010939088972938
0.0010865241247424
0.0010951887937378
0.0010963457258658
0.0011153255763452
0.0011098111013404
0.0011240319669735
0.0011159773322826
0.0011378559104853
0.0011291979155415
0.0011483184114456
0.0011312002318586
0.0011349660536968