0.006104691817059
0.0056988045789929
0.0057613741211918
0.0056391926324985
0.0058075160399365
0.0057530115930514
0.005868681847221
0.005760372028967
0.0057428784741635
0.005592539415079
0.0058509578352769
0.0057786141080345
0.0061841464101017
0.0060949309684298
0.0060097413041885
0.0058765097570324
0.0060499619356474
0.0059127661588387
0.005996570792034
0.0059124028413717
0.0059967472876469
0.0057696075786295
0.0058991519252659
0.0056579135099386
0.0057244951066901
0.0057944879325545
0.0059150989824403
0.0057361209367544
0.0058435053775321
0.0057433046810643
0.0058364852167167
0.0057802467367887
0.0059033085351272
0.0058542652491133
0.0060238125578439
0.0059928108402712
0.0061712443421966
0.0060535643929753
0.0061279718069666
0.0060816000807769
0.0062332037615225
0.0060802656590216
0.006236605141416
0.0062065721634169
0.0062882831956911
0.0061411436432982
0.0062911211435549
0.0061477721298063
0.0062051376058471
0.0061865200087349
0.0062922329497015
0.0061212305435813
0.0062474638600328
0.0060923633599186
0.006165323076923
0.0060392606123869
0.0061769905152246
0.0061179714702929
0.0062446389108056
0.0062342464281128