0.0010580054620018
0.0010484785515218
0.0010409348362099
0.0010459177791753
0.0010370062684168
0.0010328780073747
0.0010370875753278
0.0010312251052796
0.0010340061795909
0.0010299596485225
0.0010363706797914
0.0010382035999783
0.0010422299451692
0.0010596031425158
0.0010585128069567
0.0010654922398785
0.0010684725739158
0.0010644475929652
0.0010645716968309
0.0010587354099729
0.0010577068975013
0.0010621923384175
0.0010552213513855
0.0010501327612593
0.0010483575022301
0.0010488120519671
0.0010402241580618
0.001035623831562
0.0010451870233107
0.0010321508129491
0.0010449447038225
0.0010477843557122
0.0010407328542612
0.0010420342606807
0.001035103562261
0.0010319060677727
0.0010301976342664
0.0010360386719655
0.0010458894416187
0.001034295874256
0.0010527796821439
0.0010474823569653
0.0010572902664806
0.0010512089230378
0.0010549184289487
0.0010657043328675
0.0010602267183424
0.0010594272346886
0.0010563012301623
0.0010536981669843
0.0010618857205089
0.0010558939265256
0.001063779466217
0.0010563652202379
0.0010570614715132
0.001064304104409
0.0010560596569449
0.0010669676335049
0.0010576328503307
0.0010636948314526