0.0055951766730953
0.0055989054054054
0.0053167285360065
0.0054290478668052
0.005319885205024
0.0055050057546382
0.0054019318748975
0.0056841184562679
0.0056205940440914
0.0059226877830503
0.0058470125810888
0.007686225971425
0.0108335029751677
0.0132019799911236
0.0156012779278622
0.0177088335810073
0.0183292147056094
0.0181000260880562
0.0183164248064907
0.0178421010816265
0.0180405306178387
0.0184168651803495
0.0163496939660671
0.0137463499194757
0.0124455014965688
0.0119056731550379
0.0112765729233125
0.0109786250381846
0.0110585287499999
0.0110998298718997
0.0108614531882088
0.0110053259390016
0.0107052090821397
0.010874691158696
0.0104731245293266
0.0096968850420946
0.0075782160887856
0.0074247259828335
0.0088203280289984
0.0107733550097478
0.0130262675655986
0.0139840555362465
0.0140786630541154
0.0142344632065472
0.0141963317425489
0.0142554329919293
0.014208692274893
0.0142983608628937
0.0130089565035626
0.0120916799749549
0.0116144230292874
0.0107669633104063
0.0133288785661238
0.01491201947499
0.0146957849586597
0.0147786013286608
0.0146128714450315
0.0145435042939701
0.0144775184570638
0.0143200453024078