0.0010249384466584
0.0010241715501991
0.0010338818080169
0.0010141944950042
0.0010233429458894
0.0010196498291259
0.001032995445059
0.0010390064579392
0.0010367411643175
0.001033094357384
0.0010292312405978
0.0110653844510282
0.0247665011314468
0.0415687984012451
0.0528615002240672
0.0624375000365189
0.0664331210064629
0.0667199630366742
0.0680963496435041
0.0664646307625794
0.0669141518036893
0.0670352789970926
0.0568677738718111
0.0448951599535245
0.0339724448879557
0.0343852948666995
0.0323341187824799
0.0278535523619961
0.0276130155000726
0.0267693725517802
0.0281451021930317
0.0274859508650642
0.0274782031676587
0.0280872963531453
0.0259693046462132
0.0206879204657088
0.0076222157182667
0.0086422245413381
0.0156570393798456
0.0292505484527177
0.0426297639152966
0.0469519023325673
0.0490912645849702
0.0489382471308336
0.0481323424888098
0.0489853012634691
0.0485796861518432
0.0487419335402263
0.0423945665047039
0.0385117255135561
0.0335961988821609
0.0313387449291968
0.0395167452027945
0.0507417124458915
0.0514976699758614
0.0525863467210834
0.0527874750074497
0.0516521708951831
0.0513376066425344
0.0500629990440463