0.0063078408547967
0.0061207373570474
0.0061997960406073
0.0061420286824574
0.0063129875860035
0.0061671744797831
0.0061103609554161
0.0060386841905106
0.0061242776946381
0.0060171667143468
0.006123255559961
0.0061826865617974
0.0066737003472915
0.0068595200663349
0.0073816562988768
0.0074066494630177
0.0077705498972781
0.0077744070881567
0.0078879628609233
0.0076647430097104
0.0077381126844837
0.0076221418000034
0.0075302098402325
0.0072402005663561
0.0072112919697592
0.0068949782764646
0.0069241011320478
0.0065485649929357
0.0066106185426813
0.0064321246972921
0.0064629031917796
0.0063465686809162
0.0062469062290082
0.0061311381166742
0.0061521933390849
0.0058799696781159
0.0057167463300913
0.0057532588415251
0.006163863290093
0.0063527394335433
0.0067375198384282
0.006916859594524
0.0069780801184249
0.0069566339300377
0.0069852543542205
0.0067672400760985
0.0068391749162011
0.0067164652581379
0.0066521953168689
0.0064479499430543
0.0065430552570007
0.0063881948058893
0.0067028490711505
0.0068857774302126
0.0071466756076198
0.0072177741352889
0.0072466714865457
0.0069576139437165
0.0070636821837635
0.0068039210354816