0.0010176993536065
0.0010236903437403
0.0010088692374601
0.0010185997003393
0.0010164752991605
0.0010283536124397
0.0010318782066432
0.001031266299124
0.0010325967041226
0.0010354758739671
0.0010212026430135
0.0010344678739586
0.0010345272319953
0.0010416659074887
0.0010410686834898
0.001069948223295
0.00107574991428
0.0010875135630038
0.0010907615592519
0.0010932632828459
0.0010888235595953
0.0010972413429718
0.0010911304806109
0.0010905250794677
0.0010916456294483
0.0010911233426503
0.0010663929597568
0.0010526588277114
0.0010372050384365
0.0010309315256344
0.0010311986522174
0.0010309089916598
0.0010297683448801
0.0010301514479403
0.0010275175596
0.0010216829714367
0.0010156277737226
0.0010169494382022
0.0010192781609195
0.0010273662471707
0.0010265720448662
0.0010275239661401
0.0010371593763215
0.0010410713064668
0.0010401209483574
0.0010397530562346
0.0010451948198608
0.0010474182324928
0.0010423066459172
0.0010392826646836
0.0010406409934909
0.0010559549149494
0.001056592605403
0.0010562076540809
0.0010498327916801
0.001045580143869
0.0010484347338007
0.0010425519566461
0.0010457703325085
0.0010632734078274