0.001149721332491
0.0011715427621481
0.0011635534074261
0.0011803861691765
0.0011658634923512
0.001173646066909
0.0011403183940764
0.0011483792055649
0.0011336713625235
0.0011380704063165
0.0011229000886455
0.0083182731276714
0.0292012439409707
0.0409675637329566
0.0521485731507248
0.0599141618485335
0.0617926094989711
0.0593469037458593
0.0616865726856089
0.0606439214456876
0.0606253910545085
0.060467604989493
0.0541777166566578
0.0342953447582489
0.0276314700857752
0.021765248609566
0.0243197976323591
0.0224988404582084
0.0232776971317089
0.0225587180701471
0.0229926956698816
0.0232911668314154
0.0227812150345503
0.0227775750446475
0.0222109162461792
0.0169284035016808
0.0118890242884923
0.0086118019974342
0.0154456088372341
0.025555949562651
0.0392499238502179
0.0415049906331152
0.0430511238983265
0.0433570026440941
0.043079974184956
0.0430689471025856
0.043142117695413
0.0439215888971545
0.0366187799314202
0.0313763768333114
0.0299797791426745
0.0237655753118184
0.0390828028282241
0.0455543401318468
0.0459724959407619
0.0463197534204706
0.0459963215567261
0.0470051089658193
0.0457793575147021
0.0461352068654688