0.0013269358948799
0.0013425873601788
0.0013331949767199
0.0012259040223018
0.0011618088483801
0.0011768762123113
0.0011686376632352
0.0011752373306207
0.0011701344869185
0.0011665815533624
0.0011630708250086
0.0011678314741535
0.0011630495051313
0.0011724501321119
0.0011597837778509
0.0011561826299151
0.0011347687948143
0.0011407655898497
0.0011305853523005
0.0011300927214797
0.0011257780264605
0.0011308472701277
0.0011258969301819
0.0011381951673193
0.0011267397303521
0.0011320064036127
0.0011319425256096
0.0011362728310709
0.0011312311704192
0.0011433761306895
0.0011492222140586
0.0011542479635357
0.0011481307159438
0.0011589322373254
0.0011473568575475
0.0011487805533793
0.0011426036297967
0.0011401041331472
0.001137826320975
0.0011431475313517
0.0011276171339167
0.0011269897244194
0.0011184763965524
0.0011140112452608
0.0011049566457396
0.001377569131428
0.0013718804223263
0.0013788188038842
0.0013743059926286
0.0013907487399832
0.0013848124726635
0.0013908083757267
0.0013893067712408
0.0013921755787861
0.0013859604820323
0.0013896552726756
0.0011140856099966
0.0012181073000234
0.0012018318803122
0.0012238092330022