0.0058928262984972
0.0059498142777983
0.005754198944524
0.0059143791181683
0.0057148344404422
0.0056426712723085
0.0052924387440067
0.0054272869187436
0.0054822916764785
0.0057142960846974
0.0058300612571926
0.0058013287560581
0.0057855776549588
0.0057232420691159
0.0055127307080638
0.0055133382541837
0.0055496710911015
0.0055398156308957
0.0054777349432072
0.0057156999744628
0.0057517676198442
0.0056278200957469
0.0057577183412736
0.005792838210513
0.0057599460380097
0.0058448064455861
0.0057216799152776
0.0057204949103159
0.0056574690415913
0.0056194730762974
0.0053699031403639
0.0053237700121676
0.0052280784208165
0.0054625508231663
0.0054176644323418
0.0056323127570539
0.0056173262767078
0.0058638668045687
0.0058607693134414
0.006049689105467
0.0060023011994586
0.0060423231266291
0.0059081908752833
0.005962206137988
0.0059605901636363
0.0061986459640927
0.0062995857579551
0.0066297989049368
0.0065411090252313
0.006609849383563
0.0065767093960595
0.0067434291992455
0.0065754407690492
0.0067570404991125
0.0066755002899601
0.0065982817210542
0.0062701242620538
0.0062709631254381
0.0058914411441737
0.0061065189067627