0.001087216050937
0.0010783346424751
0.0010909425773066
0.0010826484148826
0.0010666386311011
0.0010490965834062
0.0010715163987139
0.0010749627027027
0.0010621324333593
0.0010661130286127
0.0010688108650078
0.0010700867492851
0.0010753938494016
0.0010556686217548
0.001052163655785
0.0010391081788401
0.001054551625663
0.0010329033934464
0.001018339307499
0.0010094919867996
0.001017703036053
0.001000701889042
0.000995222480106
0.0010029580288237
0.0010311288776796
0.0010377075961607
0.0010407561204931
0.0010348628499529
0.0010555400464306
0.0010633940068618
0.0010583371811784
0.0010520803976378
0.0010549105170248
0.0010539775303349
0.0010504390691754
0.0010474827810737
0.0010491313859473
0.0010477466120219
0.0010579350483
0.0010387237852128
0.0010411094478933
0.0010488066678584
0.0010428050825688
0.0010494501350103
0.0010552935147522
0.0010489514650008
0.0010469787596505
0.0010513747081211
0.0010510460283869
0.0010579787002545
0.0010523821865641
0.001049102821137
0.0010551392745845
0.0010545018312374
0.0010521223584375
0.0010427752844035
0.0010492981933653
0.0010275062009898
0.0010303083223105
0.0010320643264239