0.006060139222048
0.0059949057249475
0.0058195063373181
0.0059599881534105
0.005700161137267
0.005892324189074
0.0057974640913241
0.0058561023609343
0.0056345652014314
0.0056091799602662
0.005621594041312
0.0055897640973519
0.005584419460821
0.0055953251376283
0.0054512037251124
0.0055778677770848
0.0053925595854921
0.0054538502497035
0.0052571602562928
0.0053592104418244
0.0053744272822061
0.0054012590596745
0.0054006586603206
0.0054592938513003
0.0053295579772385
0.0054362526606723
0.0052569431995738
0.0053742300473744
0.0053292417261519
0.0056423168918919
0.0054126245594814
0.0053784179742442
0.0053917502570128
0.0056005480622246
0.0054310401489541
0.0056417841369903
0.005639883968355
0.0059002884696401
0.0057611196729482
0.0060116608762175
0.005757128132006
0.0061164579565343
0.0060678317710017
0.006060423205914
0.0058923101859592
0.0060582155343627
0.0060160348924866
0.0061135484259512
0.0059169314080756
0.0060368996971444
0.0057133468474863
0.0058859195599737
0.0056937924710075
0.0057371839360543
0.00561098371318
0.0058471628562023
0.0056878323344404
0.005797116313135
0.005556514264428
0.005648371092645