0.0069201116265583
0.0068575069598805
0.0069521074228253
0.0068344870612999
0.0066330428337893
0.0065416768672847
0.0064797613855847
0.006225465899528
0.0063128809345326
0.0060782806932209
0.0061119385212489
0.0058634284108219
0.0058507734519032
0.00566152681764
0.0057121802825444
0.0055911716479348
0.0057089395944856
0.0054615930243246
0.0055185402648694
0.0055118874608036
0.0056861419265985
0.0057656315197678
0.0059989301263343
0.0058919968746
0.0058289644305945
0.0057178869887098
0.0055903599822505
0.0054190351041037
0.0055524212386853
0.0053863725189994
0.0052352524723572
0.0053366879440416
0.0053481609663859
0.0052309505449064
0.0053700582709817
0.0055352864681561
0.0055658467506741
0.0056927955771688
0.0057844095704864
0.0057225146380735
0.0059165758489623
0.0059574371645916
0.0056060557468172
0.0054816745160645
0.0056000598484431
0.0059877793253536
0.0064322198910376
0.0066568003020763
0.0070042687194102
0.0070479352848275
0.0069835335768165
0.0070884267549174
0.0072169315416742
0.0072723564629259
0.0072922558414016
0.0073553987922918
0.0069847007584845
0.0067217558663758
0.0066167217255129
0.006433190094867