0.0010603490903033
0.001047207054379
0.0010487825468342
0.0010416929336966
0.0010462302354764
0.0010300229440715
0.0010343474847658
0.0010303199748371
0.0010308430522356
0.0010249281791066
0.0010295584900217
0.001037985398013
0.0010472889365082
0.0010826780356432
0.0011102105730062
0.0011412014729278
0.0011698172086972
0.0011623129968704
0.0011703791477594
0.0011730136115991
0.0011944335369668
0.0011969945533971
0.0011944743516365
0.0011956439828208
0.0011678768649109
0.0011346696234613
0.0011191192852902
0.001096382590445
0.0010970556133802
0.0010945555555556
0.001094326392807
0.0010790592467739
0.001075912405449
0.0010725365393768
0.0010755906521738
0.0010786303414545
0.001085277281219
0.001062100346639
0.0010691132525697
0.0010707171074228
0.0010672482861017
0.0010610140249332
0.0010644511009829
0.0010634761108112
0.0010598735145397
0.0010481405983681
0.001037287707249
0.0010343796822305
0.0010471129867248
0.0010438900431953
0.0010495392843429
0.0010469552085436
0.0010465534239275
0.0010495539830677
0.0010483013367071
0.0010468257650632
0.0010532014152603
0.0010557787851481
0.001061048496392
0.0010605145110988