0.0010820579447207
0.0010941332210331
0.0010998524619938
0.0010939613261673
0.0010875837098324
0.0010976113536328
0.0010983316529678
0.0011022536199216
0.0011081071060012
0.001109287715323
0.0011190211777224
0.0011234876111591
0.0011057255799696
0.0011242200916009
0.001112873141743
0.0011102894050808
0.0011074469417152
0.001090636229023
0.0011050624802548
0.0011011832922753
0.0011213501649798
0.0011288718151256
0.0011295773788869
0.0011332172788222
0.001123424230776
0.0011317744696091
0.0011313199523854
0.0011193417080854
0.0011428207045647
0.0011394477814831
0.0011353082431424
0.0011232615987999
0.0011207216502308
0.0011273953268653
0.0011186718636896
0.0011153544636089
0.0011195417129735
0.0011154446211302
0.001127773598566
0.0011221584211103
0.0011120528693591
0.001140012281301
0.0011224549090252
0.0011206824781646
0.0011144502529507
0.0011211850597898
0.0011267590965899
0.0011146094714667
0.0011193836073816
0.0011163319117673
0.0011165523277058
0.0011323297386216
0.0011117267816029
0.0011245654462788
0.0011226763134301
0.0011149091465389
0.0011192033566176
0.0011309232753643
0.0011383676874607
0.0011461599926727