0.0009705616793182
0.0013766809984159
0.0017368448444186
0.0022566323909355
0.0025953236057188
0.0030098437879697
0.0034310994927604
0.003902394905155
0.0043652516328382
0.0045758801937202
0.0047120695150837
0.0065186640457339
0.0082306358154068
0.0095487208256199
0.0111788634819645
0.0129063340301004
0.0143033235605095
0.0155533655296935
0.0171163914121899
0.0183957177843406
0.0201742072950652
0.0216585380243668
0.0226904149582033
0.0246787980219108
0.0264625809854066
0.0294400198017997
0.0325513939786569
0.0362886030067221
0.0400157976886988
0.0436119437190031
0.0478142586783617
0.0515453968632233
0.0543049566063004
0.0571809988764246
0.0589948118579721
0.0615318851591384
0.0633317892519807
0.0643904528071455
0.0646614957967771
0.0652940315026023
0.0651220301018556
0.0648621371960957
0.0648255408530366
0.0645499278053555
0.0637020870880726
0.0636972364707788
0.061941670181304
0.0607964580831304
0.0595629574738519
0.0590033421308466
0.0585335565783934
0.0578852469723648
0.0571150391028148
0.0569408399506872
0.0571694448317175
0.0569486905162064
0.0561540227751927
0.0560703202515995
0.0554962397980421
0.0559875089925729