0.0057496406166736
0.0058442414777861
0.005760773454965
0.0057128264267833
0.0055892836992316
0.005566561209742
0.0055463898749064
0.0053611711601307
0.0052664203301764
0.0052504781379435
0.0053141779705182
0.0054082553180108
0.0054192581224132
0.0053636681313
0.0053243775174681
0.005640437438692
0.0057270951998393
0.0055802901322519
0.0056581559684581
0.0056968282786366
0.0056657137431064
0.0056137330620876
0.0055231500352576
0.0053383278407518
0.0054148578085664
0.0053809281420184
0.0051818370472048
0.0049781358026926
0.0050766183663553
0.0051077682036229
0.0051905529877009
0.0050334962595322
0.0051549022318424
0.0051573334394606
0.0054200430572835
0.005416015405958
0.0055257465971511
0.00560131763761
0.0055434834440784
0.0056030355456262
0.0056766163406423
0.0056808808114194
0.0057137465166132
0.0057404354423868
0.0057812801664857
0.0057209616673074
0.0058330985505674
0.0058919380589658
0.0059565830938654
0.0060646006132202
0.0061030303600165
0.0060818317760406
0.0061737035198637
0.0061680523700169
0.0059693406344142
0.005876331187217
0.0057059958861905
0.0058305068011558
0.0057695085213764
0.0056858972111983