0.0009923336854393
0.0009914109742038
0.0009839132007566
0.0009919994493695
0.0009907406769317
0.0010113603118921
0.0010035124850089
0.0010084163742689
0.0010020767632964
0.0010082056469316
0.0009328653178714
0.0021197847856356
0.0080786256646123
0.03060798685844
0.0404347925981926
0.0427297621775443
0.042658414789395
0.0423454093213977
0.0419062595511113
0.0421602918109259
0.0422051819890168
0.042453435330825
0.0396336918286341
0.036406333480553
0.0127318308075771
0.0022199191534853
0.0010245718589722
0.001032968614327
0.0010233486282188
0.0010296518237026
0.0010179001367241
0.001023583595927
0.0010170962601625
0.001028697569424
0.0010237101617693
0.001028086558235
0.0014785084148073
0.0027114953364302
0.0060030250204712
0.0080920352840402
0.010521482116519
0.0113546274927219
0.011259779000036
0.0113672316303831
0.0113880240002926
0.0105204175842592
0.0113390591877617
0.0109244508713997
0.0097446717586861
0.0063165545808612
0.0041729389961115
0.0019158162415503
0.0009666581366867
0.0009834171424416
0.0009832486489488
0.0009267543295604
0.0009930034346054
0.001009112704697
0.0010049504374791
0.000945263061898