0.0011098628712597
0.0011008788253865
0.0011070125225876
0.0011124207616258
0.0011147604109839
0.0011111012438266
0.0011107639637676
0.0015349561339376
0.0015010216721427
0.0015240518225578
0.0014826624268842
0.0015531562386585
0.0016683123864267
0.0017196228184754
0.0018253327347589
0.0018810558581847
0.001833364433524
0.0018608217388928
0.0014416704113662
0.0014397480579161
0.0014375946050167
0.0014431116668796
0.0014185798285425
0.0013231005997327
0.0012612596059471
0.0011551351534834
0.0011093257725957
0.0011138653153484
0.0010586074696588
0.0011353026230687
0.0011426885434545
0.0011516243547839
0.0011581893337744
0.001351030296333
0.001341599519951
0.0013461749562746
0.0013504621412703
0.0013735036204004
0.0015440842147569
0.0016460545896566
0.0016698019763838
0.0017675168753893
0.0016846556353313
0.0017312073801545
0.0015360705585131
0.0015299166499626
0.0015330259433961
0.0015170069704995
0.0014038853836718
0.0013843837702193
0.001225767325033
0.0011469203984696
0.0011281853527891
0.0011236485039102
0.0011233549401683
0.0011348746711311
0.0011445660766798
0.0011450138596459
0.0011590836416659
0.0010958881649377