0.0039191005326567
0.0039484079087288
0.0039916839733925
0.0040079873484968
0.0039988409471086
0.0038777811067901
0.0037092126305098
0.0038007250308261
0.0038472698901098
0.0038742574706825
0.0039086858227013
0.0036553580644516
0.0040314060767958
0.0040501958965762
0.0040742119472314
0.0038229935693458
0.0040842227504871
0.0040974274038373
0.0041113236522207
0.0040602557622579
0.0040364159846547
0.0040575393116854
0.0040801141413213
0.0040355451603216
0.0039868105959307
0.0039713209134397
0.0040303963739648
0.0039480804074335
0.003965656862202
0.0036923133038724
0.0040941789529523
0.0040902084684028
0.004073434622196
0.0040647937696207
0.0040326880247863
0.0037493966043004
0.0040737569897949
0.003946630432042
0.004034953556137
0.0041039889263095
0.0038148219809678
0.0041079023573578
0.004096813870904
0.0041017551582649
0.0041780229543757
0.0042789122835087
0.0041806095875424
0.0041246363173698
0.004247817618046
0.0042033786000628
0.0042900758654184
0.004248293325668
0.0043016427353889
0.00429383210869
0.0043121903595517
0.0043121642152267
0.0043381251168673
0.0042669123685016
0.0044190350343544
0.0043729664163412