0.0010493190022197
0.0010404039272993
0.0010425669355569
0.0010454067734953
0.0009834676637344
0.0010284547194105
0.0010321670822942
0.0013094263188632
0.0012970904409107
0.001292092480982
0.0012985403230221
0.0012416321773625
0.0012927749617931
0.0012848974505503
0.0012822967105024
0.0012907403664508
0.0012696077926913
0.0012415017447843
0.0009933851321585
0.0010068482566042
0.0009629751146018
0.0010212547996773
0.001019163693874
0.0010160009102861
0.0010366708113425
0.0010264289237626
0.0010224604527052
0.0009629810847374
0.0010001958168117
0.0010000256384255
0.0009983735203779
0.0009888945475233
0.0009908210671882
0.0011212448721423
0.0011292846683101
0.0011281256038647
0.0011352263938928
0.0011312862090449
0.0011378627029828
0.0011233540232613
0.0010831000787902
0.0011426751507032
0.0011568270509174
0.0011532847735421
0.0010238703624199
0.0010213886360961
0.0010152179510458
0.0010204417846686
0.0010256232018561
0.0010330646231375
0.0009846134662
0.0010432900649578
0.0010417043231039
0.0010450237251802
0.0010463621158381
0.0010342275717647
0.0010418177480916
0.0010340426805421
0.0010336491163611
0.00097077066071