0.0010417447987131
0.0010402203780714
0.0010334441854962
0.0010207790075633
0.0010265178834268
0.0010229969668386
0.0010255349336194
0.0010240904214144
0.0009718204249723
0.001033301156059
0.0028767629977678
0.0066371595351586
0.0099018260103569
0.0242341271416176
0.0247452455425553
0.0245835151238541
0.0246584994433068
0.025141120148857
0.0258605523176343
0.0252146446057708
0.0232573302710461
0.0227368449364258
0.0194024756312282
0.0166363656535448
0.0016204802740027
0.0010451619327513
0.0010344630294855
0.0010185328701232
0.0010312375797444
0.0010143406360946
0.0009620859560983
0.0011101948094913
0.0011024065972097
0.0011027224428641
0.001105076210149
0.0015058523061155
0.0014919406525284
0.0077946617652418
0.0125329109820909
0.0155029340075481
0.0161421533930296
0.0162448900256698
0.0148348465301742
0.0161595650791898
0.0160538674448294
0.0161408196964971
0.0155563455539212
0.011919133513975
0.0110559961885553
0.0046145242032196
0.0017479066112718
0.0010640804920784
0.0010573935838679
0.0009915877234027
0.0010775800322251
0.0010748478260869
0.0010890906047557
0.0010849628514419
0.0010815683317796
0.0010208412682657