0.0040931990448481
0.0038877590553591
0.0042143477783361
0.0040465182130334
0.0042261309807398
0.0041727125643573
0.0044328454630867
0.0043044450251364
0.0043728728372764
0.0041183951508898
0.004599501081885
0.0045482123050691
0.0061377178251512
0.0066707304273302
0.0072675180749346
0.0068959027136
0.0069759954166889
0.0070703149009101
0.0067734497940968
0.0067657389045047
0.00686836554599
0.0062950840657241
0.0054989857630135
0.0053288509689299
0.004081372948177
0.0038451316692211
0.0040137996707287
0.0039915659937888
0.004020938114273
0.0039643501414798
0.003791580077756
0.0038688642577243
0.0040175213043082
0.0039402737934145
0.0040488898654216
0.0037910172494762
0.0049562446234047
0.0055563172639621
0.0065640315717719
0.007246070877628
0.0073594603513174
0.0074650583359602
0.0072014434077827
0.007745022669676
0.0075278937222665
0.0073916454869465
0.0072535757981405
0.0069587025848278
0.0059335729781405
0.0048779188116251
0.0040197411641254
0.0043016235471808
0.0043442067075021
0.0043058874993174
0.0044343561044882
0.0043515200635812
0.004333211780278
0.0043047134528654
0.0041204707386475
0.0043314330531778