0.0017175682622694
0.0017184374897977
0.0017374375045273
0.0017461756912901
0.0017439597058877
0.0017519403344079
0.0017709188888682
0.0017733811728657
0.0017807810352878
0.0017902355710044
0.0017827623031397
0.0017766272176468
0.0017836385077264
0.0017665758924465
0.0017556304612865
0.0017583494926152
0.0017491507583325
0.0017366168922895
0.0017209434847746
0.0017275964386232
0.0017146192513759
0.0017384437835166
0.0017384262642088
0.0017208161279743
0.0017506892403327
0.0017664304864666
0.0017677587354106
0.0017650986768865
0.0017718857574323
0.0017653677719505
0.001789312906822
0.0017878066487233
0.0017693574784722
0.001779535699827
0.0017877411474756
0.0017758814361558
0.0017698881586134
0.00177872565231
0.0017690019670202
0.001763754939759
0.0017683598583405
0.0017442564314438
0.001749344199823
0.0017661318667275
0.0017631637889039
0.0017455632986787
0.0017493796196627
0.0017378431828926
0.0017222153827883
0.0017298884826987
0.0017561526116605
0.0017635691164084
0.0017716318093563
0.0017895433448581
0.0017601625400367
0.0017606041079339
0.0017664226070763
0.0017604641188406
0.0018005661648323
0.0016862053762496