0.0202623338338514
0.0621185401282272
0.097305347304425
0.1529749339970322
0.2239378377367372
0.2792624993992716
0.3761966336749719
0.4782212837170732
0.5944019338963336
0.7795490855467635
0.8023582575544007
1.077219314116617
1.070038110442168
1.3251127209088498
1.4849131282208474
1.7051765105647465
1.9828720435556932
2.162834919095183
2.340523983601193
2.29632289260591
2.7051338729814693
2.9322715469194787
2.986836997410236
3.049645613734727
3.3363365012844826
3.408694134136708
3.5341965911181754
3.660537423546996
3.8340730915018
3.964250285076981
4.093832260476964
4.1519441833246695
4.134305364473487
4.416391343723761
4.5543671325313495
4.666055205592054
4.583126144838258
4.889945069243643
4.947874996272656
5.075308342426266
5.178336067000655
5.3241869055062105
5.386619576837379
5.461425128414525
5.528255877651599
5.608714122043322
5.424874162700614
5.719366335141896
5.681409433892527
5.6769430298116434
5.6853760309673
5.684371319242118
5.744043273461464
5.414259760804022
5.755302105186541
5.758824064543688
5.744581333455955
5.425142878352848
5.758982379286465
5.775743544890276