0.0028925484130143
0.0029895457560018
0.0027347445753761
0.0035876039200046
0.0043927728622475
0.0047766264615045
0.0054712149062024
0.0056590075210231
0.0067735101075338
0.0078582054170697
0.0075663088131212
0.0089170749052703
0.0102770651753658
0.0106590102040543
0.0121630814317216
0.0136143316266844
0.0138934057753211
0.0158017960307198
0.0168808318902807
0.0181982388986205
0.0180295732301682
0.0208370148202362
0.0208370148202362
0.0221161883228975
0.0214963482950957
0.0234164234552465
0.0247943753791163
0.0237096095455624
0.025703096895783
0.0261972080286041
0.0269636086433865
0.0259579842359735
0.0277971859564077
0.0287842663459219
0.0287501540253733
0.0274954136606684
0.0290706297559553
0.0293114145485615
0.027447609184225
0.0292122935057916
0.0293469049811247
0.0299002491248639
0.029964858549853
0.0282673080232718
0.0300113264436049
0.0304402183706796
0.0309280586763122
0.0309280586763122
0.0311532455178521
0.0314901264208915
0.0315187576747004
0.0317516883935459
0.0317516883935459
0.0318521144615161
0.0300503814979849
0.0318035411614004
0.031609006073628
0.0298900271915076
0.0296777063589891
0.0313439708454808