0.1516022039423588
0.2045659443765904
0.2379925290618779
0.2392442610038821
0.2416459973565435
0.244180130908214
0.2356235149188429
0.246772006824399
0.2406789022673369
0.2034463800421176
0.173777539369502
0.1803226786384171
0.179492134266042
0.214153222106902
0.2426350949796195
0.23265685228928
0.2336829847830735
0.2433649591601525
0.2366164412290689
0.2368344200325442
0.2390136383693077
0.2128692259361603
0.1433531225452742
0.0955712072504325
0.025455792322135
0.001063925499888
0.001065137200598
0.0010797267680249
0.0010638598895669
0.0010694693983742
0.0010670483632355
0.0010727338636957
0.0010641276721396
0.0010711117580608
0.0010628487781979
0.0010629124103574
0.0010532611833868
0.0010576085847137
0.0010391900557817
0.0010522533101405
0.0010495262154801
0.001054654630936
0.0010546953515673
0.0010699389974118
0.0010668315056344
0.0010766138764525
0.0010751990831166
0.0010843525767466
0.0133223869910955
0.0218858413119954
0.0269517307601423
0.0311443814597306
0.0317638642925095
0.0313561741764506
0.0316620694806296
0.0319508958620645
0.0319796109843226
0.0315979850963222
0.0309385045264582
0.0193493833125688