0.0057151504813501
0.0058309048601852
0.0056620060495189
0.0058841296407565
0.0057604455411598
0.0058900038315568
0.0058036332575275
0.0060554882097954
0.0060177152468819
0.0061130216179542
0.0059627399011387
0.006070086720218
0.0059982892930616
0.0061543994428255
0.0060912118722792
0.0063285287844919
0.0061653121772294
0.0062469899610293
0.0060694101247653
0.0061707116208498
0.0061233086740251
0.0062119295289652
0.0061165129775915
0.0062296495087336
0.0061313505611396
0.0062432770013397
0.0061057549071901
0.0062789589001447
0.0062508729561141
0.0063483292259377
0.0062581364292053
0.0062815114614477
0.0062589153346248
0.0063589450746592
0.0062180168864469
0.0062790042296938
0.0062214025243112
0.0062348028898231
0.0060075110283215
0.0059548646143424
0.0057622283767191
0.0057442434918246
0.0055974096158117
0.0056060264639846
0.0054180311604454
0.0053979560847716
0.0052148232536248
0.0051435765991143
0.0049957533554279
0.0051696139727647
0.0051818430415385
0.0053840607493698
0.005426519749554
0.0055381107499461
0.0054218974391503
0.0055699883372704
0.0055265747310264
0.0057691147634885
0.0057829787733275
0.0060015634205636