0.0010056552824414
0.0010032595741587
0.0009888353777328
0.0009903378506031
0.0009934636754852
0.0009915525342178
0.0009798830531958
0.0009781721463008
0.0009748402578408
0.0009740609070327
0.0009732413805777
0.0009748927262272
0.0009760499276808
0.0009829796602715
0.0009831433332126
0.0009870566079416
0.0009808720026459
0.0009868756952621
0.0009908131319502
0.0009948823157816
0.0009930548904
0.0009952626054966
0.0010009712738534
0.0010051478419722
0.000996849583423
0.0010025170465142
0.0010050775314427
0.001014088176497
0.0010119055705904
0.0010163250013886
0.0010115613905191
0.0010179032768276
0.0010212215823142
0.0010197256075768
0.0010162764968721
0.0010290416026325
0.001033460266229
0.0010260737195786
0.0010261080835438
0.0010308538651346
0.0010201756151317
0.0010266475229456
0.0010279540223771
0.0010272208092275
0.0010276639052616
0.0010368054674016
0.001037975303512
0.0010352255082525
0.001046633277655
0.0010789077913946
0.0010807893270043
0.0010877914149271
0.0010935793522564
0.0010964873685548
0.0010960010312126
0.0010906509710516
0.0010840352605282
0.0010796514260099
0.0010639616579552
0.001052364841971