0.0091446850005457
0.0089072448975913
0.0084535135700906
0.0079503060773677
0.0074924239490491
0.0069130420998303
0.0065639459386476
0.0065037572420311
0.0065355762798889
0.0064722383999129
0.0067716868010997
0.0064094191053054
0.0066584026879322
0.0064783122144876
0.0065459260639781
0.0063220954439641
0.0066531141621895
0.0068546612808458
0.0074179796304628
0.0080210241941429
0.0087251602296934
0.0088655094761099
0.0091825951619025
0.0089757584004039
0.0091229052978562
0.0089829176191073
0.0090097369427555
0.0085801629734231
0.0083851851798145
0.0078062098345301
0.0072727739545691
0.0065500123452358
0.0061852857822858
0.0060197189979202
0.0061229870324282
0.0059998214644852
0.0061573718349511
0.0061104854895135
0.0063503483726317
0.0060802249981482
0.0060686568943651
0.0058523472918941
0.0059369598695303
0.0063970539252981
0.0069860570524119
0.0083983687312393
0.0096581021482843
0.0103395761667374
0.0123163821657206
0.0120732905058975
0.01229104813482
0.0123662096465232
0.0123505432473174
0.0123635222831051
0.0117733275192724
0.0112052395404723
0.0098548282435785
0.0084870547297784
0.0077188104514255
0.0057455487180419