0.0010295172020457
0.0010275604428697
0.0010337692012919
0.0010410784868853
0.0010273844010134
0.0010292613284903
0.0010215045664165
0.0010208980245006
0.001017141056544
0.0010226755472564
0.001019700323496
0.0010069080755252
0.001002390565628
0.0009962582635132
0.0009994092015445
0.0010116920742987
0.001016316851331
0.0010224912919343
0.0010251051162625
0.0010333666559976
0.0010376581358045
0.0010535491486778
0.0010592898122643
0.001077169795517
0.0010839795174989
0.0010875707766691
0.0010858746582004
0.0010745337594816
0.0010804832499394
0.0010704626055926
0.0010696896474952
0.0010799443657508
0.0010719439693844
0.0010745041876046
0.0010729830719026
0.0010752085850728
0.0010724573013275
0.0010763463715255
0.0010875460916839
0.0010907601362987
0.0011014769639745
0.0011035623086538
0.0010880760484557
0.0010920129288552
0.0010947010940517
0.0010914802539796
0.0010863983810135
0.0010823448972841
0.0030177268420284
0.0030158247913751
0.0030441111558376
0.0030209158870034
0.0030146729934431
0.0030128230798623
0.0030009005730244
0.0030184107240761
0.0030103831574725
0.002989542431646
0.0030166963122466
0.0011104130587661