0.0174492172605191
0.0169071991569507
0.0117181171271713
0.0096051539208985
0.0055476826524467
0.0026409737647161
0.001062191121101
0.0010740675237635
0.0010296574427653
0.0010275698918948
0.0010234286243357
0.0010343012998812
0.0010271163642328
0.0010365394201477
0.0010386980521241
0.0010566024431677
0.0025052547498194
0.0053206827330506
0.0082216735151157
0.0101878354533601
0.0142954928559668
0.0158605075565156
0.0166281529725386
0.0165892127597728
0.0165813381327616
0.0169431466307278
0.0163087497991899
0.0150791898495903
0.0124726905263557
0.0095103743408516
0.0074899898062629
0.0034047759176134
0.0016287477173662
0.0010518973884744
0.0010213577096367
0.001009539188715
0.0010281252040398
0.0010186760339436
0.0010231161029603
0.0010428080702822
0.001034610594104
0.0010467658275712
0.0010447794903069
0.0044710659909616
0.0064459616218436
0.0137825414518622
0.019301108807637
0.0248358217039822
0.0349303300618153
0.0346417326962987
0.0348065216140403
0.0351493468097862
0.0347472206088236
0.0353133120926072
0.0315600822140385
0.0299951973331376
0.0225552485944805
0.0165462962199555
0.0117345450083579
0.0011131354443755