0.0010279856189198
0.0010269493254237
0.0010182744800966
0.0010154693575769
0.0010234565330075
0.001024736587741
0.0010275312329764
0.0010292765542852
0.0010386445826757
0.0010312700989959
0.0025617499680613
0.0044643249655372
0.0077816200312194
0.0106859020742357
0.0116722106736403
0.0114245772230327
0.0114364978169877
0.0115300283252574
0.0115347736673464
0.0114629431653634
0.0113900537273216
0.010021276428845
0.0080722753660039
0.0063977031395101
0.0049264248683526
0.0055249425727
0.0067930853217379
0.0068217160524944
0.0068453850322442
0.0068330167467574
0.0069091442606184
0.0069544380875291
0.0068374160334208
0.006789585113234
0.0051554305527783
0.0047107638519806
0.0045851775778622
0.0050566980682386
0.0065439618492486
0.0067550989859708
0.0068067051490909
0.0067005383854016
0.0068100580102413
0.0068386294342536
0.0068412388998178
0.0068593005852922
0.0059969217728792
0.0049861277386971
0.0059578019449242
0.0051501882532588
0.0062653525544943
0.0070245495492204
0.0070583938759537
0.0069803320006486
0.007074212862418
0.0070050633116886
0.0070533316292185
0.0070017755278835
0.0065941862690333
0.004032210179248