0.0010064875528332
0.0010000178616487
0.001005240077871
0.000998551067143
0.000999061968474
0.0009960199462983
0.000991121459695
0.0009923673294104
0.0009940612301084
0.0009858923391362
0.0009842699422281
0.0009835093242916
0.0009873339520693
0.0009835992534036
0.0009804647794721
0.0009779910245739
0.0009848192740426
0.0009889401133237
0.0009908693850578
0.0009842753827266
0.000991431500259
0.0009805006014255
0.0009807849322257
0.0009782668475641
0.0009803632040183
0.0009889147525159
0.0009935581340106
0.0009836369908378
0.0009898349349497
0.0009943904380994
0.0010084851589274
0.001003452360376
0.001014498398085
0.0010063067374275
0.001009463251019
0.0010120162151028
0.0010091015045791
0.0010082493614362
0.0010139050482526
0.001011855364019
0.0010102395523211
0.0009950187276995
0.0009960934250987
0.0009973292212798
0.0010015927071252
0.0009941121258244
0.000995930854754
0.0009929045026485
0.0009935272176515
0.0009894538755945
0.000988665475379
0.0009871709035221
0.0009924451966703
0.0009900861910706
0.0009935185994056
0.0009882700505267
0.0009964089863854
0.0009953862715252
0.0009999145107476
0.0009957892883617