0.1532098354221466
0.2110993379332654
0.2366906637405199
0.2353360551596307
0.2353623711709453
0.2392387808108903
0.2305263967249528
0.2434118670439536
0.2358269440797781
0.2133553614742847
0.1739450506197968
0.1708401773331595
0.1593896438276688
0.211440550542826
0.2380579953691135
0.2377642426645949
0.2398935231150645
0.2426017815674483
0.2359305930480608
0.2391450729992002
0.2425414440983489
0.2134080557406582
0.1569797254533863
0.1069192623392276
0.028979304524481
0.001162708454811
0.0011661133775817
0.0011558011829017
0.0011623910411842
0.0011551248059665
0.0011716246690217
0.0011713418845153
0.0011884519253827
0.0011768512240026
0.0011841621244789
0.00116947635087
0.0011834258642773
0.0011779511136814
0.0011768501290125
0.0011820563996071
0.0011887904037593
0.0011820755715605
0.0011832583683871
0.0011672726170094
0.0011732439491363
0.0011710803343511
0.0011875309526005
0.0127850820580886
0.0553056002906718
0.1033033200579289
0.1636195116047742
0.2153046956045148
0.2195468986555251
0.2257814697164466
0.2260539049825331
0.2226175682731638
0.2226690712009266
0.2257198208286669
0.2161279354671119
0.1771612199490375