0.0003408198292322
0.0003438532240437
0.0003208020779412
0.0003341576865039
0.0003413238582389
0.0003243546747061
0.0003418203379349
0.0003389762117917
0.0003218651915553
0.0003445013643839
0.0003464049058899
0.0003277070181329
0.0003433919128794
0.0003480304424714
0.0003288524474256
0.0003396386214619
0.0003469867360208
0.0003203034350096
0.0003442830330743
0.0003422330413998
0.0003274748290411
0.0003447438054144
0.0003403452635743
0.0003214404590329
0.0003350369376278
0.0003458712423662
0.0003283976061208
0.0003444633441031
0.0003475548533055
0.0003289896160433
0.0003507335901696
0.0003465345009074
0.000321297070059
0.000348312333645
0.0003499028251032
0.000329897218379
0.00033601039036
0.0003441875900559
0.000319303340438
0.0003455841063244
0.0003390974291557
0.0003173304480745
0.0003337263404523
0.0003423270567259
0.0003203038399154
0.0003352632956813
0.0003428108732845
0.0003275405736302
0.0003433043217831
0.000344549100174
0.0003192513558123
0.0003369489645374
0.0003442199989242
0.0003252077278731
0.0003458652337394
0.0003390253446951
0.0003273343628775
0.0003359689209892
0.0003425961855078
0.0003184605819673