0.0010625603011907
0.0010523067732017
0.0010538540092132
0.0010557482745638
0.001069080076553
0.0010720230010952
0.0010875580776059
0.0010755794935505
0.0010762435853076
0.0010810504923837
0.0010954101623406
0.0010858328532919
0.001089692605817
0.001091635755135
0.0010933088084232
0.0010841886204927
0.0010789560516784
0.0010710729176018
0.0010783176615979
0.0010814080551041
0.0010833648423943
0.0010763130990415
0.0010684561103083
0.0010674155224426
0.0010694129138278
0.0010668865621117
0.0010792069959073
0.0010703244528673
0.0010691002617126
0.0010663843766166
0.0010650988875595
0.0010678028722795
0.0010752067947088
0.001077508420238
0.0010769220795591
0.0010712063790201
0.0010758012755711
0.0010610433610667
0.0010654214117078
0.0010635088248659
0.0010661108279554
0.0010670832461981
0.0010575687782805
0.0010502501783069
0.0010627905136905
0.0010743644460802
0.0010757243967039
0.0010724740490154
0.0010755391695973
0.001077359590257
0.0010791115695689
0.0010716085552721
0.0010755273166093
0.001075830992961
0.0010869811514109
0.0010721648550397
0.0010662021051479
0.0010730466486486
0.0010801390136946
0.0010901832133591