0.0055442371792583
0.0055363243410514
0.0056753811551818
0.0054785977581804
0.0055157826859244
0.005435518102798
0.0055466618006628
0.0054385862908205
0.0056781777381753
0.0055431244997374
0.005838991992558
0.0057743531212977
0.0059877038622632
0.0059815190629899
0.0062079955916892
0.0060618082488362
0.0061431524004123
0.0060340205560236
0.0060933175671966
0.0058200362056084
0.0060105498749954
0.0058803691087347
0.0058725251456382
0.0057343912879264
0.0057812339546744
0.0056165768762382
0.0058097189976753
0.0056509171265736
0.0056848870018317
0.0056249675483602
0.0057561337339525
0.0056611044453572
0.0057109299638352
0.0057766032900867
0.0059272253058573
0.0058391683318972
0.0059002962513582
0.0057433334826628
0.0058593804527277
0.0056818700057103
0.0058511642328392
0.0057847845765738
0.0057771719600642
0.0055859558611656
0.0055526775714492
0.005345501138417
0.0053997134840525
0.0052300960402981
0.0053839194347319
0.0053035466458944
0.0054488544383217
0.0052292219233355
0.0052838656425521
0.0052331249236517
0.0054468750590286
0.0054544842839872
0.0054582176075513
0.0053278892620495
0.0054168256140539
0.0052620052069773