0.0012337537249309
0.0016593329449622
0.0018849213493167
0.0018920541029406
0.0019403620360161
0.0019081070615445
0.0019331577675678
0.0018923627113786
0.0019250730462984
0.0017571318637492
0.0021202558037268
0.0029989448569175
0.0043863372199236
0.0056020885886716
0.0064981487352752
0.0064608312999273
0.0063413135724594
0.0063858944119441
0.0065613668535388
0.0064481900179415
0.0063773484549755
0.0056414377884403
0.004323755045638
0.0032284709591169
0.0028557853047511
0.0032394731834068
0.0045908025885901
0.005055536175162
0.0050801347742697
0.0050246653172128
0.0051064003706106
0.0050821380302471
0.0049490148492629
0.004867028016316
0.0041951777847413
0.003278762807706
0.002309983234013
0.001176420139596
0.0012374733230337
0.001433396380886
0.0014235380967834
0.0014237199877297
0.0014314311677004
0.0014391894228138
0.001455863676617
0.0014156229158449
0.0012780024523605
0.0011236219354838
0.0013519925333817
0.0017593234670371
0.0023468590530469
0.0031482789662782
0.0032874081625183
0.0032562027147025
0.0032626511594124
0.0032954714070868
0.0032658046244455
0.0033425881500204
0.0031393136505857
0.0029186080117564