0.001109075923056
0.0011176777157268
0.0011038165853297
0.0011230826184936
0.0011144902524366
0.0011220843411079
0.0011295553385061
0.0011316309974459
0.001129012366784
0.0011455679346375
0.0011108504655631
0.0011379156525997
0.0011307053069833
0.0011428927667366
0.001131163087953
0.001144115854445
0.0011396521202215
0.0011472033773049
0.0011527423907845
0.0011635752420929
0.0011325001953669
0.0011518672335092
0.0011299684416343
0.001135251602244
0.0011420293919717
0.0011583163152256
0.0011579133311987
0.0011625445897741
0.0011492779295025
0.0011556215202367
0.0011450215267368
0.0011729769767064
0.0011681768578975
0.0011915197261166
0.001183576726647
0.0011790594984815
0.0011706645706073
0.0011732916238676
0.0011769911290321
0.001184181081528
0.001187311780673
0.0011940022534392
0.001173246095182
0.001183513063648
0.0011735100030557
0.00117649957582
0.001165281331906
0.0011717557049899
0.0012271856956076
0.001248149783375
0.0012456072758159
0.0012544717245765
0.0012519519280992
0.0012628208264346
0.0012531815844738
0.001258078001641
0.0012654022600713
0.0012749266961784
0.0012681172000291
0.0012090690969561