0.0003177273244646
0.0003406829263858
0.0003433415927585
0.000313956644947
0.0003376365913422
0.0003412771787296
0.0003198124758913
0.0003458386860243
0.000342980492311
0.0003190513993444
0.0003460527151828
0.0003463472487511
0.0003251073287872
0.0003422915853041
0.000340765429841
0.0003170702010968
0.0003459343970994
0.0003460621955446
0.0003214356171832
0.0003430246710228
0.000345749810763
0.0003243588853357
0.0003501834988456
0.000348175923185
0.0003312027569294
0.0003563787708075
0.0003601992514997
0.0003295797101449
0.0003546387948913
0.000351114251549
0.0003277990371737
0.0003562949556325
0.0003553801032036
0.0003254389602856
0.0003519148083277
0.0003465893993708
0.0003239583678765
0.0003439658672917
0.0003466531944043
0.000320302678295
0.0003433893054925
0.0003481218584086
0.000314981589808
0.0003400187577706
0.0003404904774997
0.0003147257118096
0.0003392082288189
0.0003431867170881
0.0003192534547169
0.0003419892721841
0.0003474744198794
0.0003212466037597
0.000345432042826
0.0003510199304538
0.0003236300878608
0.0003505556976157
0.0003483243385954
0.0003262080679405
0.0003406491015959
0.0003430190628367