0.0010427822041764
0.0010427561260418
0.0010435851345079
0.0010419410795743
0.0010414519612164
0.001043253986311
0.0010521379422911
0.0010546494913677
0.0010625504678476
0.0010786532722257
0.0026100560322156
0.0086371355853167
0.0236612806530431
0.0466329031013397
0.0693871412488329
0.0833672310654922
0.0922619511185651
0.0973406718351979
0.0976175860517644
0.0958999659109505
0.0965859781346719
0.0945685209715034
0.0881347948490556
0.072453663039594
0.0518470915073179
0.034085979891294
0.0318600868321298
0.0443865244925566
0.0648142790575537
0.084269840898941
0.0989677502025936
0.1045131956466349
0.1060890241031696
0.1056571970825296
0.1079332875801341
0.1053340307585907
0.1007158412069216
0.0874993906502752
0.0683945252031624
0.0510107489937731
0.0389420944849875
0.0376982047710773
0.0531742784450506
0.0699444984886052
0.0839021352345894
0.0962470706833505
0.1030162159656062
0.1051259706971619
0.1064287906442137
0.102519926771967
0.097943518984104
0.0889094960917243
0.0792071179867834
0.0615923430276743
0.0512699715661341
0.0477334025931043
0.0485061842242015
0.0639489400955861
0.0741569739491797
0.0891015258169208