0.0010494842601082
0.0010418071415689
0.0010495771489785
0.0010530094581536
0.0010634336521547
0.0010605740778179
0.001058814495802
0.0010496948140003
0.0010502444278021
0.0010475954584468
0.0010452428703875
0.0010450228157024
0.0010493077852422
0.0010369284326075
0.001037956862536
0.0010294521139539
0.0010381818772094
0.0010434817540912
0.0010638806100217
0.0010712817669514
0.0010789882272588
0.0010871407223137
0.0010935113962736
0.0010944470030232
0.0011111829228658
0.0011156198333485
0.0011210875540622
0.0011162631281246
0.0011178565253842
0.0011018243621938
0.00109730941327
0.0010908716167448
0.0010907314774539
0.0010935668963747
0.0010833392690122
0.0010843447707577
0.001072241869294
0.001068498858069
0.0010716423352331
0.0010712594329413
0.0010750670167912
0.0010722942449313
0.0010715598992332
0.0010579440104166
0.0010512479825362
0.0010576862630647
0.0010538095794812
0.0010596191548886
0.0010719565052608
0.0010657896563567
0.0010582769203286
0.00105663767189
0.0010600215629495
0.0010684856763115
0.0010871227401417
0.0010981612370679
0.0011046019661347
0.0011083786926461
0.0011171642889349
0.0011031358653021