0.0058497021012013
0.0059910192882612
0.005985323665998
0.0061757590755437
0.0061456391049685
0.0063484792120155
0.0062222468986715
0.0063687435943703
0.0060601532862496
0.0061901749426626
0.0060256167626707
0.0062411539006319
0.0060718530363388
0.0061800852684716
0.0059534329001984
0.0060219538008333
0.0056603531354952
0.0057208023778919
0.0055003618146096
0.005677385767037
0.0055799629275853
0.0057138641630551
0.0055427094203027
0.0057403003873214
0.0055888214075356
0.0057151401290466
0.0055975037390267
0.005819669351304
0.0056347601986916
0.0056765831891178
0.0057494515983791
0.0057435442426654
0.0056316288767171
0.0057782140600461
0.005612002841989
0.0057548238514423
0.005702611142604
0.0058418340692156
0.0056882624353974
0.0058557686599344
0.0057977108222629
0.0057973239281032
0.0056528350390349
0.0057006126513936
0.005532529495882
0.0055657651046055
0.0053648155649148
0.0054477566941485
0.0052955768921976
0.0055128030531068
0.0054559148098401
0.0056070839114218
0.0054450366864115
0.0056469129520075
0.0055755906566482
0.0056643671798409
0.0056825055630935
0.0057183661031704
0.0055268787939333
0.005510524534071