0.001111850600957
0.0011437650424643
0.0011218606493361
0.0011349996894864
0.0011224793341719
0.0011471120074575
0.0011159176295534
0.0011286948162838
0.001133800699046
0.0011510094697654
0.001143161826101
0.0011701227689862
0.0011412193476854
0.0011577995308976
0.0011461669650032
0.0011726220912417
0.0011448065946043
0.0011649626423854
0.0011605816093186
0.0011590263494177
0.0011470362482927
0.0011584368828636
0.0011220179878609
0.0011500878865795
0.0011421804441592
0.0011366957337169
0.0011304212480209
0.0011366762570089
0.0011418222727436
0.00114060600084
0.0011398027289463
0.0011340803967392
0.0011279592316811
0.0011613359704924
0.0011525194128188
0.0011447925606949
0.0011510070171611
0.0011514750847614
0.0011468154851867
0.0011530810029455
0.0011578709518238
0.0011568410902401
0.001181798675922
0.0011809929407527
0.001164262497913
0.0011787620209059
0.0011852955677334
0.0011837904953742
0.0011651835038592
0.0011727344098797
0.0011545182163326
0.0011447814397542
0.0011579489071864
0.0011451103672218
0.0011354223375484
0.0011570883730988
0.001120490621207
0.0011344843441364
0.0011428448831074
0.0011534924381342