0.0010948624646509
0.0011030951695858
0.0010994001218138
0.001105682787694
0.0011107283914445
0.0011176199631428
0.0011160991485166
0.0011108017435878
0.0011092814763206
0.0011127189406338
0.0011019419212576
0.0011181397853421
0.0011120650365516
0.0011138877211389
0.0011089621992491
0.001104015440625
0.0010997424181525
0.0011087460426704
0.001120930355445
0.0011269189603283
0.0011284964419881
0.0011448067750432
0.0011554761740956
0.001160619804401
0.00115797787167
0.0011643125716743
0.001168965355128
0.0011658441504
0.0011463704018317
0.0011400507662658
0.001128096787758
0.0011288204872205
0.0011252307579695
0.0011082231661344
0.001105255152358
0.0011107234209995
0.0011029187802322
0.0011010743937297
0.0011006372473272
0.0011245174066972
0.0011286048612994
0.0011374477764961
0.0011322046937998
0.0011330810696406
0.0011279962238803
0.0011348217350897
0.0011349632534495
0.0011471829354247
0.0011533559143685
0.0011620814086062
0.0011452575010312
0.0011545601863647
0.0011531849878934
0.0011650258072649
0.0011652937486322
0.001180182218537
0.0011745842464153
0.001172777624538
0.0011635535070141
0.0011674757748646