0.006011574110601
0.0059173008421398
0.0059991720513468
0.0060159197101292
0.006028087388955
0.0058386009518186
0.0060852816139616
0.0059820798761946
0.0060682726044425
0.0060927268831263
0.0061262659083867
0.0059674245697112
0.0061403646347258
0.0059545637966616
0.0060522040765241
0.0058586833219337
0.0059572357838892
0.0056958686025408
0.0058434656277468
0.0057829381854256
0.0058281220884703
0.0058123734445156
0.0058896765709622
0.0057854452919707
0.0059905233906364
0.0059059946370249
0.0060675738850959
0.005928731905797
0.0060536263593102
0.005854993189416
0.0058855213782882
0.0057641442204571
0.0059147567345187
0.0056937433411866
0.0058521350412109
0.0057549391574534
0.0058247749173358
0.0056766260813188
0.0059554111911597
0.0058826172717993
0.0060937758170656
0.0059970263553389
0.0061658174665905
0.0059224975419908
0.006071437135107
0.0058388587887476
0.0057850713816751
0.0057305616435913
0.0059248154926773
0.0057491165111334
0.0058784269738272
0.0057932341846191
0.0059328517976364
0.0058621652902992
0.0060446885977593
0.0059458523111198
0.0059076730205551
0.0060291240005098
0.0060643645116663
0.0058642835014869