0.0058495228158297
0.0057144225001828
0.005797377147532
0.0059925694353131
0.0059690119064826
0.0062707743343285
0.0062048444456599
0.006151128085676
0.0061619986409755
0.0062475226752008
0.00617027105098
0.0063192558434039
0.006340044919039
0.0062035890238416
0.0058915535136697
0.0060110646223883
0.0057863631907061
0.0056817111627147
0.0056725481968067
0.005618324710933
0.0054302039019964
0.0054048964661451
0.0052376661148512
0.0052499449732992
0.0052884549382373
0.0055016789977456
0.0053308701473266
0.0053067598996595
0.0051021475192655
0.0051323002302871
0.0050929625483667
0.005150560330425
0.0051278353270924
0.0053648396151046
0.0053600373375418
0.0054006921262376
0.0054628266790081
0.0054928641730091
0.0054715315858356
0.0056813427002699
0.0056217803983421
0.005832212804878
0.0057111583948935
0.0057276161039813
0.0056331339186691
0.0056609149448849
0.0056419032048906
0.0054397190972474
0.005341374849308
0.0053916849230546
0.0051875736980823
0.0052873836006017
0.0049516408192597
0.0051413080133706
0.0051427235587342
0.0051044057644877
0.0049920010774681
0.0049648743053433
0.0049575773317157
0.0051448854422605