0.0791499300187498
0.1180508338984467
0.1656324894384322
0.2226961659921979
0.262975887348333
0.3218020668662718
0.3762067571688899
0.4209810004205144
0.4616704750371023
0.5132929256301341
0.5361806744364149
0.543874676347878
0.5491089765654377
0.5574224652218258
0.5455616882498685
0.5613180493048443
0.5509554270482211
0.5557831795060437
0.5709581728156802
0.5815753685314357
0.5835586063036698
0.573797857207421
0.5779803645786169
0.5764991025867087
0.5718187541943639
0.5813449744156762
0.5813785724094281
0.5834899148865388
0.5692637332785473
0.5517037313460116
0.5512198916937286
0.5513029280317492
0.5587776680067692
0.5533858574376047
0.5608827175759464
0.5563856494158537
0.5609963632430558
0.5434248126281931
0.5459909220607376
0.5592722426481407
0.5540784737337884
0.5454370748032786
0.5492027717248354
0.5463667891691792
0.5493437129817997
0.5421382249769605
0.5507337780932509
0.5416315406295399
0.5543406218813939
0.5542064751226468
0.5393401642130096
0.5551932693814586
0.5624182153213688
0.5545465402112473
0.5519736261933249
0.5531342047126242
0.5570080179982444
0.5523582798998662
0.5497489072916315
0.5350088421235671