0.0029646450171062
0.003515666113586
0.0038235487570997
0.0039615797676978
0.0047387089982714
0.0046199200620876
0.0054686501979442
0.0054737920474055
0.0063393180212012
0.0068076508075154
0.0069308922019985
0.0072573467086
0.0075831336798835
0.0074535818133095
0.0074753378119681
0.0072312635561625
0.0079300667850412
0.0073534203695084
0.0078309062522468
0.0074066519641245
0.0076535192454984
0.0074513860719585
0.0078862180773193
0.0075518586093074
0.0081291436632105
0.0078325985510685
0.0082056230902591
0.0074259647944686
0.0078819090942567
0.0074643923304383
0.0079858512523241
0.0075757905336994
0.007930507522298
0.007440752101444
0.0077073743262748
0.0073203722974706
0.0078399755959032
0.0074642536724198
0.0078515198951375
0.0075454985711104
0.0077435067235743
0.0072813567528081
0.0076856023257523
0.0073160420189551
0.0079031799996363
0.0075491056976368
0.0077811775486416
0.0071893746460193
0.0075431605795074
0.0071266513547066
0.0072808457516574
0.0070851980060873
0.0073036585313635
0.0070223843911273
0.0073839343332055
0.0067776569208334
0.0072244758480623
0.0070615244634098
0.0076003749340993
0.0072090187482026