0.0010552840328466
0.0010404468283411
0.00103734887282
0.0010290458197767
0.000973190133974
0.0010266726011677
0.0010291700592935
0.0010288720612161
0.0010311856995125
0.0010333758659928
0.0010245429065114
0.0010204906051395
0.0010326205752867
0.0010335775067118
0.0010389283379386
0.0010472162878648
0.0009879073520707
0.0010400940599535
0.0009742979389026
0.0010359866479908
0.000977040494778
0.0010375808258769
0.0010355003990741
0.001034600175522
0.0010380856064318
0.0010401719415206
0.001032402924029
0.0010356906860865
0.0010406431547347
0.0010533983196661
0.001055626547721
0.0010658306421539
0.0009988221926607
0.0010613598982076
0.0010663433220732
0.0010722994182635
0.0010725695017891
0.0010768136529347
0.0010844817668684
0.0010825715491056
0.0010801427794026
0.0010183033038458
0.0010740809877614
0.0010809768112168
0.0010157824445948
0.0010749561253046
0.0010722083166442
0.001066076393502
0.0010675430233347
0.0010071863518919
0.0010650297073037
0.0010713318598559
0.001008859443284
0.0011011299886356
0.0011066890977223
0.0010537911073774
0.0011098090763353
0.0011103042917508
0.0011133442339331
0.001051354402767