0.0057360414049699
0.0053638764609181
0.0056611606053431
0.0057413587965683
0.0059135875627797
0.0057574788600751
0.0057574788600751
0.005700484511517
0.0059366440809827
0.0055801917276178
0.0059504437419485
0.0058517040964634
0.0059446498523396
0.0059446498523396
0.0059666455617316
0.0058283382557205
0.0059457824114049
0.0058075750331761
0.005851285167125
0.0057575794257799
0.0057787615112855
0.0055911801744155
0.0056842628373295
0.0054897369603653
0.005185102709544
0.0055423817045079
0.0053648340635964
0.0051290220192081
0.0052483381280424
0.0050122319972393
0.0050178868205372
0.0050178868205372
0.0050048157434205
0.0050314050721033
0.005210781784874
0.0050566602635981
0.0047954646069671
0.005047879437397
0.0051969895559921
0.0048546242119995
0.0053779687865711
0.0052570567008443
0.0049591324899183
0.005283972853233
0.0049516998931187
0.0052856310895868
0.0054727453942119
0.0055418483393114
0.0054938835315877
0.0055703874201869
0.0055843636661688
0.005515441621902
0.00566979395195
0.0056078221218389
0.0055972594168121
0.0054323191786613
0.0054474845680581
0.0053736142920061
0.0054200585784808
0.0054200585784808