0.0011373315426326
0.0011407552947133
0.0010844682395545
0.0011348048069426
0.0011424286161898
0.0011447704008524
0.0010803213051132
0.0011430421959385
0.0011452146499297
0.0011351692154143
0.0011272774283835
0.0011353060054151
0.0011299456341019
0.0011348547922747
0.0011369093711777
0.0011458924856655
0.0011389095769577
0.0011382970027248
0.0011279309751082
0.0011236677912953
0.0011302680324601
0.0011357201469351
0.0010637885762612
0.0011169555190434
0.0011215398824213
0.0011175827267989
0.0010047663266666
0.001118545986494
0.001121756857664
0.0011248871047839
0.0010560746285451
0.0011166908795389
0.0011071909245481
0.0010590814152835
0.0011170370193016
0.0011150344682568
0.0011212686495914
0.0011227338814524
0.0011227338814524
0.001131761658873
0.0011300959259393
0.0011376882184693
0.0011334600044016
0.0010770584659403
0.0011361029079486
0.0010837798909014
0.0011453663103535
0.0010879735508811
0.0011513489435653
0.0011402652725471
0.0011413584530571
0.0011365522617478
0.0011311569324153
0.0010693537178385
0.0010807656867643
0.0011419772600375
0.0010803813168734
0.0010759536343324
0.0011390622565247
0.0011262921569691