0.0010022995678955
0.0009948715894072
0.0009932873304709
0.0009994327291122
0.0009436212825548
0.0010022274224021
0.0009517393128814
0.0010051577352901
0.0010053550801552
0.0009980829101239
0.0009432010659604
0.0010037709817725
0.0010132560001604
0.0010130287730622
0.0010194216038135
0.0009703689979443
0.0010209356100851
0.0010287111844459
0.0010293529155183
0.0009757066837539
0.0010389053154462
0.0010379010093952
0.001049189389472
0.0010121419249177
0.0010089762277875
0.0010557101493241
0.001056838892478
0.0010544086408313
0.0010072501206163
0.0009952113448805
0.0010639200848536
0.0010001050090697
0.0009876962101913
0.0009881642771823
0.00103506951319
0.0010293079569331
0.0009664071036407
0.001024117747308
0.0010316858655216
0.0010282938562838
0.0009775654787286
0.0010291780604713
0.0010415938915276
0.0010409896869183
0.0009922198819708
0.0010433125359791
0.0009969564357353
0.0009880292459395
0.0010418201540131
0.0010392700152723
0.0009846583205624
0.001037626492986
0.0010323566634061
0.0010250742615105
0.0010226210688931
0.0010275375063816
0.0010320112601214
0.0010381015039859
0.0010360361974538
0.0010395095132001