0.0055965338918891
0.0056452929623842
0.0058620468889415
0.0058620468889415
0.0057950176347497
0.005851579854575
0.0058991384568414
0.0059272793832902
0.006049904391025
0.0058508610799787
0.0059038596973403
0.0058592301854974
0.0058534856586402
0.0058156025157694
0.0059846490104022
0.0059069504527332
0.0058921293291617
0.0055345241737859
0.0056191611050781
0.0052137541947514
0.0054420898379435
0.0053358024918873
0.0051963124902684
0.0052118476031423
0.005201316733929
0.00499400316051
0.005064213646655
0.0048377071070279
0.0047787381973978
0.0049952528471124
0.0050478399983848
0.0050420810986454
0.0046453523248952
0.00511648420861
0.0048943876620368
0.0052480392571782
0.0052431360952088
0.0051941047805444
0.0052956634737543
0.0053822468513406
0.0054167879545079
0.0054468628259662
0.0051677771287152
0.0052001781488056
0.0049159332595687
0.0051913721969007
0.0050196780572923
0.0050626760802128
0.0052018728978876
0.00496713551627
0.005141437470671
0.005194437513584
0.0054547872902199
0.0054686674179068
0.005130467624478
0.0054658138512952
0.005404155484827
0.0055081210145329
0.0055113232800366
0.0051974914566032