0.0630947694391793
0.0667300972072363
0.0690622456357729
0.0727496224182269
0.0799646752492611
0.0845919614800269
0.0901072656733463
0.0993479791324439
0.1050740075455569
0.1148493699636368
0.1233759982272717
0.1318401254955205
0.1411517033944035
0.1496319316022728
0.1582543365412261
0.1658423085443329
0.1735776333700806
0.1843281129946561
0.1936017521091018
0.2009652242116893
0.2098767890683311
0.2184203862232313
0.22623987831003
0.2337321382895023
0.2426877143421096
0.2514586701867781
0.2597933891149807
0.2694787359507729
0.2776499028636926
0.2854178739749854
0.2957552710280354
0.3050665612123855
0.3163256940482448
0.3250254109948121
0.3350860968281042
0.3473925152463514
0.359112365040769
0.3705434888101515
0.3819505745840467
0.3941942774996396
0.4028225559106579
0.4144441415221475
0.4280979735523031
0.4359771578937677
0.4423620230125148
0.451941869866895
0.4567996391522391
0.4629574613989272
0.463546598952861
0.4248803400517559
0.3831539886822678
0.3433184067235382
0.299059982818747
0.256982300832514
0.2169598990319905
0.1816723043018395
0.1304553793523937
0.0930385205639187
0.0425401152777776
0.0029048240620994