0.0052656901290587
0.0053017390331484
0.0052798085931161
0.0052434116548108
0.0053342297389369
0.0052188325577101
0.0053027159436112
0.0051483496300646
0.0051897454806418
0.0051138601812798
0.0052673832086902
0.0052191235709512
0.0052482115195456
0.0051094748760603
0.0051461397204125
0.0050266739864866
0.0051854899087241
0.0050916791168718
0.0051739303215379
0.0051732020438273
0.005073245720658
0.0049952184805744
0.0050784035391904
0.0049809519456586
0.0050441345228804
0.0050271834289725
0.0050484694786815
0.0048592201583432
0.0049005108305251
0.0048367030443614
0.0048377509563041
0.0049388763356548
0.0049002133087077
0.0048171432810972
0.0049416000329296
0.004845161126069
0.0049630421611208
0.0048553566020181
0.0049774748891767
0.0049045746229112
0.0048225404810771
0.0049359943969541
0.0047870549130858
0.0049319623377101
0.0050740974909474
0.0049442818744054
0.0050866346976944
0.00501631873098
0.005039744785434
0.0050806522384506
0.0050407097493552
0.0052440864033875
0.0052263060097377
0.0052199227799229
0.005209945281339
0.0051352749073428
0.0052776079808401
0.0051416695451404
0.0050890381712865
0.0052100534793462