0.002131721451964
0.0021505966868735
0.0021749334567648
0.0021919578249618
0.0021385946985257
0.0021672625324472
0.0021760717308086
0.0021768488263572
0.0021948965889611
0.0022135455482838
0.002185500035706
0.002234255327712
0.0022446690839965
0.0022479623566411
0.0022366413678672
0.0022521082419992
0.0022416417999263
0.0022580554886517
0.0022435500683852
0.0022259210976172
0.0022032886117921
0.0022131604601127
0.0021716472073476
0.0021768732038401
0.002175686404599
0.0021842715164106
0.0021596298820017
0.0021500678068417
0.0021220827980779
0.0021466953985859
0.0021417622090283
0.0021590506510181
0.0021481367118222
0.0021691683356408
0.0021392911101053
0.0021501320954912
0.0021565421991204
0.0021657470684348
0.0021823147157306
0.0021884098134577
0.0021801579901387
0.0022089857865213
0.0021823030744051
0.0021800305717754
0.0021720946775006
0.0021790222903528
0.00215040915669
0.0021579077644723
0.0021555320099176
0.0021502783162164
0.0021767954213437
0.0021582135528047
0.0021479274576273
0.0021724141056373
0.0021833431871207
0.0021572405735806
0.0021649690492917
0.0021505415715979
0.002119239768431
0.0046808709243141