0.3564344562972408
0.4739067807591969
0.5471213318571392
0.6398691145338633
0.749285389245254
0.8763192278057791
0.9870064029744944
1.1135132234346656
1.1756863450244837
1.4317882339363717
1.5863269722207074
1.6979756218408322
1.832512942151316
1.7894920840628272
2.0946990787554727
2.203967511068607
2.3314512283737026
2.3805359599451874
2.559341210068343
2.478913299379761
2.7638431300417445
2.867090904143049
2.985066571902426
3.118877163421092
2.8509738704883394
3.2617951645696865
3.39565771228944
3.477173147919697
3.346556428426718
3.573333859397286
3.643134183119313
3.451797879801941
3.5301698904960017
3.7149462511946254
3.714309273857268
3.752957708893638
3.734005069406335
3.737529342851475
3.730687311310379
3.3943053904253966
3.389834425101019
3.415195263124769
3.3281249826914565
3.3281249826914565
3.1703869322553127
3.1504420440016827
3.079908924878887
3.0106368846899905
2.732594368842418
2.894973871960411
2.900660770380109
2.738573798420965
2.806374963906717
2.5589558966586914
2.2739492490398936
2.2739492490398936
1.9203407852036127
1.6518438238237287
1.281149562789334
1.017571970617248