10.0
10.0
10.0
10.0
10.0
10.0
10.0
10.0
10.0
10.0
10.0
10.0
0.0
0.0
0.0
0.0
0.0
0.0
0.0
0.0
0.0
0.0
0.0
0.0
0.0
0.0
0.0
0.0
0.0
0.0
0.0
0.0
0.0
0.0
0.0
0.0
0.0
0.0
0.0
0.0
0.0
0.0
0.0
0.0
0.0
0.0
0.0
0.0
0.0
0.0
0.0
0.0
40.0
48.0
64.0
64.0
73.0
79.0
98.0
99.0
106.0
109.0
120.0
132.0
146.0
128.0
140.0
145.0
149.0
118.0
152.0
156.0
106.0
97.0
79.0
108.0
47.0
74.0
44.0
48.0
32.0
38.0
36.0
18.0
20.0
6.0
13.0
2.0
6.0
2.0
0.0
2.0
0.0
0.0
0.0
0.0
0.0
0.0
0.0
0.0
0.0
0.0
0.0
0.0
0.0
0.0
0.0
0.0
0.0
0.0
0.0
0.0
0.0
0.0
0.0
0.0
0.0
0.0
8.0
11.0
11.0
22.0
12.0
49.0
24.0
55.0
28.0
52.0
83.0
88.0
80.0
83.0
117.0
100.0
125.0
117.0
106.0
142.0
117.0
109.0
103.0
107.0
129.0
116.0
102.0
100.0
99.0
62.0
77.0
84.0
51.0
73.0
37.0
39.0
50.0
14.0
33.0
13.0
19.0
5.0
1.0
13.0
2.0
0.0
6.0
0.0
2.0
0.0
0.0
0.0
0.0
0.0
0.0
0.0
0.0
0.0
0.0
0.0
0.0
0.0
0.0
0.0
0.0
0.0
0.0
0.0
0.0
0.0
0.0
2.0
6.0
24.0
19.0
23.0
30.0
32.0
44.0
43.0
77.0
56.0
88.0
73.0
109.0
79.0
109.0
98.0
119.0
84.0
115.0
101.0
111.0
106.0
93.0
135.0
94.0
92.0
128.0
82.0
83.0
88.0
64.0
56.0
62.0
55.0
42.0
52.0
37.0
41.0
26.0
20.0
34.0
7.0
15.0
18.0
4.0
12.0
10.0
6.0
6.0
2.0
0.0
0.0
0.0
0.0
0.0
0.0
0.0
0.0
0.0
0.0
0.0
0.0
0.0
0.0
0.0
0.0
0.0
0.0
0.0
0.0
0.0
3.0
13.0
19.0
29.0
34.0
21.0
46.0
73.0
60.0
50.0
80.0
73.0
94.0
92.0
125.0
100.0
91.0
103.0
123.0
111.0
88.0
119.0
83.0
110.0
102.0
77.0
100.0
81.0
80.0
63.0
66.0