0.0971436625116892
0.0957691802767891
0.0966025418050941
0.0946035866157713
0.0964843826686435
0.0958641319601535
0.0946578771570399
0.093267963716623
0.0905458034864998
0.0908201920705329
0.0891089732548089
0.0894397245160596
0.09049436848811
0.0885609047627575
0.0897500808809934
0.0877000258271756
0.0862140117199833
0.0867723522964886
0.0875941178581146
0.0869665566404791
0.0879576435502408
0.0884288130271862
0.0873166886468927
0.0847061746318103
0.0857863878442349
0.0842411268701192
0.0826523922299014
0.0828126530000734
0.0844200389510482
0.0836363663084145
0.0848418626506054
0.0832191073813398
0.0843424491591667
0.0829871188782466
0.0868308900047652
0.0870820598410884
0.0885976499794537
0.087920388647316
0.0876568266652128
0.0869037945590828
0.0873803922802158
0.0872971600305091
0.087421885277911
0.0855217072010864
0.0863889808514494
0.0857944138165313
0.0837033474670358
0.0818212574268327
0.0834841203905132
0.0833628520491854
0.0831103177179036
0.0831947843958663
0.0818017878163419
0.0836899190901896
0.0836987455623446
0.0820206209776317
0.0797910124905308
0.0818581613612857
0.0819519067623507
0.0808735406037544