0.0013170280763562
0.0013125014693386
0.0012976441358419
0.0012979434129251
0.0013075116537798
0.0013149309350922
0.0013534487283331
0.0013288521190261
0.0013488692734972
0.0013452041309403
0.0013617323995105
0.0013499095387454
0.0013887978858584
0.0013912670966569
0.0014042817069639
0.0014093562716349
0.0014118221296847
0.0014155324150564
0.0014184690185762
0.0014186636910677
0.0014245666690941
0.0014503130122495
0.0014500374712236
0.0014370020652547
0.0014432159416374
0.0014510669425421
0.0014474606307775
0.0014571041518255
0.0014634647338172
0.0014679286282932
0.0014594535633578
0.0014473501634313
0.0014133821339488
0.0014342574290483
0.0014243901150589
0.0014241420634336
0.0014127966508918
0.0014097045089003
0.0014059815672322
0.0013983034551017
0.001399053900424
0.001391029550611
0.001430995590797
0.0014541218002313
0.0014525708678507
0.0014668313811705
0.0014697416480668
0.0014712416812923
0.0014820197055242
0.0014730855591511
0.0014738026095196
0.0015110710336559
0.001530993772242
0.0015001831996394
0.00150756503159
0.0014924283812616
0.0014826889730715
0.001489854481741
0.0014927856959142
0.0014955679645056