0.0070145028333097
0.0070174114533558
0.0070446288223272
0.0070664352832209
0.0070680834140164
0.0070533207646218
0.007066072249001
0.0070479511112748
0.0070734676135336
0.0070910315617364
0.0070795064039773
0.0070872999084416
0.0070991873356116
0.0070732796052041
0.007026740429555
0.0070453455796096
0.0070696033903231
0.0070705939322585
0.0070782877831346
0.0070415995772446
0.0070776696425356
0.0070781155004364
0.0070921995392293
0.0070953904310996
0.0071225098410293
0.0071504342416507
0.0071289905746204
0.0071588616579275
0.0071321181004964
0.0071476140521113
0.0071882955077124
0.0071712635801345
0.0071853965963064
0.0071663637399609
0.0071566841888455
0.0071397339638678
0.0071560779572286
0.007124518546873
0.0070919639585276
0.0071073963794911
0.0070710714947555
0.007070911951644
0.0070582779074779
0.0070663527515795
0.0070721381186125
0.0070581280542146
0.0070911631227605
0.0070837795872859
0.0071100637115088
0.007116000251112
0.0071263441000072
0.0071425556549109
0.0071417637356714
0.0071644073965901
0.007155973206925
0.007151050191862
0.0071412896936936
0.007112586992049
0.0071240240250063
0.0071037183540264