0.0055057254998004
0.0057306836573925
0.0056536779834637
0.005671697052888
0.0055723954858412
0.0056924445694175
0.005634417530805
0.0057110348670681
0.0056205340528675
0.0056242254782845
0.0053991375584058
0.0056055112873815
0.0054540169621361
0.0054660736442634
0.0054590442006951
0.0056722327163654
0.0054994529470863
0.0057738048993716
0.0056772496820378
0.0058314201679155
0.0058518464264512
0.0060482621307436
0.0058753904089545
0.006023726146672
0.0060392874801082
0.0060634466941472
0.0058760408927365
0.0060629423663915
0.0058011989167011
0.005755539558543
0.0056963654825976
0.0057353779494863
0.0055679783013018
0.0055812232314693
0.0055403308517028
0.0055398654942965
0.0053905982974828
0.0054100738887961
0.0051867215441384
0.0052414431557871
0.0053122736064927
0.0052666644780992
0.0051684035241007
0.0052189181119649
0.0050366718767018
0.0050530028793914
0.0049438584503189
0.0050382541426347
0.004974253521882
0.0050241473894025
0.0049729605808742
0.0049711697373436
0.0049432122571279
0.0049272464023547
0.0048108537705984
0.0050350267848861
0.0049727505893446
0.005201796613564
0.0051362512824166
0.0052336186554902