0.0052580052463627
0.0054389832677533
0.0053684745524182
0.0056012048717301
0.0054362249077118
0.0055020725868163
0.0052358604972878
0.0054651781051404
0.0053791969263165
0.0056268679538106
0.0054670300937891
0.0055946208279668
0.005379562846431
0.0053949543025947
0.0051641633368835
0.0054008883290747
0.0053655624875602
0.0055946408938141
0.005463203111588
0.0056639900969163
0.0056249872124629
0.0056776637597949
0.0056037991037017
0.0058215004891659
0.0057573842996872
0.0059052049380482
0.0058222500818985
0.0059572131287919
0.005808799618462
0.0059227411989447
0.0057541652522787
0.0058909582059669
0.0058970620202751
0.005919635228593
0.0056935623698176
0.0057908165783203
0.005712016886534
0.0056555538304725
0.0054654898143792
0.005565074305953
0.0053685824400485
0.0054748867102396
0.0052528195158931
0.0053164123148869
0.0052732409130246
0.0054531075655921
0.0053461427104537
0.0053963167233746
0.0054086175946879
0.0053509392124841
0.0051486760039432
0.0052114016872279
0.0051001865648689
0.0052178345612252
0.0051492850787565
0.0051489505325188
0.0049804873975709
0.0052035850167735
0.0051726448054219
0.0052953835911742